     i         log_r      log_rmid             m           rho            v2             p        trelax            kn
     0  -2.131067e+00  -2.432097e+00  4.936565e-05  3.526594e+02  1.397893e-01  4.929800e+01  7.584162e-03  1.899615e+00
     1  -2.116418e+00  -2.123681e+00  5.419782e-05  3.440748e+02  1.397816e-01  4.809533e+01  7.773599e-03  1.923219e+00
     2  -2.101925e+00  -2.109111e+00  5.950000e-05  3.435043e+02  1.397758e-01  4.801359e+01  7.786670e-03  1.924855e+00
     3  -2.087549e+00  -2.094677e+00  6.531955e-05  3.428742e+02  1.397824e-01  4.792777e+01  7.800797e-03  1.926578e+00
     4  -2.073262e+00  -2.080347e+00  7.170956e-05  3.422456e+02  1.397751e-01  4.783743e+01  7.815326e-03  1.928396e+00
     5  -2.059069e+00  -2.066108e+00  7.871809e-05  3.415556e+02  1.397789e-01  4.774226e+01  7.831010e-03  1.930317e+00
     6  -2.044948e+00  -2.051951e+00  8.640670e-05  3.408461e+02  1.397755e-01  4.764194e+01  7.847406e-03  1.932348e+00
     7  -2.030875e+00  -2.037854e+00  9.484598e-05  3.400874e+02  1.397759e-01  4.753602e+01  7.864902e-03  1.934500e+00
     8  -2.016845e+00  -2.023803e+00  1.041061e-04  3.392900e+02  1.397745e-01  4.742409e+01  7.883425e-03  1.936782e+00
     9  -2.002852e+00  -2.009792e+00  1.142643e-04  3.384453e+02  1.397737e-01  4.730576e+01  7.903123e-03  1.939202e+00
    10  -1.988893e+00  -1.995816e+00  1.254043e-04  3.375527e+02  1.397726e-01  4.718063e+01  7.924052e-03  1.941772e+00
    11  -1.974952e+00  -1.981867e+00  1.376269e-04  3.366082e+02  1.397716e-01  4.704826e+01  7.946316e-03  1.944502e+00
    12  -1.961029e+00  -1.967935e+00  1.510336e-04  3.356087e+02  1.397704e-01  4.690817e+01  7.970016e-03  1.947403e+00
    13  -1.947114e+00  -1.954016e+00  1.657433e-04  3.345505e+02  1.397692e-01  4.675986e+01  7.995259e-03  1.950489e+00
    14  -1.933218e+00  -1.940110e+00  1.818648e-04  3.334307e+02  1.397679e-01  4.660291e+01  8.022148e-03  1.953771e+00
    15  -1.919321e+00  -1.926214e+00  1.995513e-04  3.322455e+02  1.397665e-01  4.643680e+01  8.050805e-03  1.957262e+00
    16  -1.905431e+00  -1.912320e+00  2.189405e-04  3.309909e+02  1.397651e-01  4.626097e+01  8.081363e-03  1.960978e+00
    17  -1.891539e+00  -1.898429e+00  2.402008e-04  3.296631e+02  1.397635e-01  4.607488e+01  8.113957e-03  1.964934e+00
    18  -1.877643e+00  -1.884535e+00  2.635142e-04  3.282578e+02  1.397618e-01  4.587792e+01  8.148743e-03  1.969148e+00
    19  -1.863745e+00  -1.870638e+00  2.890647e-04  3.267709e+02  1.397601e-01  4.566952e+01  8.185875e-03  1.973635e+00
    20  -1.849839e+00  -1.856736e+00  3.170727e-04  3.251979e+02  1.397582e-01  4.544907e+01  8.225524e-03  1.978416e+00
    21  -1.835928e+00  -1.842828e+00  3.477602e-04  3.235345e+02  1.397562e-01  4.521594e+01  8.267875e-03  1.983510e+00
    22  -1.822002e+00  -1.828909e+00  3.813997e-04  3.217756e+02  1.397540e-01  4.496943e+01  8.313134e-03  1.988939e+00
    23  -1.808063e+00  -1.814977e+00  4.182554e-04  3.199160e+02  1.397517e-01  4.470881e+01  8.361524e-03  1.994728e+00
    24  -1.794108e+00  -1.801030e+00  4.586397e-04  3.179509e+02  1.397493e-01  4.443341e+01  8.413277e-03  2.000900e+00
    25  -1.780134e+00  -1.787065e+00  5.028839e-04  3.158747e+02  1.397467e-01  4.414243e+01  8.468655e-03  2.007484e+00
    26  -1.766144e+00  -1.773082e+00  5.513328e-04  3.136824e+02  1.397439e-01  4.383519e+01  8.527927e-03  2.014507e+00
    27  -1.752130e+00  -1.759081e+00  6.043959e-04  3.113684e+02  1.397409e-01  4.351090e+01  8.591394e-03  2.022000e+00
    28  -1.738092e+00  -1.745055e+00  6.625023e-04  3.089268e+02  1.397377e-01  4.316873e+01  8.659395e-03  2.029998e+00
    29  -1.724027e+00  -1.731003e+00  7.261187e-04  3.063518e+02  1.397343e-01  4.280786e+01  8.732288e-03  2.038536e+00
    30  -1.709933e+00  -1.716923e+00  7.957575e-04  3.036375e+02  1.397307e-01  4.242748e+01  8.810462e-03  2.047654e+00
    31  -1.695807e+00  -1.702813e+00  8.719757e-04  3.007779e+02  1.397268e-01  4.202674e+01  8.894349e-03  2.057393e+00
    32  -1.681646e+00  -1.688669e+00  9.553798e-04  2.977670e+02  1.397227e-01  4.160480e+01  8.984418e-03  2.067799e+00
    33  -1.667445e+00  -1.674488e+00  1.046648e-03  2.945985e+02  1.397182e-01  4.116078e+01  9.081193e-03  2.078923e+00
    34  -1.653205e+00  -1.660267e+00  1.146471e-03  2.912665e+02  1.397135e-01  4.069386e+01  9.185235e-03  2.090815e+00
    35  -1.638920e+00  -1.646004e+00  1.255647e-03  2.877654e+02  1.397084e-01  4.020324e+01  9.297158e-03  2.103535e+00
    36  -1.624587e+00  -1.631694e+00  1.375032e-03  2.840888e+02  1.397029e-01  3.968804e+01  9.417663e-03  2.117144e+00
    37  -1.610202e+00  -1.617335e+00  1.505545e-03  2.802311e+02  1.396971e-01  3.914747e+01  9.547507e-03  2.131711e+00
    38  -1.595760e+00  -1.602921e+00  1.648199e-03  2.761869e+02  1.396908e-01  3.858077e+01  9.687530e-03  2.147310e+00
    39  -1.581259e+00  -1.588449e+00  1.804073e-03  2.719508e+02  1.396841e-01  3.798721e+01  9.838664e-03  2.164021e+00
    40  -1.566691e+00  -1.573914e+00  1.974373e-03  2.675181e+02  1.396769e-01  3.736609e+01  1.000195e-02  2.181933e+00
    41  -1.552055e+00  -1.559311e+00  2.160369e-03  2.628841e+02  1.396691e-01  3.671680e+01  1.017854e-02  2.201140e+00
    42  -1.537342e+00  -1.544636e+00  2.363462e-03  2.580452e+02  1.396608e-01  3.603879e+01  1.036972e-02  2.221749e+00
    43  -1.522548e+00  -1.529882e+00  2.585179e-03  2.529976e+02  1.396518e-01  3.533157e+01  1.057695e-02  2.243875e+00
    44  -1.507666e+00  -1.515043e+00  2.827132e-03  2.477389e+02  1.396421e-01  3.459479e+01  1.080183e-02  2.267644e+00
    45  -1.492691e+00  -1.500114e+00  3.091098e-03  2.422676e+02  1.396317e-01  3.382824e+01  1.104619e-02  2.293192e+00
    46  -1.477615e+00  -1.485087e+00  3.379000e-03  2.365826e+02  1.396205e-01  3.303178e+01  1.131208e-02  2.320674e+00
    47  -1.462429e+00  -1.469955e+00  3.692910e-03  2.306841e+02  1.396084e-01  3.220543e+01  1.160183e-02  2.350258e+00
    48  -1.447127e+00  -1.454710e+00  4.035052e-03  2.245736e+02  1.395952e-01  3.134941e+01  1.191807e-02  2.382130e+00
    49  -1.431698e+00  -1.439344e+00  4.407852e-03  2.182538e+02  1.395810e-01  3.046410e+01  1.226380e-02  2.416495e+00
    50  -1.416134e+00  -1.423847e+00  4.813901e-03  2.117290e+02  1.395657e-01  2.955010e+01  1.264242e-02  2.453583e+00
    51  -1.400425e+00  -1.408209e+00  5.256005e-03  2.050050e+02  1.395490e-01  2.860823e+01  1.305787e-02  2.493645e+00
    52  -1.384558e+00  -1.392419e+00  5.737179e-03  1.980893e+02  1.395309e-01  2.763957e+01  1.351462e-02  2.536965e+00
    53  -1.368523e+00  -1.376467e+00  6.260674e-03  1.909914e+02  1.395111e-01  2.664543e+01  1.401786e-02  2.583859e+00
    54  -1.352306e+00  -1.360339e+00  6.829969e-03  1.837227e+02  1.394897e-01  2.562742e+01  1.457358e-02  2.634679e+00
    55  -1.335893e+00  -1.344022e+00  7.448814e-03  1.762968e+02  1.394662e-01  2.458745e+01  1.518872e-02  2.689821e+00
    56  -1.319270e+00  -1.327502e+00  8.121212e-03  1.687295e+02  1.394406e-01  2.352773e+01  1.587137e-02  2.749730e+00
    57  -1.302419e+00  -1.310763e+00  8.851470e-03  1.610388e+02  1.394125e-01  2.245081e+01  1.663102e-02  2.814908e+00
    58  -1.285324e+00  -1.293788e+00  9.644182e-03  1.532451e+02  1.393816e-01  2.135955e+01  1.747876e-02  2.885919e+00
    59  -1.267966e+00  -1.276558e+00  1.050426e-02  1.453713e+02  1.393477e-01  2.025715e+01  1.842772e-02  2.963405e+00
    60  -1.250323e+00  -1.259055e+00  1.143695e-02  1.374424e+02  1.393103e-01  1.914713e+01  1.949341e-02  3.048094e+00
    61  -1.232374e+00  -1.241256e+00  1.244786e-02  1.294858e+02  1.392689e-01  1.803334e+01  2.069431e-02  3.140813e+00
    62  -1.214095e+00  -1.223138e+00  1.354293e-02  1.215310e+02  1.392230e-01  1.691991e+01  2.205248e-02  3.242508e+00
    63  -1.195460e+00  -1.204678e+00  1.472852e-02  1.136095e+02  1.391721e-01  1.581127e+01  2.359442e-02  3.354261e+00
    64  -1.176441e+00  -1.185846e+00  1.601134e-02  1.057544e+02  1.391153e-01  1.471206e+01  2.535211e-02  3.477310e+00
    65  -1.157008e+00  -1.166616e+00  1.739855e-02  9.800036e+01  1.390518e-01  1.362713e+01  2.736428e-02  3.613083e+00
    66  -1.137129e+00  -1.146955e+00  1.889767e-02  9.038289e+01  1.389807e-01  1.256147e+01  2.967813e-02  3.763222e+00
    67  -1.116769e+00  -1.126829e+00  2.051673e-02  8.293804e+01  1.389006e-01  1.152014e+01  3.235148e-02  3.929626e+00
    68  -1.095891e+00  -1.106204e+00  2.226415e-02  7.570180e+01  1.388103e-01  1.050819e+01  3.545545e-02  4.114492e+00
    69  -1.074456e+00  -1.085041e+00  2.414882e-02  6.870951e+01  1.387079e-01  9.530554e+00  3.907802e-02  4.320371e+00
    70  -1.052422e+00  -1.063299e+00  2.618008e-02  6.199512e+01  1.385917e-01  8.592006e+00  4.332853e-02  4.550225e+00
    71  -1.029746e+00  -1.040936e+00  2.836777e-02  5.559050e+01  1.384591e-01  7.697009e+00  4.834357e-02  4.807498e+00
    72  -1.006381e+00  -1.017906e+00  3.072217e-02  4.952460e+01  1.383074e-01  6.849617e+00  5.429457e-02  5.096207e+00
    73  -9.822811e-01  -9.941639e-01  3.325405e-02  4.382273e+01  1.381332e-01  6.053374e+00  6.139762e-02  5.421025e+00
    74  -9.573978e-01  -9.696613e-01  3.597467e-02  3.850581e+01  1.379326e-01  5.311208e+00  6.992625e-02  5.787400e+00
    75  -9.316839e-01  -9.443506e-01  3.889574e-02  3.358966e+01  1.377010e-01  4.625332e+00  8.022796e-02  6.201671e+00
    76  -9.050931e-01  -9.181850e-01  4.202943e-02  2.908451e+01  1.374329e-01  3.997169e+00  9.274551e-02  6.671199e+00
    77  -8.775824e-01  -8.911199e-01  4.538839e-02  2.499450e+01  1.371219e-01  3.427292e+00  1.080444e-01  7.204512e+00
    78  -8.491137e-01  -8.631148e-01  4.898570e-02  2.131750e+01  1.367606e-01  2.915394e+00  1.268479e-01  7.811448e+00
    79  -8.196564e-01  -8.341353e-01  5.283486e-02  1.804514e+01  1.363407e-01  2.460287e+00  1.500814e-01  8.503295e+00
    80  -7.891899e-01  -8.041560e-01  5.694977e-02  1.516310e+01  1.358528e-01  2.059949e+00  1.789278e-01  9.292913e+00
    81  -7.577066e-01  -7.731630e-01  6.134473e-02  1.265158e+01  1.352867e-01  1.711590e+00  2.148958e-01  1.019484e+01
    82  -7.252146e-01  -7.411568e-01  6.603438e-02  1.048613e+01  1.346315e-01  1.411764e+00  2.599030e-01  1.122533e+01
    83  -6.917406e-01  -7.081552e-01  7.103366e-02  8.638678e+00  1.338762e-01  1.156513e+00  3.163742e-01  1.240237e+01
    84  -6.573318e-01  -6.741955e-01  7.635782e-02  7.078628e+00  1.330100e-01  9.415285e-01  3.873546e-01  1.374559e+01
    85  -6.220566e-01  -6.393361e-01  8.202236e-02  5.774099e+00  1.320233e-01  7.623159e-01  4.766399e-01  1.527611e+01
    86  -5.860049e-01  -6.036567e-01  8.804291e-02  4.693124e+00  1.309084e-01  6.143692e-01  5.889173e-01  1.701631e+01
    87  -5.492855e-01  -5.672572e-01  9.443531e-02  3.804714e+00  1.296601e-01  4.933195e-01  7.299194e-01  1.898961e+01
    88  -5.120233e-01  -5.302549e-01  1.012155e-01  3.079757e+00  1.282770e-01  3.950619e-01  9.065864e-01  2.122011e+01
    89  -4.743540e-01  -4.927804e-01  1.083993e-01  2.491673e+00  1.267615e-01  3.158484e-01  1.127237e+00  2.373236e+01
    90  -4.364187e-01  -4.549723e-01  1.160028e-01  2.016814e+00  1.251206e-01  2.523450e-01  1.401747e+00  2.655112e+01
    91  -3.983582e-01  -4.169716e-01  1.240417e-01  1.634630e+00  1.233650e-01  2.016560e-01  1.741746e+00  2.970124e+01
    92  -3.603076e-01  -3.789163e-01  1.325317e-01  1.327631e+00  1.215089e-01  1.613190e-01  2.160819e+00  3.320759e+01
    93  -3.223910e-01  -3.409356e-01  1.414884e-01  1.081200e+00  1.195692e-01  1.292783e-01  2.674755e+00  3.709517e+01
    94  -2.847195e-01  -3.031469e-01  1.509269e-01  8.833056e-01  1.175643e-01  1.038452e-01  3.301804e+00  4.138919e+01
    95  -2.473882e-01  -2.656529e-01  1.608620e-01  7.241680e-01  1.155129e-01  8.365072e-02  4.062988e+00  4.611533e+01
    96  -2.104757e-01  -2.285399e-01  1.713083e-01  5.959186e-01  1.134330e-01  6.759685e-02  4.982454e+00  5.129995e+01
    97  -1.740450e-01  -1.918785e-01  1.822795e-01  4.922730e-01  1.113415e-01  5.481041e-02  6.087871e+00  5.697032e+01
    98  -1.381443e-01  -1.557238e-01  1.937892e-01  4.082380e-01  1.092530e-01  4.460122e-02  7.410883e+00  6.315486e+01
    99  -1.028084e-01  -1.201171e-01  2.058502e-01  3.398593e-01  1.071799e-01  3.642608e-02  8.987610e+00  6.988338e+01
   100  -6.806132e-02  -8.508747e-02  2.184746e-01  2.840101e-01  1.051322e-01  2.985861e-02  1.085921e+01  7.718722e+01
   101  -3.391741e-02  -5.065390e-02  2.316738e-01  2.382183e-01  1.031175e-01  2.456447e-02  1.307250e+01  8.509939e+01
   102  -3.837068e-04  -1.682698e-02  2.454583e-01  2.005271e-01  1.011411e-01  2.028154e-02  1.568062e+01  9.365474e+01
   103  3.253879e-02  1.638944e-02  2.598382e-01  1.693840e-01  9.920668e-02  1.680403e-02  1.874378e+01  1.028901e+02
   104  6.485344e-02  4.899660e-02  2.748221e-01  1.435547e-01  9.731596e-02  1.397017e-02  2.233009e+01  1.128442e+02
   105  9.656707e-02  8.099967e-02  2.904183e-01  1.220541e-01  9.546948e-02  1.165245e-02  2.651644e+01  1.235582e+02
   106  1.276888e-01  1.124066e-01  3.066336e-01  1.040935e-01  9.366671e-02  9.750092e-03  3.138947e+01  1.350753e+02
   107  1.582296e-01  1.432276e-01  3.234744e-01  8.903863e-02  9.190627e-02  8.183208e-03  3.704665e+01  1.474410e+02
   108  1.882013e-01  1.734740e-01  3.409456e-01  7.637804e-02  9.018621e-02  6.888246e-03  4.359748e+01  1.607037e+02
   109  2.176167e-01  2.031580e-01  3.590513e-01  6.569725e-02  8.850413e-02  5.814478e-03  5.116477e+01  1.749141e+02
   110  2.464888e-01  2.322926e-01  3.777946e-01  5.665921e-02  8.685739e-02  4.921271e-03  5.988611e+01  1.901260e+02
   111  2.748307e-01  2.608909e-01  3.971776e-01  4.898886e-02  8.524314e-02  4.175964e-03  6.991542e+01  2.063962e+02
   112  3.026556e-01  2.889660e-01  4.172011e-01  4.246080e-02  8.365849e-02  3.552206e-03  8.142482e+01  2.237850e+02
   113  3.299767e-01  3.165310e-01  4.378652e-01  3.688974e-02  8.210052e-02  3.028667e-03  9.460660e+01  2.423564e+02
   114  3.568068e-01  3.435989e-01  4.591688e-01  3.212283e-02  8.056635e-02  2.588019e-03  1.096754e+02  2.621781e+02
   115  3.831586e-01  3.701826e-01  4.811098e-01  2.803356e-02  7.905318e-02  2.216142e-03  1.268709e+02  2.833227e+02
   116  4.090447e-01  3.962945e-01  5.036853e-01  2.451689e-02  7.755832e-02  1.901489e-03  1.464605e+02  3.058674e+02
   117  4.344773e-01  4.219471e-01  5.268910e-01  2.148535e-02  7.607919e-02  1.634588e-03  1.687426e+02  3.298952e+02
   118  4.594685e-01  4.471526e-01  5.507220e-01  1.886587e-02  7.461336e-02  1.407646e-03  1.940505e+02  3.554949e+02
   119  4.840303e-01  4.719230e-01  5.751725e-01  1.659727e-02  7.315855e-02  1.214232e-03  2.227567e+02  3.827624e+02
   120  5.081745e-01  4.962702e-01  6.002355e-01  1.462815e-02  7.171266e-02  1.049023e-03  2.552776e+02  4.118012e+02
   121  5.319129e-01  5.202059e-01  6.259034e-01  1.291523e-02  7.027377e-02  9.076021e-04  2.920795e+02  4.427233e+02
   122  5.552570e-01  5.437418e-01  6.521678e-01  1.142199e-02  6.884020e-02  7.862922e-04  3.336853e+02  4.756507e+02
   123  5.782187e-01  5.668896e-01  6.790192e-01  1.011750e-02  6.741050e-02  6.820259e-04  3.806825e+02  5.107163e+02
   124  6.008097e-01  5.896611e-01  7.064475e-01  8.975539e-03  6.598348e-02  5.922373e-04  4.337324e+02  5.480653e+02
   125  6.230418e-01  6.120680e-01  7.344420e-01  7.973791e-03  6.455829e-02  5.147744e-04  4.935818e+02  5.878570e+02
   126  6.449273e-01  6.341224e-01  7.629909e-01  7.093249e-03  6.313444e-02  4.478283e-04  5.610759e+02  6.302667e+02
   127  6.664785e-01  6.558366e-01  7.920820e-01  6.317672e-03  6.171184e-02  3.898752e-04  6.371749e+02  6.754876e+02
   128  6.877084e-01  6.772232e-01  8.217023e-01  5.633158e-03  6.029085e-02  3.396279e-04  7.229734e+02  7.237331e+02
   129  7.086303e-01  6.982953e-01  8.518383e-01  5.027783e-03  5.887236e-02  2.959975e-04  8.197242e+02  7.752400e+02
   130  7.292583e-01  7.190668e-01  8.824756e-01  4.491300e-03  5.745778e-02  2.580602e-04  9.288668e+02  8.302706e+02
   131  7.496072e-01  7.395519e-01  9.135995e-01  4.014892e-03  5.604911e-02  2.250311e-04  1.052063e+03  8.891169e+02
   132  7.696928e-01  7.597661e-01  9.451942e-01  3.590959e-03  5.464889e-02  1.962419e-04  1.191239e+03  9.521037e+02
   133  7.895319e-01  7.797256e-01  9.772439e-01  3.212949e-03  5.326020e-02  1.711223e-04  1.348636e+03  1.019593e+03
   134  8.091423e-01  7.994478e-01  1.009732e+00  2.875209e-03  5.188657e-02  1.491847e-04  1.526874e+03  1.091988e+03
   135  8.285430e-01  8.189510e-01  1.042640e+00  2.572866e-03  5.053182e-02  1.300116e-04  1.729021e+03  1.169739e+03
   136  8.477544e-01  8.382549e-01  1.075952e+00  2.301723e-03  4.919990e-02  1.132445e-04  1.958686e+03  1.253348e+03
   137  8.667975e-01  8.573803e-01  1.109648e+00  2.058169e-03  4.789465e-02  9.857530e-05  2.220115e+03  1.343371e+03
   138  8.856943e-01  8.763487e-01  1.143710e+00  1.839108e-03  4.661944e-02  8.573821e-05  2.518310e+03  1.440433e+03
   139  9.044675e-01  8.951823e-01  1.178117e+00  1.641885e-03  4.537698e-02  7.450380e-05  2.859166e+03  1.545222e+03
   140  9.231395e-01  9.139038e-01  1.212849e+00  1.464227e-03  4.416892e-02  6.467333e-05  3.249624e+03  1.658508e+03
   141  9.417327e-01  9.325356e-01  1.247886e+00  1.304183e-03  4.299572e-02  5.607428e-05  3.697847e+03  1.781141e+03
   142  9.602681e-01  9.510992e-01  1.283205e+00  1.160068e-03  4.185655e-02  4.855642e-05  4.213422e+03  1.914066e+03
   143  9.787654e-01  9.696152e-01  1.318783e+00  1.030413e-03  4.074930e-02  4.198860e-05  4.807604e+03  2.058328e+03
   144  9.972424e-01  9.881021e-01  1.354598e+00  9.139185e-04  3.967088e-02  3.625595e-05  5.493594e+03  2.215085e+03
   145  1.015714e+00  1.006576e+00  1.390626e+00  8.094155e-04  3.861758e-02  3.125767e-05  6.286891e+03  2.385623e+03
   146  1.034194e+00  1.025052e+00  1.426840e+00  7.158347e-04  3.758545e-02  2.690497e-05  7.205720e+03  2.571366e+03
   147  1.052692e+00  1.043541e+00  1.463217e+00  6.321870e-04  3.657076e-02  2.311956e-05  8.271560e+03  2.773897e+03
   148  1.071217e+00  1.062053e+00  1.499727e+00  5.575518e-04  3.557026e-02  1.983226e-05  9.509797e+03  2.994981e+03
   149  1.089775e+00  1.080595e+00  1.536345e+00  4.910713e-04  3.458139e-02  1.698193e-05  1.095051e+04  3.236582e+03
   150  1.108372e+00  1.099173e+00  1.573040e+00  4.319491e-04  3.360225e-02  1.451446e-05  1.262942e+04  3.500900e+03
   151  1.127011e+00  1.117791e+00  1.609784e+00  3.794491e-04  3.263154e-02  1.238201e-05  1.458907e+04  3.790396e+03
   152  1.145696e+00  1.136454e+00  1.646545e+00  3.328954e-04  3.166847e-02  1.054229e-05  1.688024e+04  4.107832e+03
   153  1.164429e+00  1.155163e+00  1.683291e+00  2.916704e-04  3.071263e-02  8.957966e-06  1.956362e+04  4.456311e+03
   154  1.183211e+00  1.173921e+00  1.719987e+00  2.552119e-04  2.976385e-02  7.596090e-06  2.271195e+04  4.839328e+03
   155  1.202043e+00  1.192729e+00  1.756600e+00  2.230105e-04  2.882215e-02  6.427641e-06  2.641263e+04  5.260831e+03
   156  1.220926e+00  1.211587e+00  1.793094e+00  1.946049e-04  2.788766e-02  5.427073e-06  3.077091e+04  5.725288e+03
   157  1.239861e+00  1.230497e+00  1.829431e+00  1.695790e-04  2.696073e-02  4.571973e-06  3.591386e+04  6.237755e+03
   158  1.258847e+00  1.249458e+00  1.865571e+00  1.475581e-04  2.604186e-02  3.842688e-06  4.199531e+04  6.803973e+03
   159  1.277884e+00  1.268470e+00  1.901475e+00  1.282060e-04  2.513146e-02  3.222005e-06  4.920200e+04  7.430484e+03
   160  1.296972e+00  1.287533e+00  1.937101e+00  1.112215e-04  2.422989e-02  2.694884e-06  5.776112e+04  8.124752e+03
   161  1.316109e+00  1.306646e+00  1.972406e+00  9.633391e-05  2.333770e-02  2.248212e-06  6.795036e+04  8.895319e+03
   162  1.335296e+00  1.325809e+00  2.007345e+00  8.330096e-05  2.245559e-02  1.870572e-06  8.011019e+04  9.751983e+03
   163  1.354532e+00  1.345021e+00  2.041872e+00  7.190767e-05  2.158388e-02  1.552046e-06  9.465860e+04  1.070601e+04
   164  1.373814e+00  1.364280e+00  2.075939e+00  6.196106e-05  2.072323e-02  1.284033e-06  1.121121e+05  1.177042e+04
   165  1.393142e+00  1.383586e+00  2.109499e+00  5.328947e-05  1.987427e-02  1.059090e-06  1.331107e+05  1.296026e+04
   166  1.412515e+00  1.402937e+00  2.142502e+00  4.574185e-05  1.903698e-02  8.707867e-07  1.584482e+05  1.429303e+04
   167  1.431932e+00  1.422332e+00  2.174895e+00  3.918038e-05  1.821279e-02  7.135841e-07  1.891225e+05  1.578911e+04
   168  1.451390e+00  1.441770e+00  2.206628e+00  3.348670e-05  1.740144e-02  5.827170e-07  2.263784e+05  1.747235e+04
   169  1.470888e+00  1.461248e+00  2.237647e+00  2.855303e-05  1.660406e-02  4.740960e-07  2.717946e+05  1.937077e+04
   170  1.490426e+00  1.480767e+00  2.267900e+00  2.428569e-05  1.582079e-02  3.842188e-07  3.273674e+05  2.151745e+04
   171  1.510003e+00  1.500325e+00  2.297331e+00  2.060053e-05  1.505268e-02  3.100932e-07  3.956532e+05  2.395157e+04
   172  1.529616e+00  1.519920e+00  2.325887e+00  1.742513e-05  1.429944e-02  2.491697e-07  4.799150e+05  2.671976e+04
   173  1.549262e+00  1.539550e+00  2.353516e+00  1.469568e-05  1.356036e-02  1.992788e-07  5.843522e+05  2.987787e+04
   174  1.568942e+00  1.559213e+00  2.380162e+00  1.235238e-05  1.283792e-02  1.585789e-07  7.144995e+05  3.349327e+04
   175  1.588655e+00  1.578910e+00  2.405774e+00  1.034493e-05  1.213283e-02  1.255132e-07  8.775897e+05  3.764744e+04
   176  1.608398e+00  1.598639e+00  2.430301e+00  8.631177e-06  1.144317e-02  9.876802e-08  1.083071e+06  4.243967e+04
   177  1.628170e+00  1.618396e+00  2.453693e+00  7.171521e-06  1.076989e-02  7.723650e-08  1.343640e+06  4.799200e+04
   178  1.647968e+00  1.638182e+00  2.475905e+00  5.931518e-06  1.011372e-02  5.998972e-08  1.676404e+06  5.445550e+04
   179  1.667791e+00  1.657993e+00  2.496892e+00  4.881759e-06  9.474059e-03  4.625007e-08  2.104533e+06  6.201889e+04
   180  1.687641e+00  1.677830e+00  2.516616e+00  3.995009e-06  8.853274e-03  3.536891e-08  2.660298e+06  7.092009e+04
   181  1.707512e+00  1.697690e+00  2.535041e+00  3.249892e-06  8.248745e-03  2.680753e-08  3.387951e+06  8.146138e+04
   182  1.727405e+00  1.717573e+00  2.552138e+00  2.625781e-06  7.662047e-03  2.011885e-08  4.350801e+06  9.403262e+04
   183  1.747317e+00  1.737475e+00  2.567883e+00  2.105538e-06  7.092738e-03  1.493403e-08  5.639363e+06  1.091419e+05
   184  1.767245e+00  1.757395e+00  2.582261e+00  1.674142e-06  6.540498e-03  1.094973e-08  7.385879e+06  1.274614e+05
   185  1.787190e+00  1.777332e+00  2.595264e+00  1.318220e-06  6.006213e-03  7.917512e-09  9.788398e+06  1.498945e+05
   186  1.807148e+00  1.797283e+00  2.606894e+00  1.026509e-06  5.489563e-03  5.635086e-09  1.314826e+07  1.776764e+05
   187  1.827116e+00  1.817246e+00  2.617165e+00  7.893316e-07  4.989432e-03  3.938316e-09  1.793556e+07  2.125323e+05
   188  1.847092e+00  1.837218e+00  2.626099e+00  5.978906e-07  4.507303e-03  2.694874e-09  2.491265e+07  2.569277e+05
   189  1.867069e+00  1.857195e+00  2.633735e+00  4.450907e-07  4.041328e-03  1.798758e-09  3.534186e+07  3.144806e+05
   190  1.887047e+00  1.877173e+00  2.640124e+00  3.243591e-07  3.593275e-03  1.165511e-09  5.143144e+07  3.906806e+05
   191  1.907016e+00  1.897146e+00  2.645332e+00  2.304768e-07  3.160716e-03  7.284718e-10  7.717560e+07  4.941670e+05
   192  1.926963e+00  1.917104e+00  2.649443e+00  1.586324e-07  2.744718e-03  4.354012e-10  1.203259e+08  6.391979e+05
   193  1.946876e+00  1.937033e+00  2.652556e+00  1.048384e-07  2.344933e-03  2.458390e-10  1.969765e+08  8.506575e+05
   194  1.966726e+00  1.956914e+00  2.654785e+00  6.566250e-08  1.961774e-03  1.288150e-10  3.438414e+08  1.175160e+06
   195  1.986456e+00  1.976703e+00  2.656266e+00  3.825168e-08  1.593147e-03  6.094056e-11  6.549702e+08  1.708547e+06
   196  2.005943e+00  1.996309e+00  2.657144e+00  2.004149e-08  1.241205e-03  2.487560e-11  1.416277e+09  2.674197e+06
   197  2.024749e+00  2.015448e+00  2.657579e+00  8.964403e-09  9.063512e-04  8.124898e-12  3.705360e+09  4.679196e+06
   198  2.038938e+00  2.031901e+00  2.657731e+00  3.597601e-09  6.019502e-04  2.165576e-12  1.132940e+10  9.063447e+06
   199  2.063054e+00  2.051163e+00  2.657754e+00  2.955810e-10  1.862788e-04  5.506047e-14  2.478802e+11  5.684080e+07
