     i         log_r      log_rmid             m           rho            v2             p        trelax            kn
     0  -1.703342e+00  -2.004372e+00  4.936565e-05  1.837296e+01  1.078407e-01  1.981353e+00  1.657408e-01  9.475436e+00
     1  -1.688865e+00  -1.696043e+00  5.419782e-05  1.815499e+01  1.078389e-01  1.957813e+00  1.677322e-01  9.532230e+00
     2  -1.674540e+00  -1.681643e+00  5.950000e-05  1.814094e+01  1.078345e-01  1.956220e+00  1.678654e-01  9.536111e+00
     3  -1.660330e+00  -1.667377e+00  6.531955e-05  1.812447e+01  1.078401e-01  1.954545e+00  1.680136e-01  9.540197e+00
     4  -1.646208e+00  -1.653212e+00  7.170956e-05  1.810901e+01  1.078346e-01  1.952779e+00  1.681613e-01  9.544510e+00
     5  -1.632176e+00  -1.639135e+00  7.871809e-05  1.809117e+01  1.078380e-01  1.950916e+00  1.683245e-01  9.549066e+00
     6  -1.618214e+00  -1.625139e+00  8.640670e-05  1.807332e+01  1.078357e-01  1.948949e+00  1.684926e-01  9.553883e+00
     7  -1.604300e+00  -1.611201e+00  9.484598e-05  1.805392e+01  1.078364e-01  1.946869e+00  1.686731e-01  9.558985e+00
     8  -1.590431e+00  -1.597310e+00  1.041061e-04  1.803362e+01  1.078357e-01  1.944668e+00  1.688635e-01  9.564394e+00
     9  -1.576600e+00  -1.583460e+00  1.142643e-04  1.801204e+01  1.078355e-01  1.942337e+00  1.690660e-01  9.570130e+00
    10  -1.562806e+00  -1.569648e+00  1.254043e-04  1.798922e+01  1.078351e-01  1.939869e+00  1.692808e-01  9.576215e+00
    11  -1.549035e+00  -1.555866e+00  1.376269e-04  1.796503e+01  1.078348e-01  1.937255e+00  1.695090e-01  9.582676e+00
    12  -1.535286e+00  -1.542106e+00  1.510336e-04  1.793939e+01  1.078344e-01  1.934483e+00  1.697515e-01  9.589539e+00
    13  -1.521550e+00  -1.528364e+00  1.657433e-04  1.791220e+01  1.078340e-01  1.931544e+00  1.700095e-01  9.596831e+00
    14  -1.507840e+00  -1.514641e+00  1.818648e-04  1.788339e+01  1.078335e-01  1.928429e+00  1.702838e-01  9.604580e+00
    15  -1.494137e+00  -1.500934e+00  1.995513e-04  1.785283e+01  1.078331e-01  1.925126e+00  1.705756e-01  9.612816e+00
    16  -1.480448e+00  -1.487238e+00  2.189405e-04  1.782043e+01  1.078326e-01  1.921623e+00  1.708861e-01  9.621572e+00
    17  -1.466767e+00  -1.473554e+00  2.402008e-04  1.778608e+01  1.078320e-01  1.917910e+00  1.712166e-01  9.630883e+00
    18  -1.453091e+00  -1.459875e+00  2.635142e-04  1.774965e+01  1.078315e-01  1.913971e+00  1.715684e-01  9.640786e+00
    19  -1.439425e+00  -1.446204e+00  2.890647e-04  1.771103e+01  1.078309e-01  1.909796e+00  1.719430e-01  9.651319e+00
    20  -1.425763e+00  -1.432540e+00  3.170727e-04  1.767008e+01  1.078303e-01  1.905370e+00  1.723420e-01  9.662522e+00
    21  -1.412109e+00  -1.418882e+00  3.477602e-04  1.762669e+01  1.078296e-01  1.900678e+00  1.727668e-01  9.674440e+00
    22  -1.398453e+00  -1.405227e+00  3.813997e-04  1.758069e+01  1.078289e-01  1.895706e+00  1.732194e-01  9.687120e+00
    23  -1.384801e+00  -1.391573e+00  4.182554e-04  1.753194e+01  1.078281e-01  1.890436e+00  1.737017e-01  9.700613e+00
    24  -1.371148e+00  -1.377921e+00  4.586397e-04  1.748029e+01  1.078273e-01  1.884852e+00  1.742156e-01  9.714971e+00
    25  -1.357494e+00  -1.364267e+00  5.028839e-04  1.742556e+01  1.078264e-01  1.878936e+00  1.747634e-01  9.730253e+00
    26  -1.343843e+00  -1.350615e+00  5.513328e-04  1.736761e+01  1.078255e-01  1.872671e+00  1.753474e-01  9.746516e+00
    27  -1.330189e+00  -1.336962e+00  6.043959e-04  1.730625e+01  1.078245e-01  1.866038e+00  1.759699e-01  9.763824e+00
    28  -1.316532e+00  -1.323307e+00  6.625023e-04  1.724128e+01  1.078235e-01  1.859015e+00  1.766338e-01  9.782248e+00
    29  -1.302872e+00  -1.309648e+00  7.261187e-04  1.717253e+01  1.078224e-01  1.851583e+00  1.773418e-01  9.801861e+00
    30  -1.289207e+00  -1.295986e+00  7.957575e-04  1.709979e+01  1.078212e-01  1.843720e+00  1.780972e-01  9.822741e+00
    31  -1.275538e+00  -1.282319e+00  8.719757e-04  1.702286e+01  1.078199e-01  1.835403e+00  1.789032e-01  9.844971e+00
    32  -1.261862e+00  -1.268646e+00  9.553798e-04  1.694151e+01  1.078186e-01  1.826609e+00  1.797633e-01  9.868641e+00
    33  -1.248177e+00  -1.254966e+00  1.046648e-03  1.685552e+01  1.078171e-01  1.817314e+00  1.806816e-01  9.893848e+00
    34  -1.234486e+00  -1.241277e+00  1.146471e-03  1.676466e+01  1.078156e-01  1.807492e+00  1.816621e-01  9.920692e+00
    35  -1.220785e+00  -1.227581e+00  1.255647e-03  1.666871e+01  1.078139e-01  1.797119e+00  1.827092e-01  9.949281e+00
    36  -1.207073e+00  -1.213875e+00  1.375032e-03  1.656741e+01  1.078122e-01  1.786169e+00  1.838279e-01  9.979733e+00
    37  -1.193350e+00  -1.200157e+00  1.505545e-03  1.646051e+01  1.078103e-01  1.774613e+00  1.850234e-01  1.001217e+01
    38  -1.179613e+00  -1.186427e+00  1.648199e-03  1.634775e+01  1.078083e-01  1.762424e+00  1.863012e-01  1.004674e+01
    39  -1.165863e+00  -1.172684e+00  1.804073e-03  1.622888e+01  1.078062e-01  1.749574e+00  1.876677e-01  1.008356e+01
    40  -1.152096e+00  -1.158925e+00  1.974373e-03  1.610363e+01  1.078039e-01  1.736035e+00  1.891293e-01  1.012281e+01
    41  -1.138312e+00  -1.145149e+00  2.160369e-03  1.597173e+01  1.078015e-01  1.721776e+00  1.906934e-01  1.016463e+01
    42  -1.124509e+00  -1.131356e+00  2.363462e-03  1.583291e+01  1.077989e-01  1.706770e+00  1.923677e-01  1.020922e+01
    43  -1.110684e+00  -1.117541e+00  2.585179e-03  1.568689e+01  1.077961e-01  1.690986e+00  1.941608e-01  1.025676e+01
    44  -1.096837e+00  -1.103705e+00  2.827132e-03  1.553340e+01  1.077931e-01  1.674394e+00  1.960821e-01  1.030745e+01
    45  -1.082965e+00  -1.089846e+00  3.091098e-03  1.537218e+01  1.077900e-01  1.656966e+00  1.981415e-01  1.036152e+01
    46  -1.069067e+00  -1.075960e+00  3.379000e-03  1.520295e+01  1.077866e-01  1.638674e+00  2.003502e-01  1.041919e+01
    47  -1.055138e+00  -1.062047e+00  3.692910e-03  1.502546e+01  1.077829e-01  1.619488e+00  2.027203e-01  1.048072e+01
    48  -1.041179e+00  -1.048103e+00  4.035052e-03  1.483946e+01  1.077790e-01  1.599382e+00  2.052650e-01  1.054640e+01
    49  -1.027185e+00  -1.034125e+00  4.407852e-03  1.464470e+01  1.077748e-01  1.578329e+00  2.079989e-01  1.061650e+01
    50  -1.013153e+00  -1.020112e+00  4.813901e-03  1.444095e+01  1.077703e-01  1.556305e+00  2.109380e-01  1.069135e+01
    51  -9.990817e-01  -1.006060e+00  5.256005e-03  1.422800e+01  1.077655e-01  1.533288e+00  2.140998e-01  1.077131e+01
    52  -9.849668e-01  -9.919669e-01  5.737179e-03  1.400566e+01  1.077604e-01  1.509255e+00  2.175038e-01  1.085672e+01
    53  -9.708048e-01  -9.778281e-01  6.260674e-03  1.377377e+01  1.077548e-01  1.484190e+00  2.211714e-01  1.094802e+01
    54  -9.565923e-01  -9.636404e-01  6.829969e-03  1.353217e+01  1.077488e-01  1.458076e+00  2.251263e-01  1.104562e+01
    55  -9.423251e-01  -9.494001e-01  7.448814e-03  1.328077e+01  1.077424e-01  1.430902e+00  2.293948e-01  1.115001e+01
    56  -9.279992e-01  -9.351030e-01  8.121212e-03  1.301947e+01  1.077355e-01  1.402660e+00  2.340060e-01  1.126170e+01
    57  -9.136098e-01  -9.207449e-01  8.851470e-03  1.274826e+01  1.077281e-01  1.373346e+00  2.389927e-01  1.138126e+01
    58  -8.991524e-01  -9.063209e-01  9.644182e-03  1.246714e+01  1.077201e-01  1.342961e+00  2.443909e-01  1.150929e+01
    59  -8.846217e-01  -8.918263e-01  1.050426e-02  1.217616e+01  1.077114e-01  1.311512e+00  2.502411e-01  1.164646e+01
    60  -8.700121e-01  -8.772555e-01  1.143695e-02  1.187545e+01  1.077021e-01  1.279010e+00  2.565890e-01  1.179351e+01
    61  -8.553178e-01  -8.626028e-01  1.244786e-02  1.156516e+01  1.076920e-01  1.245476e+00  2.634854e-01  1.195123e+01
    62  -8.405325e-01  -8.478622e-01  1.354293e-02  1.124555e+01  1.076811e-01  1.210933e+00  2.709878e-01  1.212049e+01
    63  -8.256492e-01  -8.330271e-01  1.472852e-02  1.091690e+01  1.076693e-01  1.175415e+00  2.791610e-01  1.230225e+01
    64  -8.106610e-01  -8.180905e-01  1.601134e-02  1.057960e+01  1.076564e-01  1.138962e+00  2.880784e-01  1.249757e+01
    65  -7.955600e-01  -8.030449e-01  1.739855e-02  1.023410e+01  1.076425e-01  1.101625e+00  2.978231e-01  1.270759e+01
    66  -7.803381e-01  -7.878824e-01  1.889767e-02  9.880934e+00  1.076274e-01  1.063459e+00  3.084897e-01  1.293361e+01
    67  -7.649863e-01  -7.725944e-01  2.051673e-02  9.520714e+00  1.076109e-01  1.024533e+00  3.201860e-01  1.317702e+01
    68  -7.494955e-01  -7.571718e-01  2.226415e-02  9.154143e+00  1.075930e-01  9.849215e-01  3.330354e-01  1.343938e+01
    69  -7.338554e-01  -7.416051e-01  2.414882e-02  8.782008e+00  1.075734e-01  9.447104e-01  3.471792e-01  1.372242e+01
    70  -7.180556e-01  -7.258837e-01  2.618008e-02  8.405183e+00  1.075520e-01  9.039942e-01  3.627802e-01  1.402805e+01
    71  -7.020847e-01  -7.099967e-01  2.836777e-02  8.024630e+00  1.075286e-01  8.628769e-01  3.800258e-01  1.435839e+01
    72  -6.859304e-01  -6.939324e-01  3.072217e-02  7.641388e+00  1.075029e-01  8.214711e-01  3.991331e-01  1.471580e+01
    73  -6.695800e-01  -6.776782e-01  3.325405e-02  7.256579e+00  1.074746e-01  7.798982e-01  4.203539e-01  1.510293e+01
    74  -6.530197e-01  -6.612209e-01  3.597467e-02  6.871397e+00  1.074436e-01  7.382875e-01  4.439814e-01  1.552271e+01
    75  -6.362351e-01  -6.445463e-01  3.889574e-02  6.487099e+00  1.074093e-01  6.967751e-01  4.703579e-01  1.597842e+01
    76  -6.192107e-01  -6.276395e-01  4.202943e-02  6.105001e+00  1.073715e-01  6.555033e-01  4.998845e-01  1.647376e+01
    77  -6.019304e-01  -6.104846e-01  4.538839e-02  5.726461e+00  1.073297e-01  6.146193e-01  5.330326e-01  1.701285e+01
    78  -5.843767e-01  -5.930649e-01  4.898570e-02  5.352867e+00  1.072833e-01  5.742733e-01  5.703579e-01  1.760033e+01
    79  -5.665317e-01  -5.753626e-01  5.283486e-02  4.985622e+00  1.072318e-01  5.346171e-01  6.125181e-01  1.824142e+01
    80  -5.483765e-01  -5.573593e-01  5.694977e-02  4.626128e+00  1.071744e-01  4.958025e-01  6.602932e-01  1.894200e+01
    81  -5.298911e-01  -5.390355e-01  6.134473e-02  4.275765e+00  1.071104e-01  4.579789e-01  7.146121e-01  1.970868e+01
    82  -5.110549e-01  -5.203709e-01  6.603438e-02  3.935869e+00  1.070389e-01  4.212910e-01  7.765843e-01  2.054892e+01
    83  -4.918466e-01  -5.013445e-01  7.103366e-02  3.607718e+00  1.069587e-01  3.858769e-01  8.475383e-01  2.147117e+01
    84  -4.722441e-01  -4.819347e-01  7.635782e-02  3.292501e+00  1.068688e-01  3.518655e-01  9.290706e-01  2.248494e+01
    85  -4.522251e-01  -4.621192e-01  8.202236e-02  2.991303e+00  1.067676e-01  3.193744e-01  1.023104e+00  2.360099e+01
    86  -4.317671e-01  -4.418756e-01  8.804291e-02  2.705084e+00  1.066537e-01  2.885071e-01  1.131961e+00  2.483144e+01
    87  -4.108476e-01  -4.211814e-01  9.443531e-02  2.434655e+00  1.065251e-01  2.593518e-01  1.258452e+00  2.619000e+01
    88  -3.894446e-01  -4.000143e-01  1.012155e-01  2.180667e+00  1.063797e-01  2.319787e-01  1.405987e+00  2.769211e+01
    89  -3.675372e-01  -3.783528e-01  1.083993e-01  1.943592e+00  1.062152e-01  2.064389e-01  1.578708e+00  2.935515e+01
    90  -3.451058e-01  -3.561767e-01  1.160028e-01  1.723714e+00  1.060288e-01  1.827633e-01  1.781652e+00  3.119864e+01
    91  -3.221329e-01  -3.334674e-01  1.240417e-01  1.521127e+00  1.058174e-01  1.609617e-01  2.020952e+00  3.324443e+01
    92  -2.986041e-01  -3.102092e-01  1.325317e-01  1.335727e+00  1.055776e-01  1.410229e-01  2.304073e+00  3.551692e+01
    93  -2.745083e-01  -2.863891e-01  1.414884e-01  1.167223e+00  1.053056e-01  1.229152e-01  2.640100e+00  3.804323e+01
    94  -2.498393e-01  -2.619986e-01  1.509269e-01  1.015143e+00  1.049972e-01  1.065871e-01  3.040073e+00  4.085336e+01
    95  -2.245961e-01  -2.370343e-01  1.608620e-01  8.788488e-01  1.046479e-01  9.196969e-02  3.517390e+00  4.398026e+01
    96  -1.987843e-01  -2.114985e-01  1.713083e-01  7.575605e-01  1.042529e-01  7.897788e-02  4.088261e+00  4.745997e+01
    97  -1.724165e-01  -1.854003e-01  1.822795e-01  6.503763e-01  1.038072e-01  6.751374e-02  4.772232e+00  5.133151e+01
    98  -1.455133e-01  -1.587566e-01  1.937892e-01  5.563015e-01  1.033058e-01  5.746914e-02  5.592778e+00  5.563688e+01
    99  -1.181034e-01  -1.315921e-01  2.058502e-01  4.742773e-01  1.027436e-01  4.872895e-02  6.577946e+00  6.042082e+01
   100  -9.022427e-02  -1.039402e-01  2.184746e-01  4.032103e-01  1.021160e-01  4.117423e-02  7.761067e+00  6.573057e+01
   101  -6.192165e-02  -7.584244e-02  2.316738e-01  3.420009e-01  1.014189e-01  3.468535e-02  9.181494e+00  7.161551e+01
   102  -3.324901e-02  -4.734874e-02  2.454583e-01  2.895689e-01  1.006487e-01  2.914473e-02  1.088539e+01  7.812682e+01
   103  -4.266537e-03  -1.851605e-02  2.598382e-01  2.448760e-01  9.980285e-02  2.443932e-02  1.292654e+01  8.531700e+01
   104  2.495999e-02  1.059253e-02  2.748221e-01  2.069436e-01  9.888001e-02  2.046258e-02  1.536717e+01  9.323950e+01
   105  5.436109e-02  3.990929e-02  2.904183e-01  1.748662e-01  9.787998e-02  1.711591e-02  1.827877e+01  1.019484e+02
   106  8.386518e-02  6.936363e-02  3.066336e-01  1.478203e-01  9.680394e-02  1.430958e-02  2.174300e+01  1.114979e+02
   107  1.134007e-01  9.888398e-02  3.234744e-01  1.250676e-01  9.565437e-02  1.196326e-02  2.585252e+01  1.219426e+02
   108  1.428977e-01  1.283996e-01  3.409456e-01  1.059561e-01  9.443499e-02  1.000596e-02  3.071198e+01  1.333370e+02
   109  1.722897e-01  1.578423e-01  3.590513e-01  8.991674e-02  9.315056e-02  8.375795e-03  3.643902e+01  1.457361e+02
   110  2.015148e-01  1.871480e-01  3.777946e-01  7.645862e-02  9.180671e-02  7.019414e-03  4.316546e+01  1.591951e+02
   111  2.305169e-01  2.162579e-01  3.971776e-01  6.516200e-02  9.040963e-02  5.891272e-03  5.103854e+01  1.737703e+02
   112  2.592467e-01  2.451194e-01  4.172011e-01  5.567111e-02  8.896582e-02  4.952826e-03  6.022246e+01  1.895194e+02
   113  2.876614e-01  2.736864e-01  4.378652e-01  4.768635e-02  8.748186e-02  4.171691e-03  7.090011e+01  2.065019e+02
   114  3.157252e-01  3.019200e-01  4.591688e-01  4.095688e-02  8.596412e-02  3.520822e-03  8.327499e+01  2.247802e+02
   115  3.434090e-01  3.297876e-01  4.811098e-01  3.527351e-02  8.441861e-02  2.977741e-03  9.757358e+01  2.444200e+02
   116  3.706900e-01  3.572637e-01  5.036853e-01  3.046239e-02  8.285083e-02  2.523834e-03  1.140480e+02  2.654910e+02
   117  3.975512e-01  3.843282e-01  5.268910e-01  2.637931e-02  8.126567e-02  2.143733e-03  1.329790e+02  2.880679e+02
   118  4.239810e-01  4.109671e-01  5.507220e-01  2.290483e-02  7.966736e-02  1.824767e-03  1.546795e+02  3.122313e+02
   119  4.499723e-01  4.371710e-01  5.751725e-01  1.994002e-02  7.805947e-02  1.556507e-03  1.794988e+02  3.380684e+02
   120  4.755219e-01  4.629350e-01  6.002355e-01  1.740295e-02  7.644498e-02  1.330368e-03  2.078274e+02  3.656742e+02
   121  5.006304e-01  4.882576e-01  6.259034e-01  1.522569e-02  7.482627e-02  1.139282e-03  2.401021e+02  3.951524e+02
   122  5.253011e-01  5.131409e-01  6.521678e-01  1.335187e-02  7.320528e-02  9.774274e-04  2.768131e+02  4.266167e+02
   123  5.495398e-01  5.375895e-01  6.790192e-01  1.173460e-02  7.158357e-02  8.400046e-04  3.185114e+02  4.601923e+02
   124  5.733544e-01  5.616103e-01  7.064475e-01  1.033481e-02  6.996246e-02  7.230487e-04  3.658179e+02  4.960168e+02
   125  5.967550e-01  5.852123e-01  7.344420e-01  9.119865e-03  6.834313e-02  6.232801e-04  4.194345e+02  5.342426e+02
   126  6.197526e-01  6.084060e-01  7.629909e-01  8.062442e-03  6.672678e-02  5.379808e-04  4.801571e+02  5.750383e+02
   127  6.423602e-01  6.312035e-01  7.920820e-01  7.139600e-03  6.511473e-02  4.648932e-04  5.488915e+02  6.185910e+02
   128  6.645918e-01  6.536183e-01  8.217023e-01  6.332032e-03  6.350854e-02  4.021381e-04  6.266728e+02  6.651086e+02
   129  6.864628e-01  6.756650e-01  8.518383e-01  5.623441e-03  6.191012e-02  3.481479e-04  7.146889e+02  7.148226e+02
   130  7.079894e-01  6.973595e-01  8.824756e-01  5.000043e-03  6.032181e-02  3.016117e-04  8.143086e+02  7.679909e+02
   131  7.291896e-01  7.187189e-01  9.135995e-01  4.450151e-03  5.874643e-02  2.614305e-04  9.271169e+02  8.249014e+02
   132  7.500823e-01  7.397616e-01  9.451942e-01  3.963837e-03  5.718727e-02  2.266810e-04  1.054956e+03  8.858753e+02
   133  7.706875e-01  7.605071e-01  9.772439e-01  3.532658e-03  5.564808e-02  1.965856e-04  1.199978e+03  9.512711e+02
   134  7.910270e-01  7.809763e-01  1.009732e+00  3.149425e-03  5.413289e-02  1.704875e-04  1.364703e+03  1.021489e+03
   135  8.111232e-01  8.011913e-01  1.042640e+00  2.808022e-03  5.264593e-02  1.478309e-04  1.552091e+03  1.096977e+03
   136  8.310000e-01  8.211753e-01  1.075952e+00  2.503240e-03  5.119128e-02  1.281441e-04  1.765629e+03  1.178232e+03
   137  8.506820e-01  8.409525e-01  1.109648e+00  2.230657e-03  4.977264e-02  1.110257e-04  2.009426e+03  1.265810e+03
   138  8.701943e-01  8.605477e-01  1.143710e+00  1.986512e-03  4.839300e-02  9.613326e-05  2.288325e+03  1.360327e+03
   139  8.895621e-01  8.799862e-01  1.178117e+00  1.767614e-03  4.705429e-02  8.317381e-05  2.608033e+03  1.462470e+03
   140  9.088103e-01  8.992929e-01  1.212849e+00  1.571247e-03  4.575717e-02  7.189584e-05  2.975266e+03  1.572998e+03
   141  9.279625e-01  9.184920e-01  1.247886e+00  1.395091e-03  4.450092e-02  6.208284e-05  3.397918e+03  1.692756e+03
   142  9.470410e-01  9.376065e-01  1.283205e+00  1.237142e-03  4.328345e-02  5.354775e-05  3.885257e+03  1.822676e+03
   143  9.660659e-01  9.566577e-01  1.318783e+00  1.095649e-03  4.210150e-02  4.612845e-05  4.448155e+03  1.963793e+03
   144  9.850549e-01  9.756642e-01  1.354598e+00  9.690588e-04  4.095110e-02  3.968403e-05  5.099376e+03  2.117251e+03
   145  1.004023e+00  9.946425e-01  1.390626e+00  8.559718e-04  3.982794e-02  3.409159e-05  5.853918e+03  2.284318e+03
   146  1.022983e+00  1.013606e+00  1.426840e+00  7.551084e-04  3.872782e-02  2.924370e-05  6.729444e+03  2.466403e+03
   147  1.041945e+00  1.032567e+00  1.463217e+00  6.652916e-04  3.764704e-02  2.504626e-05  7.746804e+03  2.665071e+03
   148  1.060917e+00  1.051534e+00  1.499727e+00  5.854350e-04  3.658254e-02  2.141670e-05  8.930678e+03  2.882066e+03
   149  1.079906e+00  1.070515e+00  1.536345e+00  5.145377e-04  3.553198e-02  1.828254e-05  1.031034e+04  3.119334e+03
   150  1.098917e+00  1.089516e+00  1.573040e+00  4.516810e-04  3.449365e-02  1.558013e-05  1.192061e+04  3.379050e+03
   151  1.117955e+00  1.108540e+00  1.609784e+00  3.960251e-04  3.346639e-02  1.325353e-05  1.380298e+04  3.663653e+03
   152  1.137023e+00  1.127593e+00  1.646545e+00  3.468060e-04  3.244947e-02  1.125367e-05  1.600698e+04  3.975878e+03
   153  1.156122e+00  1.146677e+00  1.683291e+00  3.033317e-04  3.144249e-02  9.537504e-06  1.859190e+04  4.318797e+03
   154  1.175257e+00  1.165795e+00  1.719987e+00  2.649767e-04  3.044524e-02  8.067279e-06  2.162881e+04  4.695876e+03
   155  1.194427e+00  1.184947e+00  1.756600e+00  2.311778e-04  2.945766e-02  6.809958e-06  2.520314e+04  5.111024e+03
   156  1.213634e+00  1.204136e+00  1.793094e+00  2.014282e-04  2.847981e-02  5.736636e-06  2.941787e+04  5.568670e+03
   157  1.232879e+00  1.223363e+00  1.829431e+00  1.752728e-04  2.751193e-02  4.822092e-06  3.439736e+04  6.073827e+03
   158  1.252162e+00  1.242627e+00  1.865571e+00  1.523033e-04  2.655449e-02  4.044335e-06  4.029227e+04  6.632184e+03
   159  1.271484e+00  1.261930e+00  1.901475e+00  1.321554e-04  2.560779e-02  3.384209e-06  4.728560e+04  7.250226e+03
   160  1.290844e+00  1.281271e+00  1.937101e+00  1.145045e-04  2.467203e-02  2.825059e-06  5.560001e+04  7.935356e+03
   161  1.310242e+00  1.300651e+00  1.972406e+00  9.905941e-05  2.374769e-02  2.352433e-06  6.550788e+04  8.696041e+03
   162  1.329678e+00  1.320068e+00  2.007345e+00  8.556025e-05  2.283546e-02  1.953807e-06  7.734337e+04  9.541997e+03
   163  1.349151e+00  1.339523e+00  2.041872e+00  7.377793e-05  2.193544e-02  1.618352e-06  9.151669e+04  1.048440e+04
   164  1.368661e+00  1.359015e+00  2.075939e+00  6.350693e-05  2.104828e-02  1.336712e-06  1.085352e+05  1.153616e+04
   165  1.388206e+00  1.378543e+00  2.109499e+00  5.456508e-05  2.017455e-02  1.100826e-06  1.290278e+05  1.271220e+04
   166  1.407786e+00  1.398107e+00  2.142502e+00  4.679295e-05  1.931398e-02  9.037582e-07  1.537743e+05  1.402988e+04
   167  1.427401e+00  1.417704e+00  2.174895e+00  4.004476e-05  1.846814e-02  7.395523e-07  1.837565e+05  1.550943e+04
   168  1.447048e+00  1.437335e+00  2.206628e+00  3.419636e-05  1.763651e-02  6.031044e-07  2.201982e+05  1.717449e+04
   169  1.466727e+00  1.456999e+00  2.237647e+00  2.913444e-05  1.682024e-02  4.900483e-07  2.646533e+05  1.905288e+04
   170  1.486436e+00  1.476693e+00  2.267900e+00  2.476108e-05  1.601935e-02  3.966564e-07  3.190862e+05  2.117742e+04
   171  1.506177e+00  1.496419e+00  2.297331e+00  2.098830e-05  1.523486e-02  3.197539e-07  3.860143e+05  2.358697e+04
   172  1.525946e+00  1.516174e+00  2.325887e+00  1.774067e-05  1.446640e-02  2.566436e-07  4.686512e+05  2.632782e+04
   173  1.545741e+00  1.535956e+00  2.353516e+00  1.495186e-05  1.371308e-02  2.050361e-07  5.711329e+05  2.945540e+04
   174  1.565562e+00  1.555765e+00  2.380162e+00  1.255975e-05  1.297746e-02  1.629936e-07  6.989149e+05  3.303657e+04
   175  1.585410e+00  1.575600e+00  2.405774e+00  1.051222e-05  1.226018e-02  1.288817e-07  8.591265e+05  3.715220e+04
   176  1.605282e+00  1.595460e+00  2.430301e+00  8.765730e-06  1.155917e-02  1.013246e-07  1.061081e+06  4.190084e+04
   177  1.625176e+00  1.615343e+00  2.453693e+00  7.279348e-06  1.087538e-02  7.916567e-08  1.317302e+06  4.740364e+04
   178  1.645091e+00  1.635248e+00  2.475905e+00  6.017576e-06  1.020948e-02  6.143635e-08  1.644662e+06  5.381055e+04
   179  1.665025e+00  1.655172e+00  2.496892e+00  4.950152e-06  9.560802e-03  4.732742e-08  2.066019e+06  6.130893e+04
   180  1.684980e+00  1.675117e+00  2.516616e+00  4.049077e-06  8.931718e-03  3.616521e-08  2.613223e+06  7.013498e+04
   181  1.704951e+00  1.695080e+00  2.535041e+00  3.292414e-06  8.319493e-03  2.739122e-08  3.329945e+06  8.058876e+04
   182  1.724939e+00  1.715060e+00  2.552138e+00  2.659015e-06  7.725701e-03  2.054276e-08  4.278684e+06  9.305737e+04
   183  1.744942e+00  1.735056e+00  2.567883e+00  2.131336e-06  7.149849e-03  1.523873e-08  5.548807e+06  1.080453e+05
   184  1.764956e+00  1.755064e+00  2.582261e+00  1.694015e-06  6.591573e-03  1.116623e-08  7.270899e+06  1.262196e+05
   185  1.784982e+00  1.775084e+00  2.595264e+00  1.333393e-06  6.051736e-03  8.069340e-09  9.640554e+06  1.484777e+05
   186  1.805017e+00  1.795115e+00  2.606894e+00  1.037975e-06  5.529982e-03  5.739984e-09  1.295541e+07  1.760455e+05
   187  1.825059e+00  1.815154e+00  2.617165e+00  7.978980e-07  5.025152e-03  4.009559e-09  1.767983e+07  2.106356e+05
   188  1.845104e+00  1.835197e+00  2.626099e+00  6.042031e-07  4.538722e-03  2.742310e-09  2.456690e+07  2.546959e+05
   189  1.865147e+00  1.855241e+00  2.633735e+00  4.496704e-07  4.068800e-03  1.829619e-09  3.486362e+07  3.118170e+05
   190  1.885186e+00  1.875282e+00  2.640124e+00  3.276193e-07  3.617152e-03  1.185049e-09  5.075129e+07  3.874467e+05
   191  1.905211e+00  1.895314e+00  2.645332e+00  2.327480e-07  3.181319e-03  7.404456e-10  7.617464e+07  4.901552e+05
   192  1.925210e+00  1.915326e+00  2.649443e+00  1.601741e-07  2.762371e-03  4.424605e-10  1.187864e+08  6.340784e+05
   193  1.945169e+00  1.935304e+00  2.652556e+00  1.058542e-07  2.359976e-03  2.498134e-10  1.944635e+08  8.438636e+05
   194  1.965056e+00  1.955226e+00  2.654785e+00  6.631086e-08  1.974605e-03  1.309378e-10  3.393714e+08  1.165595e+06
   195  1.984805e+00  1.975043e+00  2.656266e+00  3.865634e-08  1.604316e-03  6.201698e-11  6.458540e+08  1.693655e+06
   196  2.004266e+00  1.994644e+00  2.657144e+00  2.029961e-08  1.251803e-03  2.541111e-11  1.392337e+09  2.645869e+06
   197  2.022892e+00  2.013679e+00  2.657579e+00  9.162431e-09  9.196232e-04  8.425984e-12  3.599021e+09  4.594834e+06
   198  2.036451e+00  2.029724e+00  2.657731e+00  3.821836e-09  6.266840e-04  2.395084e-12  1.045210e+10  8.618264e+06
   199  2.063054e+00  2.049956e+00  2.657754e+00  2.701923e-10  1.754122e-04  4.739503e-14  2.794455e+11  6.126519e+07
