     i         log_r      log_rmid             m           rho            v2             p        trelax            kn
     0  -2.022357e+00  -2.323387e+00  4.936565e-05  1.664533e+02  1.115793e-02  1.857276e+00  5.687423e-02  9.786829e+00
     1  -1.997651e+00  -2.009828e+00  5.419782e-05  9.297711e+01  1.613791e-02  1.500456e+00  8.466430e-02  1.088851e+01
     2  -1.973623e+00  -1.985471e+00  5.950000e-05  8.823203e+01  1.669530e-02  1.473060e+00  8.771557e-02  1.098930e+01
     3  -1.950157e+00  -1.961731e+00  6.531955e-05  8.385066e+01  1.725353e-02  1.446720e+00  9.079344e-02  1.108888e+01
     4  -1.927156e+00  -1.938504e+00  7.170956e-05  7.977835e+01  1.781477e-02  1.421233e+00  9.391282e-02  1.118787e+01
     5  -1.904578e+00  -1.915720e+00  7.871809e-05  7.597393e+01  1.838070e-02  1.396454e+00  9.708550e-02  1.128670e+01
     6  -1.882354e+00  -1.893324e+00  8.640670e-05  7.240371e+01  1.895307e-02  1.372272e+00  1.003228e-01  1.138571e+01
     7  -1.860421e+00  -1.871249e+00  9.484598e-05  6.903708e+01  1.953409e-02  1.348577e+00  1.036385e-01  1.148530e+01
     8  -1.838743e+00  -1.849447e+00  1.041061e-04  6.585028e+01  2.012571e-02  1.325284e+00  1.070451e-01  1.158579e+01
     9  -1.817286e+00  -1.827882e+00  1.142643e-04  6.282524e+01  2.072948e-02  1.302334e+00  1.105533e-01  1.168743e+01
    10  -1.796024e+00  -1.806525e+00  1.254043e-04  5.994727e+01  2.134677e-02  1.279680e+00  1.141733e-01  1.179042e+01
    11  -1.774917e+00  -1.785342e+00  1.376269e-04  5.720349e+01  2.197897e-02  1.257273e+00  1.179163e-01  1.189502e+01
    12  -1.753944e+00  -1.764304e+00  1.510336e-04  5.458361e+01  2.262719e-02  1.235074e+00  1.217930e-01  1.200145e+01
    13  -1.733079e+00  -1.743386e+00  1.657433e-04  5.207952e+01  2.329229e-02  1.213051e+00  1.258134e-01  1.210990e+01
    14  -1.712325e+00  -1.722578e+00  1.818648e-04  4.968557e+01  2.397456e-02  1.191190e+00  1.299853e-01  1.222052e+01
    15  -1.691643e+00  -1.701861e+00  1.995513e-04  4.739593e+01  2.467446e-02  1.169469e+00  1.343183e-01  1.233349e+01
    16  -1.671034e+00  -1.681216e+00  2.189405e-04  4.520528e+01  2.539236e-02  1.147869e+00  1.388223e-01  1.244899e+01
    17  -1.650480e+00  -1.660635e+00  2.402008e-04  4.310962e+01  2.612831e-02  1.126382e+00  1.435060e-01  1.256717e+01
    18  -1.629970e+00  -1.640104e+00  2.635142e-04  4.110443e+01  2.688256e-02  1.104993e+00  1.483802e-01  1.268821e+01
    19  -1.609505e+00  -1.619617e+00  2.890647e-04  3.918632e+01  2.765502e-02  1.083698e+00  1.534541e-01  1.281227e+01
    20  -1.589071e+00  -1.599168e+00  3.170727e-04  3.735178e+01  2.844565e-02  1.062496e+00  1.587379e-01  1.293947e+01
    21  -1.568670e+00  -1.578751e+00  3.477602e-04  3.559742e+01  2.925440e-02  1.041381e+00  1.642426e-01  1.306999e+01
    22  -1.548285e+00  -1.558358e+00  3.813997e-04  3.391969e+01  3.008135e-02  1.020350e+00  1.699806e-01  1.320400e+01
    23  -1.527921e+00  -1.537984e+00  4.182554e-04  3.231532e+01  3.092652e-02  9.994006e-01  1.759649e-01  1.334168e+01
    24  -1.507568e+00  -1.517625e+00  4.586397e-04  3.078141e+01  3.178977e-02  9.785340e-01  1.822082e-01  1.348318e+01
    25  -1.487226e+00  -1.497278e+00  5.028839e-04  2.931486e+01  3.267112e-02  9.577494e-01  1.887253e-01  1.362869e+01
    26  -1.466897e+00  -1.476942e+00  5.513328e-04  2.791317e+01  3.357028e-02  9.370529e-01  1.955300e-01  1.377838e+01
    27  -1.446574e+00  -1.456617e+00  6.043959e-04  2.657361e+01  3.448711e-02  9.164471e-01  2.026381e-01  1.393242e+01
    28  -1.426255e+00  -1.436296e+00  6.625023e-04  2.529340e+01  3.542157e-02  8.959320e-01  2.100675e-01  1.409103e+01
    29  -1.405940e+00  -1.415979e+00  7.261187e-04  2.407012e+01  3.637342e-02  8.755123e-01  2.178361e-01  1.425440e+01
    30  -1.385627e+00  -1.395665e+00  7.957575e-04  2.290138e+01  3.734240e-02  8.551924e-01  2.259630e-01  1.442276e+01
    31  -1.365315e+00  -1.375352e+00  8.719757e-04  2.178488e+01  3.832827e-02  8.349768e-01  2.344689e-01  1.459631e+01
    32  -1.345004e+00  -1.355041e+00  9.553798e-04  2.071842e+01  3.933073e-02  8.148706e-01  2.433758e-01  1.477528e+01
    33  -1.324688e+00  -1.334727e+00  1.046648e-03  1.969977e+01  4.034957e-02  7.948773e-01  2.527082e-01  1.495995e+01
    34  -1.304375e+00  -1.314413e+00  1.146471e-03  1.872698e+01  4.138436e-02  7.750038e-01  2.624909e-01  1.515054e+01
    35  -1.284059e+00  -1.294098e+00  1.255647e-03  1.779816e+01  4.243460e-02  7.552576e-01  2.727501e-01  1.534732e+01
    36  -1.263740e+00  -1.273781e+00  1.375032e-03  1.691134e+01  4.349996e-02  7.356428e-01  2.835159e-01  1.555058e+01
    37  -1.243419e+00  -1.253461e+00  1.505545e-03  1.606477e+01  4.457991e-02  7.161659e-01  2.948193e-01  1.576062e+01
    38  -1.223095e+00  -1.233138e+00  1.648199e-03  1.525671e+01  4.567392e-02  6.968336e-01  3.066939e-01  1.597775e+01
    39  -1.202769e+00  -1.212813e+00  1.804073e-03  1.448552e+01  4.678139e-02  6.776529e-01  3.191753e-01  1.620229e+01
    40  -1.182438e+00  -1.192484e+00  1.974373e-03  1.374962e+01  4.790172e-02  6.586303e-01  3.323027e-01  1.643461e+01
    41  -1.162104e+00  -1.172152e+00  2.160369e-03  1.304746e+01  4.903427e-02  6.397727e-01  3.461179e-01  1.667506e+01
    42  -1.141767e+00  -1.151816e+00  2.363462e-03  1.237762e+01  5.017830e-02  6.210878e-01  3.606658e-01  1.692403e+01
    43  -1.121425e+00  -1.131477e+00  2.585179e-03  1.173866e+01  5.133311e-02  6.025817e-01  3.759957e-01  1.718194e+01
    44  -1.101080e+00  -1.111133e+00  2.827132e-03  1.112926e+01  5.249787e-02  5.842625e-01  3.921596e-01  1.744923e+01
    45  -1.080733e+00  -1.090787e+00  3.091098e-03  1.054818e+01  5.367166e-02  5.661381e-01  4.092136e-01  1.772633e+01
    46  -1.060381e+00  -1.070438e+00  3.379000e-03  9.994164e+00  5.485359e-02  5.482157e-01  4.272194e-01  1.801376e+01
    47  -1.040026e+00  -1.050084e+00  3.692910e-03  9.466042e+00  5.604270e-02  5.305026e-01  4.462436e-01  1.831203e+01
    48  -1.019668e+00  -1.029728e+00  4.035052e-03  8.962696e+00  5.723798e-02  5.130066e-01  4.663578e-01  1.862167e+01
    49  -9.993067e-01  -1.009368e+00  4.407852e-03  8.483048e+00  5.843834e-02  4.957352e-01  4.876398e-01  1.894328e+01
    50  -9.789422e-01  -9.890051e-01  4.813901e-03  8.026065e+00  5.964270e-02  4.786962e-01  5.101744e-01  1.927748e+01
    51  -9.585747e-01  -9.686391e-01  5.256005e-03  7.590767e+00  6.084986e-02  4.618971e-01  5.340532e-01  1.962490e+01
    52  -9.382043e-01  -9.482701e-01  5.737179e-03  7.176214e+00  6.205857e-02  4.453456e-01  5.593758e-01  1.998626e+01
    53  -9.178310e-01  -9.278982e-01  6.260674e-03  6.781503e+00  6.326756e-02  4.290491e-01  5.862509e-01  2.036229e+01
    54  -8.974550e-01  -9.075235e-01  6.829969e-03  6.405762e+00  6.447556e-02  4.130150e-01  6.147969e-01  2.075378e+01
    55  -8.770762e-01  -8.871460e-01  7.448814e-03  6.048162e+00  6.568123e-02  3.972507e-01  6.451429e-01  2.116157e+01
    56  -8.566950e-01  -8.667660e-01  8.121212e-03  5.707914e+00  6.688318e-02  3.817634e-01  6.774295e-01  2.158654e+01
    57  -8.363113e-01  -8.463836e-01  8.851470e-03  5.384262e+00  6.807994e-02  3.665602e-01  7.118102e-01  2.202964e+01
    58  -8.159254e-01  -8.259988e-01  9.644182e-03  5.076484e+00  6.926999e-02  3.516480e-01  7.484528e-01  2.249190e+01
    59  -7.955375e-01  -8.056118e-01  1.050426e-02  4.783886e+00  7.045184e-02  3.370336e-01  7.875407e-01  2.297437e+01
    60  -7.751475e-01  -7.852228e-01  1.143695e-02  4.505807e+00  7.162388e-02  3.227234e-01  8.292748e-01  2.347821e+01
    61  -7.547555e-01  -7.648318e-01  1.244786e-02  4.241607e+00  7.278458e-02  3.087236e-01  8.738761e-01  2.400464e+01
    62  -7.343619e-01  -7.444390e-01  1.354293e-02  3.990671e+00  7.393249e-02  2.950402e-01  9.215872e-01  2.455498e+01
    63  -7.139662e-01  -7.240443e-01  1.472852e-02  3.752432e+00  7.506568e-02  2.816788e-01  9.726722e-01  2.513061e+01
    64  -6.935691e-01  -7.036480e-01  1.601134e-02  3.526336e+00  7.618238e-02  2.686447e-01  1.027422e+00  2.573304e+01
    65  -6.731705e-01  -6.832501e-01  1.739855e-02  3.311845e+00  7.728102e-02  2.559428e-01  1.086159e+00  2.636384e+01
    66  -6.527705e-01  -6.628507e-01  1.889767e-02  3.108439e+00  7.836010e-02  2.435776e-01  1.149238e+00  2.702474e+01
    67  -6.323691e-01  -6.424500e-01  2.051673e-02  2.915645e+00  7.941752e-02  2.315533e-01  1.217047e+00  2.771754e+01
    68  -6.119665e-01  -6.220480e-01  2.226415e-02  2.732976e+00  8.045201e-02  2.198734e-01  1.290018e+00  2.844421e+01
    69  -5.915627e-01  -6.016448e-01  2.414882e-02  2.560006e+00  8.146118e-02  2.085411e-01  1.368622e+00  2.920682e+01
    70  -5.711580e-01  -5.812405e-01  2.618008e-02  2.396286e+00  8.244386e-02  1.975591e-01  1.453390e+00  3.000762e+01
    71  -5.507523e-01  -5.608353e-01  2.836777e-02  2.241408e+00  8.339823e-02  1.869295e-01  1.544901e+00  3.084901e+01
    72  -5.303457e-01  -5.404291e-01  3.072217e-02  2.094974e+00  8.432266e-02  1.766538e-01  1.643801e+00  3.173355e+01
    73  -5.099382e-01  -5.200221e-01  3.325405e-02  1.956596e+00  8.521585e-02  1.667330e-01  1.750809e+00  3.266400e+01
    74  -4.895299e-01  -4.996141e-01  3.597467e-02  1.825936e+00  8.607501e-02  1.571674e-01  1.866706e+00  3.364332e+01
    75  -4.691209e-01  -4.792055e-01  3.889574e-02  1.702620e+00  8.689953e-02  1.479569e-01  1.992386e+00  3.467469e+01
    76  -4.487112e-01  -4.587962e-01  4.202943e-02  1.586321e+00  8.768754e-02  1.391006e-01  2.128825e+00  3.576150e+01
    77  -4.283010e-01  -4.383862e-01  4.538839e-02  1.476712e+00  8.843768e-02  1.305970e-01  2.277118e+00  3.690742e+01
    78  -4.078901e-01  -4.179756e-01  4.898570e-02  1.373490e+00  8.914798e-02  1.224439e-01  2.438477e+00  3.811638e+01
    79  -3.874789e-01  -3.975646e-01  5.283486e-02  1.276355e+00  8.981710e-02  1.146385e-01  2.614260e+00  3.939262e+01
    80  -3.670672e-01  -3.771531e-01  5.694977e-02  1.185011e+00  9.044440e-02  1.071776e-01  2.805995e+00  4.074067e+01
    81  -3.466552e-01  -3.567413e-01  6.134473e-02  1.099195e+00  9.102738e-02  1.000569e-01  3.015359e+00  4.216544e+01
    82  -3.262427e-01  -3.363291e-01  6.603438e-02  1.018620e+00  9.156677e-02  9.327177e-02  3.244283e+00  4.367220e+01
    83  -3.058299e-01  -3.159164e-01  7.103366e-02  9.430503e-01  9.205971e-02  8.681694e-02  3.494864e+00  4.526660e+01
    84  -2.854170e-01  -2.955035e-01  7.635782e-02  8.722454e-01  9.250437e-02  8.068651e-02  3.769469e+00  4.695477e+01
    85  -2.650040e-01  -2.750906e-01  8.202236e-02  8.059530e-01  9.290118e-02  7.487398e-02  4.070799e+00  4.874327e+01
    86  -2.445906e-01  -2.546774e-01  8.804291e-02  7.439323e-01  9.325087e-02  6.937233e-02  4.401900e+00  5.063922e+01
    87  -2.241769e-01  -2.342638e-01  9.443531e-02  6.859857e-01  9.355012e-02  6.417404e-02  4.766096e+00  5.265025e+01
    88  -2.037633e-01  -2.138502e-01  1.012155e-01  6.319049e-01  9.379751e-02  5.927111e-02  5.167169e+00  5.478462e+01
    89  -1.833498e-01  -1.934366e-01  1.083993e-01  5.814737e-01  9.399403e-02  5.465506e-02  5.609443e+00  5.705122e+01
    90  -1.629359e-01  -1.730229e-01  1.160028e-01  5.344830e-01  9.414151e-02  5.031704e-02  6.097833e+00  5.945969e+01
    91  -1.425220e-01  -1.526090e-01  1.240417e-01  4.907719e-01  9.423492e-02  4.624785e-02  6.637651e+00  6.202038e+01
    92  -1.221077e-01  -1.321949e-01  1.325317e-01  4.501344e-01  9.427843e-02  4.243797e-02  7.235218e+00  6.474450e+01
    93  -1.016935e-01  -1.117807e-01  1.414884e-01  4.124179e-01  9.426755e-02  3.887763e-02  7.897350e+00  6.764416e+01
    94  -8.127955e-02  -9.136660e-02  1.509269e-01  3.774455e-01  9.420388e-02  3.555683e-02  8.631998e+00  7.073244e+01
    95  -6.086536e-02  -7.095252e-02  1.608620e-01  3.450485e-01  9.408945e-02  3.246543e-02  9.448206e+00  7.402350e+01
    96  -4.045106e-02  -5.053827e-02  1.713083e-01  3.150799e-01  9.392268e-02  2.959315e-02  1.035605e+01  7.753264e+01
    97  -2.003698e-02  -3.012409e-02  1.822795e-01  2.873956e-01  9.370252e-02  2.692969e-02  1.136696e+01  8.127641e+01
    98  3.772233e-04  -9.709944e-03  1.937892e-01  2.618438e-01  9.343244e-02  2.446471e-02  1.249421e+01  8.527272e+01
    99  2.079148e-02  1.070429e-02  2.058502e-01  2.382960e-01  9.311077e-02  2.218792e-02  1.375255e+01  8.954098e+01
   100  4.120573e-02  3.111854e-02  2.184746e-01  2.166213e-01  9.273843e-02  2.008912e-02  1.515894e+01  9.410219e+01
   101  6.161997e-02  5.153279e-02  2.316738e-01  1.966957e-01  9.231634e-02  1.815823e-02  1.673269e+01  9.897908e+01
   102  8.203410e-02  7.194697e-02  2.454583e-01  1.784028e-01  9.184467e-02  1.638535e-02  1.849572e+01  1.041963e+02
   103  1.024481e-01  9.236103e-02  2.598382e-01  1.616302e-01  9.132435e-02  1.476077e-02  2.047313e+01  1.097806e+02
   104  1.228624e-01  1.127752e-01  2.748221e-01  1.462668e-01  9.075912e-02  1.327505e-02  2.269389e+01  1.157609e+02
   105  1.432764e-01  1.331894e-01  2.904183e-01  1.322212e-01  9.014449e-02  1.191901e-02  2.519008e+01  1.221687e+02
   106  1.636907e-01  1.536035e-01  3.066336e-01  1.193885e-01  8.948737e-02  1.068377e-02  2.799990e+01  1.290381e+02
   107  1.841048e-01  1.740177e-01  3.234744e-01  1.076859e-01  8.878398e-02  9.560781e-03  3.116549e+01  1.364060e+02
   108  2.045187e-01  1.944317e-01  3.409456e-01  9.702433e-02  8.803814e-02  8.541841e-03  3.473633e+01  1.443126e+02
   109  2.249325e-01  2.148455e-01  3.590513e-01  8.732428e-02  8.725072e-02  7.619106e-03  3.876863e+01  1.528017e+02
   110  2.453470e-01  2.352597e-01  3.777946e-01  7.850717e-02  8.642654e-02  6.785103e-03  4.332785e+01  1.619205e+02
   111  2.657615e-01  2.556742e-01  3.971776e-01  7.050793e-02  8.556126e-02  6.032747e-03  4.848679e+01  1.717207e+02
   112  2.861754e-01  2.760883e-01  4.172011e-01  6.326006e-02  8.465587e-02  5.355336e-03  5.433027e+01  1.822581e+02
   113  3.065894e-01  2.965023e-01  4.378652e-01  5.669713e-02  8.371752e-02  4.746543e-03  6.095800e+01  1.935938e+02
   114  3.270033e-01  3.169163e-01  4.591688e-01  5.076418e-02  8.274413e-02  4.200438e-03  6.848162e+01  2.057941e+02
   115  3.474175e-01  3.373303e-01  4.811098e-01  4.540608e-02  8.173940e-02  3.711465e-03  7.703184e+01  2.189311e+02
   116  3.678315e-01  3.577444e-01  5.036853e-01  4.057459e-02  8.070184e-02  3.274444e-03  8.675693e+01  2.330834e+02
   117  3.882456e-01  3.781585e-01  5.268910e-01  3.622151e-02  7.963648e-02  2.884553e-03  9.783122e+01  2.483367e+02
   118  4.086600e-01  3.985728e-01  5.507220e-01  3.230481e-02  7.854332e-02  2.537327e-03  1.104532e+02  2.647841e+02
   119  4.290735e-01  4.189867e-01  5.751725e-01  2.878658e-02  7.741926e-02  2.228636e-03  1.248491e+02  2.825274e+02
   120  4.494869e-01  4.394001e-01  6.002355e-01  2.562699e-02  7.627399e-02  1.954673e-03  1.412909e+02  3.016777e+02
   121  4.699003e-01  4.598135e-01  6.259034e-01  2.279360e-02  7.510622e-02  1.711941e-03  1.600845e+02  3.223560e+02
   122  4.903145e-01  4.802273e-01  6.521678e-01  2.025497e-02  7.391958e-02  1.497239e-03  1.815886e+02  3.446947e+02
   123  5.107281e-01  5.006413e-01  6.790192e-01  1.798463e-02  7.270889e-02  1.307643e-03  2.062076e+02  3.688380e+02
   124  5.311419e-01  5.210550e-01  7.064475e-01  1.595475e-02  7.148250e-02  1.140485e-03  2.344284e+02  3.949438e+02
   125  5.515553e-01  5.414685e-01  7.344420e-01  1.414264e-02  7.023758e-02  9.933451e-04  2.667993e+02  4.231848e+02
   126  5.719696e-01  5.618824e-01  7.629909e-01  1.252523e-02  6.898285e-02  8.640263e-04  3.039790e+02  4.537500e+02
   127  5.923833e-01  5.822964e-01  7.920820e-01  1.108480e-02  6.770948e-02  7.505461e-04  3.466948e+02  4.868458e+02
   128  6.127974e-01  6.027103e-01  8.217023e-01  9.801878e-03  6.642746e-02  6.511138e-04  3.958375e+02  5.226990e+02
   129  6.332116e-01  6.231244e-01  8.518383e-01  8.660771e-03  6.513509e-02  5.641200e-04  4.524139e+02  5.615577e+02
   130  6.536257e-01  6.435386e-01  8.824756e-01  7.646890e-03  6.383248e-02  4.881200e-04  5.176000e+02  6.036940e+02
   131  6.740396e-01  6.639526e-01  9.135995e-01  6.746636e-03  6.252292e-02  4.218194e-04  5.927794e+02  6.494069e+02
   132  6.944538e-01  6.843666e-01  9.451942e-01  5.947861e-03  6.120890e-02  3.640620e-04  6.795664e+02  6.990246e+02
   133  7.148678e-01  7.047807e-01  9.772439e-01  5.240011e-03  5.988868e-02  3.138174e-04  7.798219e+02  7.529076e+02
   134  7.352820e-01  7.251948e-01  1.009732e+00  4.612982e-03  5.856687e-02  2.701679e-04  8.957613e+02  8.114529e+02
   135  7.556965e-01  7.456092e-01  1.042640e+00  4.058109e-03  5.724323e-02  2.322993e-04  1.029945e+03  8.750970e+02
   136  7.761105e-01  7.660234e-01  1.075952e+00  3.567597e-03  5.591718e-02  1.994900e-04  1.185364e+03  9.443210e+02
   137  7.965246e-01  7.864375e-01  1.109648e+00  3.134120e-03  5.459311e-02  1.711013e-04  1.365575e+03  1.019655e+03
   138  8.169387e-01  8.068516e-01  1.143710e+00  2.751434e-03  5.327035e-02  1.465699e-04  1.574701e+03  1.101686e+03
   139  8.373524e-01  8.272655e-01  1.178117e+00  2.413840e-03  5.194995e-02  1.253989e-04  1.817603e+03  1.191059e+03
   140  8.577661e-01  8.476792e-01  1.212849e+00  2.116188e-03  5.063414e-02  1.071513e-04  2.100023e+03  1.288491e+03
   141  8.781799e-01  8.680929e-01  1.247886e+00  1.853929e-03  4.932424e-02  9.144363e-05  2.428716e+03  1.394773e+03
   142  8.985940e-01  8.885069e-01  1.283205e+00  1.623052e-03  4.802025e-02  7.793937e-05  2.811611e+03  1.510782e+03
   143  9.190072e-01  9.089205e-01  1.318783e+00  1.420024e-03  4.672042e-02  6.634413e-05  3.257998e+03  1.637491e+03
   144  9.394206e-01  9.293338e-01  1.354598e+00  1.241440e-03  4.543150e-02  5.640049e-05  3.779163e+03  1.775983e+03
   145  9.598335e-01  9.497470e-01  1.390626e+00  1.084587e-03  4.414951e-02  4.788400e-05  4.388060e+03  1.927458e+03
   146  9.802461e-01  9.701597e-01  1.426840e+00  9.468591e-04  4.287757e-02  4.059902e-05  5.100345e+03  2.093256e+03
   147  1.000660e+00  9.905728e-01  1.463217e+00  8.259563e-04  4.161884e-02  3.437534e-05  5.934689e+03  2.274870e+03
   148  1.021073e+00  1.010986e+00  1.499727e+00  7.199874e-04  4.036906e-02  2.906522e-05  6.912749e+03  2.473964e+03
   149  1.041486e+00  1.031399e+00  1.536345e+00  6.271393e-04  3.913066e-02  2.454038e-05  8.060786e+03  2.692400e+03
   150  1.061899e+00  1.051812e+00  1.573040e+00  5.458117e-04  3.790631e-02  2.068971e-05  9.410255e+03  2.932263e+03
   151  1.082311e+00  1.072225e+00  1.609784e+00  4.746738e-04  3.669278e-02  1.741710e-05  1.099802e+04  3.195893e+03
   152  1.102724e+00  1.092637e+00  1.646545e+00  4.124370e-04  3.549510e-02  1.463949e-05  1.286940e+04  3.485918e+03
   153  1.123135e+00  1.113049e+00  1.683291e+00  3.580609e-04  3.431052e-02  1.228526e-05  1.507750e+04  3.805292e+03
   154  1.143547e+00  1.133461e+00  1.719987e+00  3.105506e-04  3.314319e-02  1.029264e-05  1.768766e+04  4.157352e+03
   155  1.163959e+00  1.153873e+00  1.756600e+00  2.690982e-04  3.199025e-02  8.608521e-06  2.077688e+04  4.545858e+03
   156  1.184371e+00  1.174285e+00  1.793094e+00  2.329474e-04  3.085340e-02  7.187220e-06  2.443940e+04  4.975076e+03
   157  1.204781e+00  1.194696e+00  1.829431e+00  2.014611e-04  2.973054e-02  5.989546e-06  2.878773e+04  5.449833e+03
   158  1.225192e+00  1.215106e+00  1.865571e+00  1.740176e-04  2.862861e-02  4.981882e-06  3.396305e+04  5.975626e+03
   159  1.245602e+00  1.235517e+00  1.901475e+00  1.501430e-04  2.754348e-02  4.135462e-06  4.013150e+04  6.558706e+03
   160  1.266013e+00  1.255927e+00  1.937101e+00  1.293943e-04  2.647472e-02  3.425676e-06  4.749734e+04  7.206211e+03
   161  1.286422e+00  1.276337e+00  1.972406e+00  1.113708e-04  2.542410e-02  2.831503e-06  5.631264e+04  7.926321e+03
   162  1.306832e+00  1.296747e+00  2.007345e+00  9.572025e-05  2.439409e-02  2.335008e-06  6.688887e+04  8.728427e+03
   163  1.327240e+00  1.317156e+00  2.041872e+00  8.215740e-05  2.338105e-02  1.920926e-06  7.960151e+04  9.623317e+03
   164  1.347649e+00  1.337564e+00  2.075939e+00  7.040740e-05  2.238769e-02  1.576259e-06  9.492422e+04  1.062347e+04
   165  1.368057e+00  1.357973e+00  2.109499e+00  6.023675e-05  2.141492e-02  1.289965e-06  1.134437e+05  1.174333e+04
   166  1.388464e+00  1.378381e+00  2.142502e+00  5.145229e-05  2.045934e-02  1.052680e-06  1.358781e+05  1.299966e+04
   167  1.408871e+00  1.398787e+00  2.174895e+00  4.386236e-05  1.952614e-02  8.564628e-07  1.631548e+05  1.441205e+04
   168  1.429276e+00  1.419193e+00  2.206628e+00  3.732137e-05  1.861137e-02  6.946019e-07  1.964053e+05  1.600340e+04
   169  1.449681e+00  1.439599e+00  2.237647e+00  3.168667e-05  1.771796e-02  5.614232e-07  2.370918e+05  1.780061e+04
   170  1.470085e+00  1.460003e+00  2.267900e+00  2.684209e-05  1.684453e-02  4.521424e-07  2.870478e+05  1.983547e+04
   171  1.490488e+00  1.480406e+00  2.297331e+00  2.268094e-05  1.599272e-02  3.627299e-07  3.486405e+05  2.214565e+04
   172  1.510891e+00  1.500809e+00  2.325887e+00  1.911428e-05  1.516146e-02  2.898003e-07  4.248853e+05  2.477597e+04
   173  1.531291e+00  1.521211e+00  2.353516e+00  1.606452e-05  1.434906e-02  2.305107e-07  5.196616e+05  2.778015e+04
   174  1.551689e+00  1.541610e+00  2.380162e+00  1.345823e-05  1.355885e-02  1.824781e-07  6.381175e+05  3.122301e+04
   175  1.572088e+00  1.562008e+00  2.405774e+00  1.123535e-05  1.279112e-02  1.437127e-07  7.869717e+05  3.518297e+04
   176  1.592484e+00  1.582406e+00  2.430301e+00  9.346146e-06  1.204291e-02  1.125548e-07  9.749935e+05  3.975559e+04
   177  1.612878e+00  1.602801e+00  2.453693e+00  7.743562e-06  1.131537e-02  8.762129e-08  1.214017e+06  4.505835e+04
   178  1.633269e+00  1.623193e+00  2.475905e+00  6.387363e-06  1.060903e-02  6.776371e-08  1.519990e+06  5.123675e+04
   179  1.653656e+00  1.643582e+00  2.496892e+00  5.243547e-06  9.922737e-03  5.203034e-08  1.914516e+06  5.847252e+04
   180  1.674043e+00  1.663969e+00  2.516616e+00  4.280619e-06  9.259132e-03  3.963482e-08  2.427774e+06  6.699490e+04
   181  1.694425e+00  1.684353e+00  2.535041e+00  3.474256e-06  8.614813e-03  2.993007e-08  3.101096e+06  7.709502e+04
   182  1.714803e+00  1.704733e+00  2.552138e+00  2.800949e-06  7.991474e-03  2.238371e-08  3.993755e+06  8.914852e+04
   183  1.735176e+00  1.725109e+00  2.567883e+00  2.241383e-06  7.388360e-03  1.656014e-08  5.190509e+06  1.036449e+05
   184  1.755542e+00  1.745479e+00  2.582261e+00  1.778706e-06  6.804938e-03  1.210398e-08  6.815281e+06  1.212316e+05
   185  1.775902e+00  1.765841e+00  2.595264e+00  1.398001e-06  6.241996e-03  8.726320e-09  9.053794e+06  1.427791e+05
   186  1.796253e+00  1.786197e+00  2.606894e+00  1.086779e-06  5.699021e-03  6.193577e-09  1.218873e+07  1.694765e+05
   187  1.816594e+00  1.806543e+00  2.617165e+00  8.343586e-07  5.174676e-03  4.317536e-09  1.666118e+07  2.029842e+05
   188  1.836920e+00  1.826876e+00  2.626099e+00  6.310828e-07  4.670427e-03  2.947426e-09  2.318651e+07  2.456737e+05
   189  1.857228e+00  1.847193e+00  2.633735e+00  4.691973e-07  4.184197e-03  1.963214e-09  3.294871e+07  3.010207e+05
   190  1.877512e+00  1.867489e+00  2.640124e+00  3.415547e-07  3.717782e-03  1.269826e-09  4.801730e+07  3.742898e+05
   191  1.897763e+00  1.887756e+00  2.645332e+00  2.425005e-07  3.268598e-03  7.926368e-10  7.212844e+07  4.737433e+05
   192  1.917961e+00  1.907979e+00  2.649443e+00  1.668478e-07  2.837807e-03  4.734817e-10  1.125092e+08  6.129549e+05
   193  1.938085e+00  1.928139e+00  2.652556e+00  1.103155e-07  2.425224e-03  2.675398e-10  1.840719e+08  8.154287e+05
   194  1.958079e+00  1.948197e+00  2.654785e+00  6.923570e-08  2.031784e-03  1.406720e-10  3.204285e+08  1.124544e+06
   195  1.977822e+00  1.968063e+00  2.656266e+00  4.057705e-08  1.656664e-03  6.722254e-11  6.054835e+08  1.626757e+06
   196  1.996997e+00  1.987516e+00  2.657144e+00  2.164290e-08  1.306157e-03  2.826901e-11  1.278460e+09  2.508562e+06
   197  2.014465e+00  2.005819e+00  2.657579e+00  1.031476e-08  9.949870e-04  1.026305e-11  3.073494e+09  4.163341e+06
   198  2.025382e+00  2.019958e+00  2.657731e+00  5.078200e-09  7.572119e-04  3.845273e-12  7.156184e+09  6.801686e+06
   199  2.063054e+00  2.044626e+00  2.657754e+00  1.979582e-10  1.421492e-04  2.813960e-14  4.236959e+11  7.950990e+07
