     i         log_r      log_rmid             m           rho            v2             p        trelax            kn
     0  -1.747732e+00  -2.048762e+00  4.936565e-05  2.496755e+01  3.375825e-02  8.428606e-01  2.179888e-01  1.452788e+01
     1  -1.732068e+00  -1.739829e+00  5.419782e-05  2.271289e+01  3.560681e-02  8.087334e-01  2.333249e-01  1.483124e+01
     2  -1.716603e+00  -1.724267e+00  5.950000e-05  2.256055e+01  3.574208e-02  8.063609e-01  2.344555e-01  1.485304e+01
     3  -1.701290e+00  -1.708879e+00  6.531955e-05  2.240335e+01  3.588270e-02  8.038926e-01  2.356376e-01  1.487583e+01
     4  -1.686091e+00  -1.693624e+00  7.170956e-05  2.224071e+01  3.602933e-02  8.013177e-01  2.368772e-01  1.489971e+01
     5  -1.670998e+00  -1.678479e+00  7.871809e-05  2.207223e+01  3.618248e-02  7.986279e-01  2.381796e-01  1.492478e+01
     6  -1.655985e+00  -1.663427e+00  8.640670e-05  2.189757e+01  3.634265e-02  7.958155e-01  2.395498e-01  1.495113e+01
     7  -1.641024e+00  -1.648440e+00  9.484598e-05  2.171624e+01  3.651047e-02  7.928703e-01  2.409942e-01  1.497887e+01
     8  -1.626105e+00  -1.633500e+00  1.041061e-04  2.152786e+01  3.668655e-02  7.897831e-01  2.425189e-01  1.500812e+01
     9  -1.611219e+00  -1.618598e+00  1.142643e-04  2.133214e+01  3.687140e-02  7.865460e-01  2.441297e-01  1.503897e+01
    10  -1.596356e+00  -1.603724e+00  1.254043e-04  2.112881e+01  3.706556e-02  7.831512e-01  2.458327e-01  1.507153e+01
    11  -1.581500e+00  -1.588865e+00  1.376269e-04  2.091754e+01  3.726966e-02  7.795895e-01  2.476348e-01  1.510592e+01
    12  -1.566645e+00  -1.574009e+00  1.510336e-04  2.069802e+01  3.748435e-02  7.758516e-01  2.495435e-01  1.514226e+01
    13  -1.551777e+00  -1.559147e+00  1.657433e-04  2.046999e+01  3.771025e-02  7.719286e-01  2.515664e-01  1.518069e+01
    14  -1.536905e+00  -1.544278e+00  1.818648e-04  2.023332e+01  3.794795e-02  7.678131e-01  2.537106e-01  1.522132e+01
    15  -1.522006e+00  -1.529392e+00  1.995513e-04  1.998781e+01  3.819810e-02  7.634964e-01  2.559846e-01  1.526429e+01
    16  -1.507084e+00  -1.514481e+00  2.189405e-04  1.973324e+01  3.846144e-02  7.589689e-01  2.583978e-01  1.530975e+01
    17  -1.492128e+00  -1.499542e+00  2.402008e-04  1.946954e+01  3.873860e-02  7.542228e-01  2.609590e-01  1.535785e+01
    18  -1.477131e+00  -1.484565e+00  2.635142e-04  1.919654e+01  3.903038e-02  7.492484e-01  2.636790e-01  1.540874e+01
    19  -1.462094e+00  -1.469548e+00  2.890647e-04  1.891424e+01  3.933745e-02  7.440382e-01  2.665679e-01  1.546260e+01
    20  -1.447009e+00  -1.454486e+00  3.170727e-04  1.862265e+01  3.966054e-02  7.385843e-01  2.696368e-01  1.551959e+01
    21  -1.431874e+00  -1.439375e+00  3.477602e-04  1.832180e+01  4.000038e-02  7.328789e-01  2.728977e-01  1.557988e+01
    22  -1.416677e+00  -1.424209e+00  3.813997e-04  1.801173e+01  4.035780e-02  7.269137e-01  2.763636e-01  1.564367e+01
    23  -1.401420e+00  -1.408981e+00  4.182554e-04  1.769254e+01  4.073358e-02  7.206806e-01  2.800486e-01  1.571118e+01
    24  -1.386094e+00  -1.393689e+00  4.586397e-04  1.736444e+01  4.112849e-02  7.141733e-01  2.839669e-01  1.578259e+01
    25  -1.370695e+00  -1.378326e+00  5.028839e-04  1.702762e+01  4.154336e-02  7.073844e-01  2.881345e-01  1.585815e+01
    26  -1.355225e+00  -1.362891e+00  5.513328e-04  1.668242e+01  4.197888e-02  7.003094e-01  2.925671e-01  1.593805e+01
    27  -1.339673e+00  -1.347379e+00  6.043959e-04  1.632920e+01  4.243582e-02  6.929431e-01  2.972821e-01  1.602254e+01
    28  -1.324038e+00  -1.331785e+00  6.625023e-04  1.596830e+01  4.291501e-02  6.852796e-01  3.022991e-01  1.611188e+01
    29  -1.308315e+00  -1.316105e+00  7.261187e-04  1.560018e+01  4.341716e-02  6.773156e-01  3.076378e-01  1.620633e+01
    30  -1.292499e+00  -1.300335e+00  7.957575e-04  1.522537e+01  4.394299e-02  6.690481e-01  3.133195e-01  1.630615e+01
    31  -1.276588e+00  -1.284471e+00  8.719757e-04  1.484442e+01  4.449317e-02  6.604752e-01  3.193671e-01  1.641164e+01
    32  -1.260578e+00  -1.268510e+00  9.553798e-04  1.445795e+01  4.506834e-02  6.515960e-01  3.258047e-01  1.652308e+01
    33  -1.244463e+00  -1.252446e+00  1.046648e-03  1.406661e+01  4.566914e-02  6.424098e-01  3.326590e-01  1.664080e+01
    34  -1.228243e+00  -1.236277e+00  1.146471e-03  1.367111e+01  4.629605e-02  6.329186e-01  3.399571e-01  1.676510e+01
    35  -1.211914e+00  -1.220001e+00  1.255647e-03  1.327226e+01  4.694949e-02  6.231257e-01  3.477281e-01  1.689633e+01
    36  -1.195471e+00  -1.203614e+00  1.375032e-03  1.287079e+01  4.762990e-02  6.130342e-01  3.560042e-01  1.703483e+01
    37  -1.178913e+00  -1.187113e+00  1.505545e-03  1.246752e+01  4.833757e-02  6.026495e-01  3.648191e-01  1.718097e+01
    38  -1.162238e+00  -1.170495e+00  1.648199e-03  1.206329e+01  4.907269e-02  5.919783e-01  3.742089e-01  1.733514e+01
    39  -1.145443e+00  -1.153759e+00  1.804073e-03  1.165897e+01  4.983535e-02  5.810290e-01  3.842120e-01  1.749771e+01
    40  -1.128525e+00  -1.136902e+00  1.974373e-03  1.125541e+01  5.062553e-02  5.698108e-01  3.948699e-01  1.766912e+01
    41  -1.111485e+00  -1.119921e+00  2.160369e-03  1.085345e+01  5.144309e-02  5.583348e-01  4.062270e-01  1.784978e+01
    42  -1.094319e+00  -1.102817e+00  2.363462e-03  1.045395e+01  5.228774e-02  5.466136e-01  4.183305e-01  1.804014e+01
    43  -1.077028e+00  -1.085587e+00  2.585179e-03  1.005774e+01  5.315912e-02  5.346604e-01  4.312319e-01  1.824068e+01
    44  -1.059610e+00  -1.068232e+00  2.827132e-03  9.665616e+00  5.405665e-02  5.224909e-01  4.449855e-01  1.845189e+01
    45  -1.042067e+00  -1.050750e+00  3.091098e-03  9.278379e+00  5.497961e-02  5.101217e-01  4.596498e-01  1.867425e+01
    46  -1.024398e+00  -1.033143e+00  3.379000e-03  8.896748e+00  5.592720e-02  4.975702e-01  4.752883e-01  1.890832e+01
    47  -1.006603e+00  -1.015409e+00  3.692910e-03  8.521412e+00  5.689844e-02  4.848550e-01  4.919696e-01  1.915465e+01
    48  -9.886832e-01  -9.975504e-01  4.035052e-03  8.153016e+00  5.789220e-02  4.719961e-01  5.097669e-01  1.941382e+01
    49  -9.706403e-01  -9.795681e-01  4.407852e-03  7.792147e+00  5.890723e-02  4.590138e-01  5.287599e-01  1.968644e+01
    50  -9.524761e-01  -9.614633e-01  4.813901e-03  7.439335e+00  5.994215e-02  4.459297e-01  5.490346e-01  1.997317e+01
    51  -9.341924e-01  -9.432380e-01  5.256005e-03  7.095055e+00  6.099541e-02  4.327658e-01  5.706840e-01  2.027467e+01
    52  -9.157915e-01  -9.248945e-01  5.737179e-03  6.759716e+00  6.206539e-02  4.195444e-01  5.938090e-01  2.059165e+01
    53  -8.972758e-01  -9.064350e-01  6.260674e-03  6.433670e+00  6.315034e-02  4.062884e-01  6.185195e-01  2.092488e+01
    54  -8.786483e-01  -8.878622e-01  6.829969e-03  6.117206e+00  6.424842e-02  3.930208e-01  6.449346e-01  2.127514e+01
    55  -8.599121e-01  -8.691792e-01  7.448814e-03  5.810559e+00  6.535766e-02  3.797646e-01  6.731840e-01  2.164327e+01
    56  -8.410705e-01  -8.503891e-01  8.121212e-03  5.513906e+00  6.647606e-02  3.665427e-01  7.034092e-01  2.203017e+01
    57  -8.221270e-01  -8.314955e-01  8.851470e-03  5.227370e+00  6.760149e-02  3.533780e-01  7.357641e-01  2.243677e+01
    58  -8.030852e-01  -8.125017e-01  9.644182e-03  4.951024e+00  6.873180e-02  3.402928e-01  7.704174e-01  2.286408e+01
    59  -7.839491e-01  -7.934117e-01  1.050426e-02  4.684896e+00  6.986475e-02  3.273091e-01  8.075529e-01  2.331316e+01
    60  -7.647223e-01  -7.742293e-01  1.143695e-02  4.428968e+00  7.099808e-02  3.144482e-01  8.473721e-01  2.378513e+01
    61  -7.454088e-01  -7.549582e-01  1.244786e-02  4.183182e+00  7.212948e-02  3.017308e-01  8.900959e-01  2.428121e+01
    62  -7.260126e-01  -7.356024e-01  1.354293e-02  3.947448e+00  7.325660e-02  2.891766e-01  9.359664e-01  2.480268e+01
    63  -7.065375e-01  -7.161659e-01  1.472852e-02  3.721639e+00  7.437708e-02  2.768047e-01  9.852494e-01  2.535090e+01
    64  -6.869877e-01  -6.966526e-01  1.601134e-02  3.505604e+00  7.548855e-02  2.646330e-01  1.038237e+00  2.592735e+01
    65  -6.673669e-01  -6.770665e-01  1.739855e-02  3.299166e+00  7.658862e-02  2.526786e-01  1.095251e+00  2.653359e+01
    66  -6.476792e-01  -6.574115e-01  1.889767e-02  3.102127e+00  7.767489e-02  2.409574e-01  1.156645e+00  2.717128e+01
    67  -6.279282e-01  -6.376914e-01  2.051673e-02  2.914271e+00  7.874499e-02  2.294842e-01  1.222809e+00  2.784221e+01
    68  -6.081178e-01  -6.179100e-01  2.226415e-02  2.735365e+00  7.979654e-02  2.182727e-01  1.294174e+00  2.854831e+01
    69  -5.882516e-01  -5.980711e-01  2.414882e-02  2.565168e+00  8.082721e-02  2.073354e-01  1.371215e+00  2.929163e+01
    70  -5.683333e-01  -5.781783e-01  2.618008e-02  2.403424e+00  8.183467e-02  1.966834e-01  1.454457e+00  3.007435e+01
    71  -5.483663e-01  -5.582351e-01  2.836777e-02  2.249873e+00  8.281665e-02  1.863270e-01  1.544483e+00  3.089885e+01
    72  -5.283538e-01  -5.382448e-01  3.072217e-02  2.104249e+00  8.377090e-02  1.762748e-01  1.641937e+00  3.176765e+01
    73  -5.082993e-01  -5.182108e-01  3.325405e-02  1.966279e+00  8.469524e-02  1.665345e-01  1.747533e+00  3.268347e+01
    74  -4.882057e-01  -4.981363e-01  3.597467e-02  1.835692e+00  8.558755e-02  1.571123e-01  1.862066e+00  3.364922e+01
    75  -4.680760e-01  -4.780242e-01  3.889574e-02  1.712213e+00  8.644577e-02  1.480136e-01  1.986416e+00  3.466804e+01
    76  -4.479130e-01  -4.578775e-01  4.202943e-02  1.595571e+00  8.726791e-02  1.392422e-01  2.121566e+00  3.574331e+01
    77  -4.277195e-01  -4.376989e-01  4.538839e-02  1.485495e+00  8.805207e-02  1.308009e-01  2.268606e+00  3.687863e+01
    78  -4.074980e-01  -4.174911e-01  4.898570e-02  1.381716e+00  8.879642e-02  1.226914e-01  2.428754e+00  3.807790e+01
    79  -3.872509e-01  -3.972565e-01  5.283486e-02  1.283970e+00  8.949923e-02  1.149143e-01  2.603368e+00  3.934532e+01
    80  -3.669807e-01  -3.769975e-01  5.694977e-02  1.191996e+00  9.015888e-02  1.074690e-01  2.793966e+00  4.068540e+01
    81  -3.466893e-01  -3.567165e-01  6.134473e-02  1.105539e+00  9.077383e-02  1.003540e-01  3.002241e+00  4.210297e+01
    82  -3.263789e-01  -3.364154e-01  6.603438e-02  1.024349e+00  9.134266e-02  9.356679e-02  3.230093e+00  4.360329e+01
    83  -3.060513e-01  -3.160961e-01  7.103366e-02  9.481825e-01  9.186405e-02  8.710388e-02  3.479648e+00  4.519198e+01
    84  -2.857083e-01  -2.957607e-01  7.635782e-02  8.768004e-01  9.233680e-02  8.096094e-02  3.753288e+00  4.687512e+01
    85  -2.653516e-01  -2.754107e-01  8.202236e-02  8.099711e-01  9.275985e-02  7.513280e-02  4.053689e+00  4.865925e+01
    86  -2.449827e-01  -2.550478e-01  8.804291e-02  7.474696e-01  9.313222e-02  6.961350e-02  4.383858e+00  5.055143e+01
    87  -2.246031e-01  -2.346734e-01  9.443531e-02  6.890772e-01  9.345310e-02  6.439640e-02  4.747175e+00  5.255927e+01
    88  -2.042139e-01  -2.142889e-01  1.012155e-01  6.345822e-01  9.372177e-02  5.947417e-02  5.147447e+00  5.469101e+01
    89  -1.838165e-01  -1.938955e-01  1.083993e-01  5.837798e-01  9.393768e-02  5.483892e-02  5.588960e+00  5.695551e+01
    90  -1.634119e-01  -1.734944e-01  1.160028e-01  5.364718e-01  9.410037e-02  5.048220e-02  6.076555e+00  5.936234e+01
    91  -1.430011e-01  -1.530866e-01  1.240417e-01  4.924675e-01  9.420950e-02  4.639512e-02  6.615688e+00  6.192186e+01
    92  -1.225850e-01  -1.326731e-01  1.325317e-01  4.515831e-01  9.426479e-02  4.256838e-02  7.212529e+00  6.464524e+01
    93  -1.021644e-01  -1.122547e-01  1.414884e-01  4.136413e-01  9.426609e-02  3.899235e-02  7.874054e+00  6.754457e+01
    94  -8.174019e-02  -9.183225e-02  1.509269e-01  3.784716e-01  9.421343e-02  3.565711e-02  8.608159e+00  7.063291e+01
    95  -6.131290e-02  -7.140645e-02  1.608620e-01  3.459101e-01  9.410697e-02  3.255255e-02  9.423796e+00  7.392437e+01
    96  -4.088316e-02  -5.097791e-02  1.713083e-01  3.157995e-01  9.394696e-02  2.966840e-02  1.033112e+01  7.743425e+01
    97  -2.045154e-02  -3.054721e-02  1.822795e-01  2.879892e-01  9.373377e-02  2.699431e-02  1.134164e+01  8.117906e+01
    98  -1.847345e-05  -1.011485e-02  1.937892e-01  2.623349e-01  9.346790e-02  2.451990e-02  1.246845e+01  8.517671e+01
    99  2.041566e-02  1.031876e-02  2.058502e-01  2.386990e-01  9.314990e-02  2.223479e-02  1.372645e+01  8.944656e+01
   100  4.085048e-02  3.075325e-02  2.184746e-01  2.169500e-01  9.278037e-02  2.012870e-02  1.513255e+01  9.400961e+01
   101  6.128563e-02  5.118823e-02  2.316738e-01  1.969627e-01  9.236002e-02  1.819148e-02  1.670606e+01  9.888858e+01
   102  8.172082e-02  7.162341e-02  2.454583e-01  1.786177e-01  9.188971e-02  1.641313e-02  1.846895e+01  1.041081e+02
   103  1.021559e-01  9.205855e-02  2.598382e-01  1.618011e-01  9.137055e-02  1.478385e-02  2.044634e+01  1.096949e+02
   104  1.225907e-01  1.124935e-01  2.748221e-01  1.464051e-01  9.080371e-02  1.329412e-02  2.266690e+01  1.156779e+02
   105  1.430250e-01  1.329280e-01  2.904183e-01  1.323284e-01  9.018985e-02  1.193468e-02  2.516333e+01  1.220885e+02
   106  1.634587e-01  1.533620e-01  3.066336e-01  1.194741e-01  8.953049e-02  1.069657e-02  2.797312e+01  1.289608e+02
   107  1.838917e-01  1.737954e-01  3.234744e-01  1.077516e-01  8.882632e-02  9.571182e-03  3.113904e+01  1.363319e+02
   108  2.043238e-01  1.942279e-01  3.409456e-01  9.707470e-02  8.807896e-02  8.550239e-03  3.471026e+01  1.442418e+02
   109  2.247550e-01  2.146595e-01  3.590513e-01  8.736180e-02  8.729036e-02  7.625844e-03  3.874318e+01  1.527342e+02
   110  2.451858e-01  2.350905e-01  3.777946e-01  7.853650e-02  8.646266e-02  6.790474e-03  4.330262e+01  1.618565e+02
   111  2.656156e-01  2.555208e-01  3.971776e-01  7.052971e-02  8.559514e-02  6.037000e-03  4.846223e+01  1.716602e+02
   112  2.860442e-01  2.759500e-01  4.172011e-01  6.327493e-02  8.468877e-02  5.358676e-03  5.430695e+01  1.822013e+02
   113  3.064718e-01  2.963781e-01  4.378652e-01  5.670789e-02  8.374755e-02  4.749147e-03  6.093551e+01  1.935407e+02
   114  3.268986e-01  3.168053e-01  4.591688e-01  5.077128e-02  8.277218e-02  4.202450e-03  6.846044e+01  2.057448e+02
   115  3.473245e-01  3.372316e-01  4.811098e-01  4.541083e-02  8.176474e-02  3.713004e-03  7.701185e+01  2.188857e+02
   116  3.677496e-01  3.576571e-01  5.036853e-01  4.057711e-02  8.072551e-02  3.275608e-03  8.673881e+01  2.330420e+02
   117  3.881738e-01  3.780818e-01  5.268910e-01  3.622274e-02  7.965777e-02  2.885423e-03  9.781480e+01  2.482993e+02
   118  4.085974e-01  3.985057e-01  5.507220e-01  3.230526e-02  7.856203e-02  2.537967e-03  1.104385e+02  2.647507e+02
   119  4.290195e-01  4.189285e-01  5.751725e-01  2.878594e-02  7.743703e-02  2.229098e-03  1.248376e+02  2.824982e+02
   120  4.494407e-01  4.393501e-01  6.002355e-01  2.562600e-02  7.628962e-02  1.954998e-03  1.412819e+02  3.016526e+02
   121  4.698614e-01  4.597711e-01  6.259034e-01  2.279229e-02  7.512027e-02  1.712163e-03  1.600787e+02  3.223351e+02
   122  4.902819e-01  4.801916e-01  6.521678e-01  2.025368e-02  7.393145e-02  1.497384e-03  1.815856e+02  3.446780e+02
   123  5.107014e-01  5.006116e-01  6.790192e-01  1.798313e-02  7.271982e-02  1.307730e-03  2.062093e+02  3.688256e+02
   124  5.311204e-01  5.210309e-01  7.064475e-01  1.595333e-02  7.149176e-02  1.140532e-03  2.344340e+02  3.949358e+02
   125  5.515385e-01  5.414495e-01  7.344420e-01  1.414119e-02  7.024603e-02  9.933624e-04  2.668107e+02  4.231811e+02
   126  5.719570e-01  5.618678e-01  7.629909e-01  1.252398e-02  6.898955e-02  8.640237e-04  3.039947e+02  4.537507e+02
   127  5.923745e-01  5.822857e-01  7.920820e-01  1.108357e-02  6.771559e-02  7.505302e-04  3.467178e+02  4.868510e+02
   128  6.127918e-01  6.027031e-01  8.217023e-01  9.800776e-03  6.643247e-02  6.510898e-04  3.958670e+02  5.227087e+02
   129  6.332090e-01  6.231204e-01  8.518383e-01  8.659786e-03  6.513920e-02  5.640915e-04  4.524511e+02  5.615719e+02
   130  6.536256e-01  6.435372e-01  8.824756e-01  7.646003e-03  6.383592e-02  4.880896e-04  5.176462e+02  6.037128e+02
   131  6.740417e-01  6.639536e-01  9.135995e-01  6.745847e-03  6.252572e-02  4.217890e-04  5.928354e+02  6.494303e+02
   132  6.944579e-01  6.843698e-01  9.451942e-01  5.947177e-03  6.121102e-02  3.640328e-04  6.796328e+02  6.990527e+02
   133  7.148735e-01  7.047856e-01  9.772439e-01  5.239406e-03  5.989037e-02  3.137899e-04  7.799010e+02  7.529405e+02
   134  7.352891e-01  7.252012e-01  1.009732e+00  4.612459e-03  5.856806e-02  2.701428e-04  8.958537e+02  8.114906e+02
   135  7.557048e-01  7.456169e-01  1.042640e+00  4.057660e-03  5.724400e-02  2.322767e-04  1.030053e+03  8.751396e+02
   136  7.761198e-01  7.660322e-01  1.075952e+00  3.567206e-03  5.591767e-02  1.994698e-04  1.185488e+03  9.443686e+02
   137  7.965348e-01  7.864472e-01  1.109648e+00  3.133786e-03  5.459328e-02  1.710837e-04  1.365718e+03  1.019708e+03
   138  8.169494e-01  8.068620e-01  1.143710e+00  2.751149e-03  5.327028e-02  1.465545e-04  1.574865e+03  1.101744e+03
   139  8.373637e-01  8.272765e-01  1.178117e+00  2.413596e-03  5.194969e-02  1.253856e-04  1.817791e+03  1.191122e+03
   140  8.577777e-01  8.476906e-01  1.212849e+00  2.115980e-03  5.063372e-02  1.071399e-04  2.100238e+03  1.288559e+03
   141  8.781919e-01  8.681047e-01  1.247886e+00  1.853753e-03  4.932367e-02  9.143390e-05  2.428960e+03  1.394847e+03
   142  8.986061e-01  8.885189e-01  1.283205e+00  1.622904e-03  4.801955e-02  7.793112e-05  2.811889e+03  1.510862e+03
   143  9.190193e-01  9.089327e-01  1.318783e+00  1.419898e-03  4.671968e-02  6.633718e-05  3.258314e+03  1.637577e+03
   144  9.394328e-01  9.293460e-01  1.354598e+00  1.241335e-03  4.543067e-02  5.639465e-05  3.779520e+03  1.776075e+03
   145  9.598456e-01  9.497592e-01  1.390626e+00  1.084498e-03  4.414865e-02  4.787913e-05  4.388464e+03  1.927556e+03
   146  9.802582e-01  9.701718e-01  1.426840e+00  9.467839e-04  4.287669e-02  4.059496e-05  5.100803e+03  2.093361e+03
   147  1.000672e+00  9.905848e-01  1.463217e+00  8.258937e-04  4.161792e-02  3.437197e-05  5.935205e+03  2.274982e+03
   148  1.021085e+00  1.010998e+00  1.499727e+00  7.199349e-04  4.036814e-02  2.906243e-05  6.913332e+03  2.474082e+03
   149  1.041497e+00  1.031411e+00  1.536345e+00  6.270953e-04  3.912976e-02  2.453809e-05  8.061445e+03  2.692525e+03
   150  1.061910e+00  1.051824e+00  1.573040e+00  5.457751e-04  3.790540e-02  2.068783e-05  9.410999e+03  2.932397e+03
   151  1.082322e+00  1.072236e+00  1.609784e+00  4.746432e-04  3.669190e-02  1.741556e-05  1.099886e+04  3.196034e+03
   152  1.102734e+00  1.092648e+00  1.646545e+00  4.124115e-04  3.549424e-02  1.463823e-05  1.287035e+04  3.486068e+03
   153  1.123146e+00  1.113060e+00  1.683291e+00  3.580397e-04  3.430969e-02  1.228423e-05  1.507858e+04  3.805451e+03
   154  1.143557e+00  1.133471e+00  1.719987e+00  3.105330e-04  3.314239e-02  1.029181e-05  1.768888e+04  4.157520e+03
   155  1.163969e+00  1.153883e+00  1.756600e+00  2.690836e-04  3.198949e-02  8.607847e-06  2.077826e+04  4.546036e+03
   156  1.184380e+00  1.174295e+00  1.793094e+00  2.329353e-04  3.085267e-02  7.186676e-06  2.444096e+04  4.975264e+03
   157  1.204790e+00  1.194705e+00  1.829431e+00  2.014510e-04  2.972985e-02  5.989108e-06  2.878950e+04  5.450032e+03
   158  1.225200e+00  1.215115e+00  1.865571e+00  1.740093e-04  2.862795e-02  4.981530e-06  3.396506e+04  5.975837e+03
   159  1.245611e+00  1.235526e+00  1.901475e+00  1.501362e-04  2.754286e-02  4.135179e-06  4.013379e+04  6.558930e+03
   160  1.266021e+00  1.255936e+00  1.937101e+00  1.293886e-04  2.647413e-02  3.425451e-06  4.749995e+04  7.206449e+03
   161  1.286430e+00  1.276345e+00  1.972406e+00  1.113661e-04  2.542356e-02  2.831323e-06  5.631561e+04  7.926573e+03
   162  1.306839e+00  1.296754e+00  2.007345e+00  9.571641e-05  2.439357e-02  2.334865e-06  6.689227e+04  8.728694e+03
   163  1.327248e+00  1.317163e+00  2.041872e+00  8.215423e-05  2.338057e-02  1.920813e-06  7.960540e+04  9.623602e+03
   164  1.347656e+00  1.337572e+00  2.075939e+00  7.040480e-05  2.238724e-02  1.576169e-06  9.492868e+04  1.062377e+04
   165  1.368064e+00  1.357980e+00  2.109499e+00  6.023462e-05  2.141450e-02  1.289894e-06  1.134488e+05  1.174365e+04
   166  1.388471e+00  1.378387e+00  2.142502e+00  5.145055e-05  2.045895e-02  1.052624e-06  1.358840e+05  1.300000e+04
   167  1.408877e+00  1.398794e+00  2.174895e+00  4.386093e-05  1.952578e-02  8.564190e-07  1.631616e+05  1.441242e+04
   168  1.429283e+00  1.419200e+00  2.206628e+00  3.732020e-05  1.861104e-02  6.945677e-07  1.964132e+05  1.600379e+04
   169  1.449687e+00  1.439605e+00  2.237647e+00  3.168572e-05  1.771765e-02  5.613966e-07  2.371010e+05  1.780104e+04
   170  1.470090e+00  1.460008e+00  2.267900e+00  2.684131e-05  1.684425e-02  4.521217e-07  2.870585e+05  1.983593e+04
   171  1.490494e+00  1.480412e+00  2.297331e+00  2.268031e-05  1.599246e-02  3.627139e-07  3.486530e+05  2.214614e+04
   172  1.510896e+00  1.500815e+00  2.325887e+00  1.911377e-05  1.516122e-02  2.897880e-07  4.249000e+05  2.477650e+04
   173  1.531296e+00  1.521216e+00  2.353516e+00  1.606410e-05  1.434884e-02  2.305012e-07  5.196790e+05  2.778072e+04
   174  1.551694e+00  1.541614e+00  2.380162e+00  1.345790e-05  1.355865e-02  1.824709e-07  6.381380e+05  3.122363e+04
   175  1.572092e+00  1.562013e+00  2.405774e+00  1.123508e-05  1.279094e-02  1.437072e-07  7.869960e+05  3.518365e+04
   176  1.592489e+00  1.582410e+00  2.430301e+00  9.345932e-06  1.204274e-02  1.125506e-07  9.750227e+05  3.975632e+04
   177  1.612882e+00  1.602805e+00  2.453693e+00  7.743391e-06  1.131522e-02  8.761816e-08  1.214052e+06  4.505916e+04
   178  1.633273e+00  1.623197e+00  2.475905e+00  6.387227e-06  1.060889e-02  6.776137e-08  1.520032e+06  5.123763e+04
   179  1.653660e+00  1.643586e+00  2.496892e+00  5.243440e-06  9.922609e-03  5.202860e-08  1.914568e+06  5.847350e+04
   180  1.674047e+00  1.663973e+00  2.516616e+00  4.280534e-06  9.259016e-03  3.963354e-08  2.427837e+06  6.699598e+04
   181  1.694428e+00  1.684357e+00  2.535041e+00  3.474190e-06  8.614709e-03  2.992913e-08  3.101174e+06  7.709622e+04
   182  1.714807e+00  1.704737e+00  2.552138e+00  2.800897e-06  7.991379e-03  2.238303e-08  3.993852e+06  8.914987e+04
   183  1.735180e+00  1.725113e+00  2.567883e+00  2.241343e-06  7.388275e-03  1.655966e-08  5.190631e+06  1.036465e+05
   184  1.755546e+00  1.745482e+00  2.582261e+00  1.778675e-06  6.804862e-03  1.210364e-08  6.815437e+06  1.212334e+05
   185  1.775905e+00  1.765845e+00  2.595264e+00  1.397978e-06  6.241928e-03  8.726078e-09  9.053996e+06  1.427811e+05
   186  1.796257e+00  1.786200e+00  2.606894e+00  1.086761e-06  5.698961e-03  6.193410e-09  1.218900e+07  1.694787e+05
   187  1.816597e+00  1.806546e+00  2.617165e+00  8.343454e-07  5.174623e-03  4.317423e-09  1.666153e+07  2.029868e+05
   188  1.836923e+00  1.826879e+00  2.626099e+00  6.310731e-07  4.670380e-03  2.947351e-09  2.318698e+07  2.456769e+05
   189  1.857230e+00  1.847196e+00  2.633735e+00  4.691902e-07  4.184156e-03  1.963165e-09  3.294937e+07  3.010244e+05
   190  1.877515e+00  1.867491e+00  2.640124e+00  3.415496e-07  3.717746e-03  1.269795e-09  4.801825e+07  3.742944e+05
   191  1.897765e+00  1.887758e+00  2.645332e+00  2.424969e-07  3.268567e-03  7.926174e-10  7.212986e+07  4.737490e+05
   192  1.917964e+00  1.907982e+00  2.649443e+00  1.668453e-07  2.837779e-03  4.734701e-10  1.125114e+08  6.129624e+05
   193  1.938087e+00  1.928142e+00  2.652556e+00  1.103138e-07  2.425199e-03  2.675330e-10  1.840756e+08  8.154389e+05
   194  1.958081e+00  1.948199e+00  2.654785e+00  6.923458e-08  2.031762e-03  1.406682e-10  3.204354e+08  1.124559e+06
   195  1.977825e+00  1.968065e+00  2.656266e+00  4.057628e-08  1.656644e-03  6.722043e-11  6.054987e+08  1.626783e+06
   196  1.997000e+00  1.987518e+00  2.657144e+00  2.164233e-08  1.306134e-03  2.826777e-11  1.278504e+09  2.508617e+06
   197  2.014469e+00  2.005822e+00  2.657579e+00  1.031424e-08  9.949540e-04  1.026220e-11  3.073698e+09  4.163514e+06
   198  2.025386e+00  2.019962e+00  2.657731e+00  5.077657e-09  7.571580e-04  3.844588e-12  7.157204e+09  6.802291e+06
   199  2.063054e+00  2.044628e+00  2.657754e+00  1.979770e-10  1.421586e-04  2.814413e-14  4.236416e+11  7.950349e+07
