     i         log_r      log_rmid             m           rho            v2             p        trelax            kn
     0  -1.592961e+00  -1.893991e+00  4.936565e-05  8.571109e+00  1.010250e-01  8.658963e-01  3.670697e-01  1.433333e+01
     1  -1.578511e+00  -1.585676e+00  5.419782e-05  8.487060e+00  1.010210e-01  8.573710e-01  3.707123e-01  1.440442e+01
     2  -1.564213e+00  -1.571303e+00  5.950000e-05  8.481019e+00  1.010249e-01  8.567944e-01  3.709690e-01  1.440927e+01
     3  -1.550030e+00  -1.557064e+00  6.531955e-05  8.475524e+00  1.010189e-01  8.561880e-01  3.712207e-01  1.441437e+01
     4  -1.535935e+00  -1.542925e+00  7.170956e-05  8.468770e+00  1.010239e-01  8.555486e-01  3.715074e-01  1.441975e+01
     5  -1.521929e+00  -1.528875e+00  7.871809e-05  8.462416e+00  1.010201e-01  8.548739e-01  3.717935e-01  1.442544e+01
     6  -1.507992e+00  -1.514905e+00  8.640670e-05  8.455208e+00  1.010219e-01  8.541614e-01  3.721070e-01  1.443146e+01
     7  -1.494104e+00  -1.500993e+00  9.484598e-05  8.447853e+00  1.010207e-01  8.534078e-01  3.724333e-01  1.443783e+01
     8  -1.480260e+00  -1.487127e+00  1.041061e-04  8.439942e+00  1.010208e-01  8.526100e-01  3.727821e-01  1.444458e+01
     9  -1.466456e+00  -1.473303e+00  1.142643e-04  8.431615e+00  1.010204e-01  8.517652e-01  3.731511e-01  1.445174e+01
    10  -1.452688e+00  -1.459518e+00  1.254043e-04  8.422777e+00  1.010202e-01  8.508703e-01  3.735431e-01  1.445934e+01
    11  -1.438944e+00  -1.445762e+00  1.376269e-04  8.413416e+00  1.010198e-01  8.499219e-01  3.739593e-01  1.446740e+01
    12  -1.425223e+00  -1.432030e+00  1.510336e-04  8.403489e+00  1.010195e-01  8.489164e-01  3.744016e-01  1.447597e+01
    13  -1.411516e+00  -1.418316e+00  1.657433e-04  8.392962e+00  1.010192e-01  8.478500e-01  3.748719e-01  1.448507e+01
    14  -1.397836e+00  -1.404622e+00  1.818648e-04  8.381799e+00  1.010188e-01  8.467192e-01  3.753718e-01  1.449474e+01
    15  -1.384163e+00  -1.390946e+00  1.995513e-04  8.369961e+00  1.010184e-01  8.455201e-01  3.759035e-01  1.450502e+01
    16  -1.370507e+00  -1.377281e+00  2.189405e-04  8.357404e+00  1.010180e-01  8.442481e-01  3.764690e-01  1.451594e+01
    17  -1.356860e+00  -1.363630e+00  2.402008e-04  8.344087e+00  1.010175e-01  8.428990e-01  3.770707e-01  1.452755e+01
    18  -1.343219e+00  -1.349986e+00  2.635142e-04  8.329959e+00  1.010170e-01  8.414679e-01  3.777111e-01  1.453990e+01
    19  -1.329590e+00  -1.336351e+00  2.890647e-04  8.314976e+00  1.010165e-01  8.399501e-01  3.783927e-01  1.455303e+01
    20  -1.315967e+00  -1.322725e+00  3.170727e-04  8.299088e+00  1.010160e-01  8.383406e-01  3.791181e-01  1.456699e+01
    21  -1.302353e+00  -1.309107e+00  3.477602e-04  8.282241e+00  1.010154e-01  8.366341e-01  3.798904e-01  1.458184e+01
    22  -1.288741e+00  -1.295494e+00  3.813997e-04  8.264378e+00  1.010148e-01  8.348246e-01  3.807126e-01  1.459764e+01
    23  -1.275134e+00  -1.281884e+00  4.182554e-04  8.245439e+00  1.010142e-01  8.329061e-01  3.815883e-01  1.461444e+01
    24  -1.261529e+00  -1.268279e+00  4.586397e-04  8.225364e+00  1.010135e-01  8.308725e-01  3.825210e-01  1.463231e+01
    25  -1.247926e+00  -1.254675e+00  5.028839e-04  8.204085e+00  1.010127e-01  8.287170e-01  3.835145e-01  1.465133e+01
    26  -1.234329e+00  -1.241074e+00  5.513328e-04  8.181540e+00  1.010119e-01  8.264332e-01  3.845728e-01  1.467156e+01
    27  -1.220732e+00  -1.227477e+00  6.043959e-04  8.157657e+00  1.010111e-01  8.240140e-01  3.857003e-01  1.469308e+01
    28  -1.207135e+00  -1.213880e+00  6.625023e-04  8.132360e+00  1.010102e-01  8.214515e-01  3.869018e-01  1.471598e+01
    29  -1.193539e+00  -1.200284e+00  7.261187e-04  8.105573e+00  1.010093e-01  8.187380e-01  3.881823e-01  1.474035e+01
    30  -1.179943e+00  -1.186688e+00  7.957575e-04  8.077215e+00  1.010083e-01  8.158654e-01  3.895471e-01  1.476627e+01
    31  -1.166345e+00  -1.173091e+00  8.719757e-04  8.047202e+00  1.010072e-01  8.128251e-01  3.910020e-01  1.479386e+01
    32  -1.152746e+00  -1.159492e+00  9.553798e-04  8.015446e+00  1.010060e-01  8.096084e-01  3.925533e-01  1.482322e+01
    33  -1.139142e+00  -1.145891e+00  1.046648e-03  7.981856e+00  1.010048e-01  8.062058e-01  3.942077e-01  1.485447e+01
    34  -1.125537e+00  -1.132287e+00  1.146471e-03  7.946338e+00  1.010035e-01  8.026079e-01  3.959723e-01  1.488773e+01
    35  -1.111928e+00  -1.118680e+00  1.255647e-03  7.908797e+00  1.010021e-01  7.988052e-01  3.978546e-01  1.492312e+01
    36  -1.098314e+00  -1.105068e+00  1.375032e-03  7.869131e+00  1.010006e-01  7.947871e-01  3.998630e-01  1.496080e+01
    37  -1.084694e+00  -1.091451e+00  1.505545e-03  7.827234e+00  1.009990e-01  7.905432e-01  4.020065e-01  1.500090e+01
    38  -1.071067e+00  -1.077827e+00  1.648199e-03  7.783001e+00  1.009974e-01  7.860626e-01  4.042946e-01  1.504359e+01
    39  -1.057434e+00  -1.064197e+00  1.804073e-03  7.736322e+00  1.009956e-01  7.813342e-01  4.067376e-01  1.508904e+01
    40  -1.043791e+00  -1.050559e+00  1.974373e-03  7.687085e+00  1.009936e-01  7.763467e-01  4.093467e-01  1.513744e+01
    41  -1.030139e+00  -1.036911e+00  2.160369e-03  7.635173e+00  1.009916e-01  7.710883e-01  4.121341e-01  1.518896e+01
    42  -1.016476e+00  -1.023254e+00  2.363462e-03  7.580471e+00  1.009894e-01  7.655473e-01  4.151126e-01  1.524383e+01
    43  -1.002801e+00  -1.009585e+00  2.585179e-03  7.522858e+00  1.009871e-01  7.597115e-01  4.182965e-01  1.530227e+01
    44  -9.891126e-01  -9.959028e-01  2.827132e-03  7.462215e+00  1.009846e-01  7.535688e-01  4.217010e-01  1.536451e+01
    45  -9.754098e-01  -9.822071e-01  3.091098e-03  7.398424e+00  1.009819e-01  7.471072e-01  4.253427e-01  1.543081e+01
    46  -9.616907e-01  -9.684961e-01  3.379000e-03  7.331362e+00  1.009791e-01  7.403143e-01  4.292394e-01  1.550144e+01
    47  -9.479536e-01  -9.547678e-01  3.692910e-03  7.260908e+00  1.009761e-01  7.331779e-01  4.334109e-01  1.557670e+01
    48  -9.341973e-01  -9.410210e-01  4.035052e-03  7.186945e+00  1.009728e-01  7.256860e-01  4.378784e-01  1.565690e+01
    49  -9.204193e-01  -9.272536e-01  4.407852e-03  7.109353e+00  1.009693e-01  7.178267e-01  4.426650e-01  1.574238e+01
    50  -9.066181e-01  -9.134639e-01  4.813901e-03  7.028020e+00  1.009656e-01  7.095884e-01  4.477960e-01  1.583350e+01
    51  -8.927915e-01  -8.996498e-01  5.256005e-03  6.942835e+00  1.009617e-01  7.009601e-01  4.532992e-01  1.593065e+01
    52  -8.789372e-01  -8.858091e-01  5.737179e-03  6.853693e+00  1.009574e-01  6.919311e-01  4.592046e-01  1.603425e+01
    53  -8.650526e-01  -8.719394e-01  6.260674e-03  6.760496e+00  1.009528e-01  6.824914e-01  4.655455e-01  1.614476e+01
    54  -8.511354e-01  -8.580383e-01  6.829969e-03  6.663152e+00  1.009480e-01  6.726317e-01  4.723582e-01  1.626266e+01
    55  -8.371826e-01  -8.441030e-01  7.448814e-03  6.561579e+00  1.009427e-01  6.623438e-01  4.796827e-01  1.638847e+01
    56  -8.231914e-01  -8.301306e-01  8.121212e-03  6.455707e+00  1.009371e-01  6.516204e-01  4.875630e-01  1.652277e+01
    57  -8.091585e-01  -8.161182e-01  8.851470e-03  6.345475e+00  1.009311e-01  6.404558e-01  4.960476e-01  1.666616e+01
    58  -7.950806e-01  -8.020625e-01  9.644182e-03  6.230840e+00  1.009246e-01  6.288452e-01  5.051901e-01  1.681931e+01
    59  -7.809542e-01  -7.879600e-01  1.050426e-02  6.111773e+00  1.009177e-01  6.167858e-01  5.150498e-01  1.698294e+01
    60  -7.667754e-01  -7.738070e-01  1.143695e-02  5.988261e+00  1.009102e-01  6.042766e-01  5.256924e-01  1.715783e+01
    61  -7.525400e-01  -7.595994e-01  1.244786e-02  5.860314e+00  1.009021e-01  5.913183e-01  5.371912e-01  1.734481e+01
    62  -7.382437e-01  -7.453330e-01  1.354293e-02  5.727961e+00  1.008935e-01  5.779139e-01  5.496274e-01  1.754481e+01
    63  -7.238816e-01  -7.310033e-01  1.472852e-02  5.591255e+00  1.008841e-01  5.640690e-01  5.630918e-01  1.775882e+01
    64  -7.094490e-01  -7.166054e-01  1.601134e-02  5.450275e+00  1.008741e-01  5.497915e-01  5.776859e-01  1.798793e+01
    65  -6.949403e-01  -7.021341e-01  1.739855e-02  5.305128e+00  1.008632e-01  5.350922e-01  5.935233e-01  1.823332e+01
    66  -6.803501e-01  -6.875839e-01  1.889767e-02  5.155950e+00  1.008514e-01  5.199849e-01  6.107314e-01  1.849630e+01
    67  -6.656720e-01  -6.729490e-01  2.051673e-02  5.002906e+00  1.008387e-01  5.044867e-01  6.294540e-01  1.877826e+01
    68  -6.508998e-01  -6.582231e-01  2.226415e-02  4.846196e+00  1.008250e-01  4.886176e-01  6.498527e-01  1.908076e+01
    69  -6.360264e-01  -6.433994e-01  2.414882e-02  4.686054e+00  1.008100e-01  4.724013e-01  6.721107e-01  1.940549e+01
    70  -6.210448e-01  -6.284710e-01  2.618008e-02  4.522746e+00  1.007939e-01  4.558650e-01  6.964352e-01  1.975432e+01
    71  -6.059471e-01  -6.134304e-01  2.836777e-02  4.356578e+00  1.007763e-01  4.390397e-01  7.230617e-01  2.012928e+01
    72  -5.907250e-01  -5.982693e-01  3.072217e-02  4.187888e+00  1.007571e-01  4.219596e-01  7.522584e-01  2.053264e+01
    73  -5.753697e-01  -5.829795e-01  3.325405e-02  4.017051e+00  1.007363e-01  4.046628e-01  7.843315e-01  2.096686e+01
    74  -5.598720e-01  -5.675518e-01  3.597467e-02  3.844479e+00  1.007136e-01  3.871911e-01  8.196314e-01  2.143470e+01
    75  -5.442221e-01  -5.519765e-01  3.889574e-02  3.670614e+00  1.006887e-01  3.695894e-01  8.585605e-01  2.193918e+01
    76  -5.284093e-01  -5.362437e-01  4.202943e-02  3.495934e+00  1.006616e-01  3.519062e-01  9.015814e-01  2.248364e+01
    77  -5.124229e-01  -5.203426e-01  4.538839e-02  3.320945e+00  1.006318e-01  3.341927e-01  9.492283e-01  2.307181e+01
    78  -4.962510e-01  -5.042617e-01  4.898570e-02  3.146179e+00  1.005992e-01  3.165030e-01  1.002119e+00  2.370780e+01
    79  -4.798814e-01  -4.879891e-01  5.283486e-02  2.972192e+00  1.005633e-01  2.988934e-01  1.060971e+00  2.439619e+01
    80  -4.633012e-01  -4.715122e-01  5.694977e-02  2.799556e+00  1.005238e-01  2.814220e-01  1.126617e+00  2.514207e+01
    81  -4.464969e-01  -4.548178e-01  6.134473e-02  2.628857e+00  1.004803e-01  2.641483e-01  1.200031e+00  2.595113e+01
    82  -4.294541e-01  -4.378919e-01  6.603438e-02  2.460687e+00  1.004322e-01  2.471322e-01  1.282352e+00  2.682968e+01
    83  -4.121581e-01  -4.207200e-01  7.103366e-02  2.295637e+00  1.003790e-01  2.304338e-01  1.374913e+00  2.778479e+01
    84  -3.945934e-01  -4.032870e-01  7.635782e-02  2.134292e+00  1.003200e-01  2.141122e-01  1.479287e+00  2.882434e+01
    85  -3.767441e-01  -3.855771e-01  8.202236e-02  1.977219e+00  1.002546e-01  1.982252e-01  1.597325e+00  2.995716e+01
    86  -3.585937e-01  -3.675741e-01  8.804291e-02  1.824964e+00  1.001818e-01  1.828282e-01  1.731216e+00  3.119311e+01
    87  -3.401255e-01  -3.492614e-01  9.443531e-02  1.678041e+00  1.001007e-01  1.679731e-01  1.883557e+00  3.254320e+01
    88  -3.213222e-01  -3.306221e-01  1.012155e-01  1.536924e+00  1.000102e-01  1.537081e-01  2.057431e+00  3.401980e+01
    89  -3.021667e-01  -3.116388e-01  1.083993e-01  1.402040e+00  9.990910e-02  1.400766e-01  2.256509e+00  3.563669e+01
    90  -2.826418e-01  -2.922945e-01  1.160028e-01  1.273760e+00  9.979593e-02  1.271161e-01  2.485169e+00  3.740933e+01
    91  -2.627308e-01  -2.725722e-01  1.240417e-01  1.152394e+00  9.966909e-02  1.148581e-01  2.748645e+00  3.935495e+01
    92  -2.424174e-01  -2.524553e-01  1.325317e-01  1.038186e+00  9.952678e-02  1.033273e-01  3.053197e+00  4.149278e+01
    93  -2.216864e-01  -2.319282e-01  1.414884e-01  9.313065e-01  9.936693e-02  9.254106e-02  3.406328e+00  4.384428e+01
    94  -2.005240e-01  -2.109763e-01  1.509269e-01  8.318524e-01  9.918724e-02  8.250914e-02  3.817032e+00  4.643325e+01
    95  -1.789180e-01  -1.895867e-01  1.608620e-01  7.398452e-01  9.898515e-02  7.323369e-02  4.296097e+00  4.928613e+01
    96  -1.568588e-01  -1.677484e-01  1.713083e-01  6.552308e-01  9.875780e-02  6.470915e-02  4.856462e+00  5.243211e+01
    97  -1.343394e-01  -1.454531e-01  1.822795e-01  5.778825e-01  9.850207e-02  5.692262e-02  5.513632e+00  5.590333e+01
    98  -1.113564e-01  -1.226958e-01  1.937892e-01  5.076050e-01  9.821456e-02  4.985420e-02  6.286171e+00  5.973506e+01
    99  -8.791037e-02  -9.947516e-02  2.058502e-01  4.441401e-01  9.789161e-02  4.347759e-02  7.196267e+00  6.396574e+01
   100  -6.400666e-02  -7.579407e-02  2.184746e-01  3.871748e-01  9.752934e-02  3.776091e-02  8.270376e+00  6.863710e+01
   101  -3.965566e-02  -5.166051e-02  2.316738e-01  3.363500e-01  9.712371e-02  3.266756e-02  9.539947e+00  7.379413e+01
   102  -1.487339e-02  -2.708778e-02  2.454583e-01  2.912699e-01  9.667060e-02  2.815723e-02  1.104224e+01  7.948500e+01
   103  1.031834e-02  -2.094887e-03  2.598382e-01  2.515128e-01  9.616589e-02  2.418695e-02  1.282122e+01  8.576095e+01
   104  3.589157e-02  2.329316e-02  2.748221e-01  2.166415e-01  9.560560e-02  2.071214e-02  1.492852e+01  9.267608e+01
   105  6.181250e-02  4.904539e-02  2.904183e-01  1.862133e-01  9.498601e-02  1.768766e-02  1.742446e+01  1.002871e+02
   106  8.804159e-02  7.512503e-02  3.066336e-01  1.597897e-01  9.430382e-02  1.506878e-02  2.037918e+01  1.086529e+02
   107  1.145344e-01  1.014900e-01  3.234744e-01  1.369442e-01  9.355627e-02  1.281199e-02  2.387371e+01  1.178343e+02
   108  1.412420e-01  1.280935e-01  3.409456e-01  1.172700e-01  9.274130e-02  1.087577e-02  2.800120e+01  1.278940e+02
   109  1.681123e-01  1.548850e-01  3.590513e-01  1.003847e-01  9.185763e-02  9.221105e-03  3.286810e+01  1.388957e+02
   110  1.950912e-01  1.818112e-01  3.777946e-01  8.593503e-02  9.090488e-02  7.811913e-03  3.859546e+01  1.509042e+02
   111  2.221231e-01  2.088174e-01  3.971776e-01  7.359839e-02  8.988356e-02  6.615285e-03  4.532017e+01  1.639857e+02
   112  2.491535e-01  2.358486e-01  4.172011e-01  6.308449e-02  8.879509e-02  5.601593e-03  5.319648e+01  1.782068e+02
   113  2.761289e-01  2.628506e-01  4.378652e-01  5.413493e-02  8.764172e-02  4.744478e-03  6.239747e+01  1.936359e+02
   114  3.029983e-01  2.897714e-01  4.591688e-01  4.652212e-02  8.642645e-02  4.020741e-03  7.311680e+01  2.103425e+02
   115  3.297146e-01  3.165619e-01  4.811098e-01  4.004750e-02  8.515289e-02  3.410161e-03  8.557065e+01  2.283982e+02
   116  3.562345e-01  3.431769e-01  5.036853e-01  3.453924e-02  8.382509e-02  2.895255e-03  1.000000e+02  2.478773e+02
   117  3.825194e-01  3.695758e-01  5.268910e-01  2.984969e-02  8.244743e-02  2.461030e-03  1.166734e+02  2.688572e+02
   118  4.085359e-01  3.957225e-01  5.507220e-01  2.585269e-02  8.102443e-02  2.094700e-03  1.358896e+02  2.914199e+02
   119  4.342555e-01  4.215861e-01  5.751725e-01  2.244106e-02  7.956062e-02  1.785424e-03  1.579820e+02  3.156526e+02
   120  4.596548e-01  4.471408e-01  6.002355e-01  1.952401e-02  7.806047e-02  1.524053e-03  1.833224e+02  3.416490e+02
   121  4.847152e-01  4.723658e-01  6.259034e-01  1.702492e-02  7.652827e-02  1.302888e-03  2.123263e+02  3.695104e+02
   122  5.094228e-01  4.972447e-01  6.521678e-01  1.487928e-02  7.496816e-02  1.115472e-03  2.454595e+02  3.993474e+02
   123  5.337678e-01  5.217659e-01  6.790192e-01  1.303279e-02  7.338406e-02  9.563991e-04  2.832446e+02  4.312812e+02
   124  5.577447e-01  5.459217e-01  7.064475e-01  1.143985e-02  7.177978e-02  8.211498e-04  3.262711e+02  4.654456e+02
   125  5.813515e-01  5.697085e-01  7.344420e-01  1.006211e-02  7.015903e-02  7.059482e-04  3.752053e+02  5.019885e+02
   126  6.045893e-01  5.931258e-01  7.629909e-01  8.867363e-03  6.852554e-02  6.076408e-04  4.308036e+02  5.410740e+02
   127  6.274628e-01  6.161766e-01  7.920820e-01  7.828484e-03  6.688314e-02  5.235936e-04  4.939284e+02  5.828852e+02
   128  6.499790e-01  6.388668e-01  8.217023e-01  6.922646e-03  6.523587e-02  4.516048e-04  5.655678e+02  6.276259e+02
   129  6.721480e-01  6.612050e-01  8.518383e-01  6.130597e-03  6.358806e-02  3.898328e-04  6.468587e+02  6.755243e+02
   130  6.939822e-01  6.832023e-01  8.824756e-01  5.436085e-03  6.194441e-02  3.367351e-04  7.391162e+02  7.268352e+02
   131  7.154963e-01  7.048724e-01  9.135995e-01  4.825375e-03  6.030996e-02  2.910182e-04  8.438678e+02  7.818440e+02
   132  7.367073e-01  7.262313e-01  9.451942e-01  4.286846e-03  5.869011e-02  2.515955e-04  9.628966e+02  8.408698e+02
   133  7.576344e-01  7.472969e-01  9.772439e-01  3.810667e-03  5.709044e-02  2.175527e-04  1.098291e+03  9.042696e+02
   134  7.782987e-01  7.680895e-01  1.009732e+00  3.388517e-03  5.551659e-02  1.881189e-04  1.252504e+03  9.724425e+02
   135  7.987230e-01  7.886309e-01  1.042640e+00  3.013358e-03  5.397394e-02  1.626428e-04  1.428424e+03  1.045834e+03
   136  8.189313e-01  8.089447e-01  1.075952e+00  2.679244e-03  5.246733e-02  1.405728e-04  1.629458e+03  1.124940e+03
   137  8.389486e-01  8.290552e-01  1.109648e+00  2.381156e-03  5.100070e-02  1.214406e-04  1.859619e+03  1.210314e+03
   138  8.588003e-01  8.489879e-01  1.143710e+00  2.114854e-03  4.957676e-02  1.048476e-04  2.123638e+03  1.302569e+03
   139  8.785117e-01  8.687678e-01  1.178117e+00  1.876753e-03  4.819672e-02  9.045335e-05  2.427080e+03  1.402387e+03
   140  8.981069e-01  8.884198e-01  1.212849e+00  1.663806e-03  4.686023e-02  7.796631e-05  2.776484e+03  1.510521e+03
   141  9.176087e-01  9.079673e-01  1.247886e+00  1.473398e-03  4.556540e-02  6.713595e-05  3.179526e+03  1.627806e+03
   142  9.370380e-01  9.274320e-01  1.283205e+00  1.303261e-03  4.430908e-02  5.774629e-05  3.645208e+03  1.755166e+03
   143  9.564130e-01  9.468335e-01  1.318783e+00  1.151395e-03  4.308727e-02  4.961048e-05  4.184091e+03  1.893623e+03
   144  9.757495e-01  9.661888e-01  1.354598e+00  1.016012e-03  4.189561e-02  4.256645e-05  4.808580e+03  2.044309e+03
   145  9.950608e-01  9.855125e-01  1.390626e+00  8.954919e-04  4.072982e-02  3.647322e-05  5.533273e+03  2.208478e+03
   146  1.014358e+00  1.004816e+00  1.426840e+00  7.883550e-04  3.958611e-02  3.120791e-05  6.375390e+03  2.387525e+03
   147  1.033650e+00  1.024111e+00  1.463217e+00  6.932470e-04  3.846131e-02  2.666319e-05  7.355293e+03  2.582998e+03
   148  1.052944e+00  1.043404e+00  1.499727e+00  6.089285e-04  3.735294e-02  2.274527e-05  8.497111e+03  2.796627e+03
   149  1.072246e+00  1.062702e+00  1.536345e+00  5.342684e-04  3.625918e-02  1.937213e-05  9.829502e+03  3.030340e+03
   150  1.091560e+00  1.082010e+00  1.573040e+00  4.682389e-04  3.517870e-02  1.647203e-05  1.138656e+04  3.286295e+03
   151  1.110892e+00  1.101334e+00  1.609784e+00  4.099083e-04  3.411060e-02  1.398222e-05  1.320896e+04  3.566910e+03
   152  1.130244e+00  1.120676e+00  1.646545e+00  3.584357e-04  3.305434e-02  1.184786e-05  1.534527e+04  3.874898e+03
   153  1.149619e+00  1.140039e+00  1.683291e+00  3.130637e-04  3.200963e-02  1.002105e-05  1.785365e+04  4.213310e+03
   154  1.169018e+00  1.159426e+00  1.719987e+00  2.731119e-04  3.097634e-02  8.460007e-06  2.080388e+04  4.585585e+03
   155  1.188443e+00  1.178839e+00  1.756600e+00  2.379709e-04  2.995438e-02  7.128271e-06  2.427985e+04  4.995605e+03
   156  1.207896e+00  1.198279e+00  1.793094e+00  2.070945e-04  2.894377e-02  5.994096e-06  2.838271e+04  5.447764e+03
   157  1.227378e+00  1.217746e+00  1.829431e+00  1.799939e-04  2.794477e-02  5.029888e-06  3.323471e+04  5.947042e+03
   158  1.246888e+00  1.237243e+00  1.865571e+00  1.562320e-04  2.695788e-02  4.211683e-06  3.898407e+04  6.499087e+03
   159  1.266429e+00  1.256768e+00  1.901475e+00  1.354205e-04  2.598335e-02  3.518679e-06  4.581080e+04  7.110339e+03
   160  1.285999e+00  1.276324e+00  1.937101e+00  1.172150e-04  2.502122e-02  2.932862e-06  5.393399e+04  7.788150e+03
   161  1.305598e+00  1.295909e+00  1.972406e+00  1.013066e-04  2.407200e-02  2.438652e-06  6.362183e+04  8.540931e+03
   162  1.325227e+00  1.315523e+00  2.007345e+00  8.742056e-05  2.313638e-02  2.022596e-06  7.520361e+04  9.378333e+03
   163  1.344885e+00  1.335167e+00  2.041872e+00  7.531602e-05  2.221431e-02  1.673093e-06  8.908330e+04  1.031146e+04
   164  1.364572e+00  1.354840e+00  2.075939e+00  6.477673e-05  2.130642e-02  1.380160e-06  1.057611e+05  1.135313e+04
   165  1.384288e+00  1.374542e+00  2.109499e+00  5.561160e-05  2.041329e-02  1.135216e-06  1.258572e+05  1.251817e+04
   166  1.404030e+00  1.394271e+00  2.142502e+00  4.765440e-05  1.953440e-02  9.309001e-07  1.501402e+05  1.382384e+04
   167  1.423800e+00  1.414027e+00  2.174895e+00  4.075236e-05  1.867154e-02  7.609094e-07  1.795797e+05  1.529022e+04
   168  1.443595e+00  1.433810e+00  2.206628e+00  3.477673e-05  1.782389e-02  6.198565e-07  2.153823e+05  1.694083e+04
   169  1.463416e+00  1.453618e+00  2.237647e+00  2.960944e-05  1.699270e-02  5.031444e-07  2.590828e+05  1.880329e+04
   170  1.483261e+00  1.473452e+00  2.267900e+00  2.514911e-05  1.617785e-02  4.068584e-07  3.126202e+05  2.091022e+04
   171  1.503130e+00  1.493309e+00  2.297331e+00  2.130452e-05  1.538039e-02  3.276717e-07  3.784816e+05  2.330026e+04
   172  1.523023e+00  1.513190e+00  2.325887e+00  1.799775e-05  1.459983e-02  2.627641e-07  4.598412e+05  2.601939e+04
   173  1.542935e+00  1.533093e+00  2.353516e+00  1.516042e-05  1.383518e-02  2.097472e-07  5.607848e+05  2.912273e+04
   174  1.562869e+00  1.553016e+00  2.380162e+00  1.272843e-05  1.308907e-02  1.666033e-07  6.867059e+05  3.267671e+04
   175  1.582824e+00  1.572961e+00  2.405774e+00  1.064820e-05  1.236210e-02  1.316340e-07  8.446522e+05  3.676174e+04
   176  1.602798e+00  1.592926e+00  2.430301e+00  8.875019e-06  1.165203e-02  1.034120e-07  1.043830e+06  4.147579e+04
   177  1.622789e+00  1.612908e+00  2.453693e+00  7.366871e-06  1.095985e-02  8.073979e-08  1.296626e+06  4.693927e+04
   178  1.642796e+00  1.632908e+00  2.475905e+00  6.087383e-06  1.028619e-02  6.261598e-08  1.619728e+06  5.330127e+04
   179  1.662818e+00  1.652922e+00  2.496892e+00  5.005599e-06  9.630296e-03  4.820540e-08  2.035749e+06  6.074804e+04
   180  1.682857e+00  1.672953e+00  2.516616e+00  4.092884e-06  8.994582e-03  3.681378e-08  2.576203e+06  6.951443e+04
   181  1.702908e+00  1.692998e+00  2.535041e+00  3.326850e-06  8.376200e-03  2.786636e-08  3.284303e+06  7.989876e+04
   182  1.722972e+00  1.713056e+00  2.552138e+00  2.685917e-06  7.776735e-03  2.088767e-08  4.221908e+06  9.228587e+04
   183  1.743046e+00  1.733125e+00  2.567883e+00  2.152210e-06  7.195646e-03  1.548654e-08  5.477476e+06  1.071773e+05
   184  1.763129e+00  1.753203e+00  2.582261e+00  1.710090e-06  6.632539e-03  1.134224e-08  7.180278e+06  1.252365e+05
   185  1.783219e+00  1.773290e+00  2.595264e+00  1.345661e-06  6.088259e-03  8.192732e-09  9.523965e+06  1.473553e+05
   186  1.803316e+00  1.793384e+00  2.606894e+00  1.047245e-06  5.562420e-03  5.825216e-09  1.280324e+07  1.747528e+05
   187  1.823416e+00  1.813482e+00  2.617165e+00  8.048232e-07  5.053830e-03  4.067440e-09  1.747790e+07  2.091316e+05
   188  1.843516e+00  1.833582e+00  2.626099e+00  6.093067e-07  4.563959e-03  2.780851e-09  2.429367e+07  2.529247e+05
   189  1.863611e+00  1.853680e+00  2.633735e+00  4.533745e-07  4.090883e-03  1.854702e-09  3.448533e+07  3.097013e+05
   190  1.883699e+00  1.873771e+00  2.640124e+00  3.302581e-07  3.636367e-03  1.200940e-09  5.021259e+07  3.848749e+05
   191  1.903769e+00  1.893850e+00  2.645332e+00  2.345889e-07  3.197926e-03  7.501979e-10  7.538038e+07  4.869588e+05
   192  1.923809e+00  1.913904e+00  2.649443e+00  1.614269e-07  2.776641e-03  4.482245e-10  1.175613e+08  6.299881e+05
   193  1.943802e+00  1.933921e+00  2.652556e+00  1.066834e-07  2.372195e-03  2.530738e-10  1.924545e+08  8.384102e+05
   194  1.963716e+00  1.953873e+00  2.654785e+00  6.684468e-08  1.985119e-03  1.326946e-10  3.357684e+08  1.157853e+06
   195  1.983474e+00  1.973707e+00  2.656266e+00  3.899518e-08  1.613623e-03  6.292354e-11  6.383928e+08  1.681410e+06
   196  2.002904e+00  1.993298e+00  2.657144e+00  2.052290e-08  1.260925e-03  2.587784e-11  1.372197e+09  2.621900e+06
   197  2.021356e+00  2.012228e+00  2.657579e+00  9.341870e-09  9.315605e-04  8.702517e-12  3.507201e+09  4.521242e+06
   198  2.034397e+00  2.027925e+00  2.657731e+00  4.023281e-09  6.484865e-04  2.609044e-12  9.760434e+09  8.257327e+06
   199  2.063054e+00  2.048962e+00  2.657754e+00  2.525555e-10  1.676418e-04  4.233885e-14  3.058103e+11  6.482024e+07
