      step          time          <dt>         rho_c         v_max        Kn_min  <dt lim>  <dr lim>  <du lim>  <n_iter_cr>  <n_iter_dr>
         0  0.000000e+00           N/A  1.005368e+02  3.070636e-01  1.092158e+01       N/A       N/A       N/A          N/A          N/A
    100000  1.030302e+01  1.030302e-04  3.309917e+00  3.036996e-01  2.560105e+01  1.55e-01  2.78e-04  8.16e-01  0.00000e+00  1.99998e+00
    200000  2.766748e+01  1.736446e-04  2.617338e+00  2.999694e-01  2.794031e+01  1.45e-01  2.81e-04  7.84e-01  0.00000e+00  2.00000e+00
    300000  4.085936e+01  1.319189e-04  2.498088e+00  2.990598e-01  2.837480e+01  9.96e-02  2.80e-04  8.89e-01  0.00000e+00  2.00000e+00
    400000  5.403700e+01  1.317764e-04  2.468076e+00  2.991384e-01  2.840743e+01  9.74e-02  2.79e-04  8.91e-01  0.00000e+00  2.00000e+00
    500000  6.731195e+01  1.327495e-04  2.482661e+00  2.999504e-01  2.822123e+01  9.83e-02  2.88e-04  8.74e-01  0.00000e+00  1.99999e+00
    600000  8.011725e+01  1.280530e-04  2.523358e+00  3.008124e-01  2.791240e+01  9.62e-02  2.80e-04  8.92e-01  0.00000e+00  2.00000e+00
    700000  9.265579e+01  1.253853e-04  2.581752e+00  3.015592e-01  2.752647e+01  9.63e-02  2.80e-04  8.92e-01  0.00000e+00  2.00000e+00
    800000  1.049002e+02  1.224442e-04  2.653374e+00  3.022364e-01  2.709156e+01  9.67e-02  2.82e-04  8.91e-01  0.00000e+00  2.00000e+00
    900000  1.168344e+02  1.193419e-04  2.735644e+00  3.028684e-01  2.662541e+01  9.73e-02  2.81e-04  8.91e-01  0.00000e+00  2.00000e+00
   1000000  1.284498e+02  1.161540e-04  2.827003e+00  3.034704e-01  2.613970e+01  9.79e-02  2.80e-04  8.91e-01  0.00000e+00  2.00000e+00
   1100000  1.397430e+02  1.129320e-04  2.926493e+00  3.040519e-01  2.564240e+01  9.87e-02  2.81e-04  8.91e-01  0.00000e+00  2.00000e+00
   1200000  1.507137e+02  1.097075e-04  3.033521e+00  3.046195e-01  2.513906e+01  9.95e-02  2.81e-04  8.91e-01  0.00000e+00  2.00000e+00
   1300000  1.613644e+02  1.065067e-04  3.147737e+00  3.051775e-01  2.463363e+01  1.00e-01  2.81e-04  8.91e-01  0.00000e+00  2.00000e+00
   1400000  1.716990e+02  1.033462e-04  3.268958e+00  3.057289e-01  2.412898e+01  1.01e-01  2.82e-04  8.91e-01  0.00000e+00  2.00000e+00
   1500000  1.817226e+02  1.002355e-04  3.397118e+00  3.062759e-01  2.362719e+01  1.02e-01  2.82e-04  8.91e-01  0.00000e+00  2.00000e+00
   1600000  1.914411e+02  9.718496e-05  3.532238e+00  3.068202e-01  2.312976e+01  1.03e-01  2.82e-04  8.91e-01  0.00000e+00  2.00000e+00
   1700000  2.008611e+02  9.419975e-05  3.674412e+00  3.073630e-01  2.263782e+01  1.04e-01  2.82e-04  8.91e-01  0.00000e+00  2.00000e+00
   1800000  2.099893e+02  9.128193e-05  3.823783e+00  3.079051e-01  2.215219e+01  1.05e-01  2.81e-04  8.91e-01  0.00000e+00  2.00000e+00
   1900000  2.188330e+02  8.843777e-05  3.980549e+00  3.084474e-01  2.167343e+01  1.06e-01  2.82e-04  8.91e-01  0.00000e+00  2.00000e+00
   2000000  2.273994e+02  8.566362e-05  4.144940e+00  3.089903e-01  2.120197e+01  1.07e-01  2.82e-04  8.91e-01  0.00000e+00  2.00000e+00
   2100000  2.356956e+02  8.296188e-05  4.317224e+00  3.095344e-01  2.073810e+01  1.09e-01  2.81e-04  8.91e-01  0.00000e+00  2.00000e+00
   2200000  2.437291e+02  8.033562e-05  4.497712e+00  3.100800e-01  2.028199e+01  1.10e-01  2.81e-04  8.90e-01  0.00000e+00  2.00000e+00
   2300000  2.515070e+02  7.777865e-05  4.686734e+00  3.106275e-01  1.983376e+01  1.11e-01  2.81e-04  8.91e-01  0.00000e+00  2.00000e+00
   2400000  2.590365e+02  7.529467e-05  4.884663e+00  3.111771e-01  1.939346e+01  1.12e-01  2.81e-04  8.90e-01  0.00000e+00  2.00000e+00
   2500000  2.663244e+02  7.287879e-05  5.091893e+00  3.117290e-01  1.896109e+01  1.13e-01  2.80e-04  8.90e-01  0.00000e+00  2.00000e+00
   2600000  2.733775e+02  7.053145e-05  5.308854e+00  3.122834e-01  1.853663e+01  1.14e-01  2.81e-04  8.91e-01  0.00000e+00  2.00000e+00
   2700000  2.802029e+02  6.825441e-05  5.536020e+00  3.128406e-01  1.812000e+01  1.16e-01  2.80e-04  8.90e-01  0.00000e+00  2.00000e+00
   2800000  2.868069e+02  6.603990e-05  5.773876e+00  3.134006e-01  1.771114e+01  1.17e-01  2.80e-04  8.90e-01  0.00000e+00  2.00000e+00
   2900000  2.931959e+02  6.388968e-05  6.022956e+00  3.139637e-01  1.730995e+01  1.18e-01  2.80e-04  8.91e-01  0.00000e+00  2.00000e+00
   3000000  2.993763e+02  6.180428e-05  6.283836e+00  3.145300e-01  1.691631e+01  1.19e-01  2.81e-04  8.90e-01  0.00000e+00  2.00000e+00
   3100000  3.053542e+02  5.977867e-05  6.557121e+00  3.150997e-01  1.653010e+01  1.21e-01  2.81e-04  8.90e-01  0.00000e+00  2.00000e+00
   3200000  3.111354e+02  5.781160e-05  6.843455e+00  3.156728e-01  1.615122e+01  1.22e-01  2.80e-04  8.90e-01  0.00000e+00  2.00000e+00
   3300000  3.167256e+02  5.590232e-05  7.143530e+00  3.162495e-01  1.577952e+01  1.23e-01  2.80e-04  8.90e-01  0.00000e+00  2.00000e+00
   3400000  3.221307e+02  5.405112e-05  7.458096e+00  3.168300e-01  1.541487e+01  1.25e-01  2.80e-04  8.90e-01  0.00000e+00  2.00000e+00
   3500000  3.273559e+02  5.225214e-05  7.787929e+00  3.174144e-01  1.505714e+01  1.26e-01  2.80e-04  8.90e-01  0.00000e+00  2.00000e+00
   3600000  3.324065e+02  5.050622e-05  8.133867e+00  3.180027e-01  1.470621e+01  1.28e-01  2.81e-04  8.91e-01  0.00000e+00  2.00000e+00
   3700000  3.372880e+02  4.881494e-05  8.496831e+00  3.185952e-01  1.436192e+01  1.29e-01  2.80e-04  8.90e-01  0.00000e+00  2.00000e+00
   3800000  3.420050e+02  4.716979e-05  8.877753e+00  3.191919e-01  1.402416e+01  1.31e-01  2.79e-04  8.90e-01  0.00000e+00  2.00000e+00
   3900000  3.465625e+02  4.557490e-05  9.277666e+00  3.197930e-01  1.369278e+01  1.32e-01  2.80e-04  8.90e-01  0.00000e+00  2.00000e+00
   4000000  3.509654e+02  4.402879e-05  9.697682e+00  3.203987e-01  1.336766e+01  1.34e-01  2.81e-04  8.90e-01  0.00000e+00  2.00000e+00
   4100000  3.552180e+02  4.252594e-05  1.013895e+01  3.210091e-01  1.304868e+01  1.35e-01  2.80e-04  8.90e-01  0.00000e+00  2.00000e+00
   4200000  3.593248e+02  4.106856e-05  1.060272e+01  3.216242e-01  1.273570e+01  1.37e-01  2.80e-04  8.90e-01  0.00000e+00  2.00000e+00
   4300000  3.632903e+02  3.965514e-05  1.109035e+01  3.222443e-01  1.242860e+01  1.38e-01  2.80e-04  8.90e-01  0.00000e+00  2.00000e+00
   4400000  3.671186e+02  3.828293e-05  1.160327e+01  3.228695e-01  1.212726e+01  1.40e-01  2.79e-04  8.90e-01  0.00000e+00  2.00000e+00
   4500000  3.708139e+02  3.695271e-05  1.214303e+01  3.235000e-01  1.183157e+01  1.42e-01  2.80e-04  8.90e-01  0.00000e+00  2.00000e+00
   4600000  3.743800e+02  3.566123e-05  1.271127e+01  3.241360e-01  1.154140e+01  1.43e-01  2.80e-04  8.90e-01  0.00000e+00  2.00000e+00
   4700000  3.778208e+02  3.440777e-05  1.330976e+01  3.247775e-01  1.125665e+01  1.45e-01  2.79e-04  8.90e-01  0.00000e+00  2.00000e+00
   4800000  3.811401e+02  3.319331e-05  1.394042e+01  3.254248e-01  1.097720e+01  1.47e-01  2.79e-04  8.90e-01  0.00000e+00  2.00000e+00
   4900000  3.843415e+02  3.201357e-05  1.460528e+01  3.260780e-01  1.070295e+01  1.49e-01  2.78e-04  8.90e-01  0.00000e+00  2.00000e+00
   5000000  3.874286e+02  3.087081e-05  1.530658e+01  3.267373e-01  1.043380e+01  1.51e-01  2.78e-04  8.90e-01  0.00000e+00  2.00000e+00
   5100000  3.904047e+02  2.976087e-05  1.604665e+01  3.274030e-01  1.016963e+01  1.53e-01  2.80e-04  8.90e-01  0.00000e+00  2.00000e+00
   5200000  3.932733e+02  2.868595e-05  1.682810e+01  3.280752e-01  9.910355e+00  1.54e-01  2.79e-04  8.90e-01  0.00000e+00  2.00000e+00
   5300000  3.960374e+02  2.764160e-05  1.765364e+01  3.287541e-01  9.655880e+00  1.56e-01  2.79e-04  8.90e-01  0.00000e+00  2.00000e+00
   5400000  3.987005e+02  2.663113e-05  1.852632e+01  3.294400e-01  9.406094e+00  1.58e-01  2.80e-04  8.90e-01  0.00000e+00  2.00000e+00
   5500000  4.012654e+02  2.564900e-05  1.944930e+01  3.301330e-01  9.160925e+00  1.61e-01  2.80e-04  8.90e-01  0.00000e+00  2.00000e+00
   5600000  4.037353e+02  2.469878e-05  2.042613e+01  3.308334e-01  8.920264e+00  1.63e-01  2.79e-04  8.90e-01  0.00000e+00  2.00000e+00
   5700000  4.061129e+02  2.377580e-05  2.146055e+01  3.315415e-01  8.684041e+00  1.65e-01  2.79e-04  8.90e-01  0.00000e+00  2.00000e+00
   5800000  4.084012e+02  2.288275e-05  2.255672e+01  3.322575e-01  8.452154e+00  1.67e-01  2.79e-04  8.90e-01  0.00000e+00  2.00000e+00
   5900000  4.106027e+02  2.201582e-05  2.371905e+01  3.329816e-01  8.224533e+00  1.69e-01  2.79e-04  8.90e-01  0.00000e+00  2.00000e+00
   6000000  4.127204e+02  2.117633e-05  2.495243e+01  3.337142e-01  8.001088e+00  1.72e-01  2.79e-04  8.90e-01  0.00000e+00  2.00000e+00
   6100000  4.147566e+02  2.036253e-05  2.626210e+01  3.344556e-01  7.781744e+00  1.74e-01  2.80e-04  8.90e-01  0.00000e+00  2.00000e+00
   6200000  4.167140e+02  1.957388e-05  2.765383e+01  3.352060e-01  7.566424e+00  1.77e-01  2.81e-04  8.90e-01  0.00000e+00  2.00000e+00
   6300000  4.185951e+02  1.881048e-05  2.913394e+01  3.359659e-01  7.355046e+00  1.79e-01  2.79e-04  8.90e-01  0.00000e+00  2.00000e+00
   6400000  4.204021e+02  1.807028e-05  3.070924e+01  3.367355e-01  7.147543e+00  1.82e-01  2.80e-04  8.90e-01  0.00000e+00  2.00000e+00
   6500000  4.221375e+02  1.735378e-05  3.238728e+01  3.375152e-01  6.943838e+00  1.84e-01  2.81e-04  8.90e-01  0.00000e+00  2.00000e+00
   6600000  4.238035e+02  1.665998e-05  3.417632e+01  3.383054e-01  6.743860e+00  1.87e-01  2.81e-04  8.90e-01  0.00000e+00  2.00000e+00
   6700000  4.254023e+02  1.598802e-05  3.608538e+01  3.391066e-01  6.547542e+00  1.90e-01  2.81e-04  8.90e-01  0.00000e+00  2.00000e+00
   6800000  4.269360e+02  1.533779e-05  3.812447e+01  3.399191e-01  6.354812e+00  1.93e-01  2.80e-04  8.90e-01  0.00000e+00  2.00000e+00
   6900000  4.284069e+02  1.470836e-05  4.030454e+01  3.407434e-01  6.165605e+00  1.96e-01  2.82e-04  8.90e-01  0.00000e+00  2.00000e+00
   7000000  4.298168e+02  1.409937e-05  4.263773e+01  3.415801e-01  5.979854e+00  1.99e-01  2.81e-04  8.90e-01  0.00000e+00  2.00000e+00
   7100000  4.311678e+02  1.350992e-05  4.513741e+01  3.424296e-01  5.797497e+00  2.03e-01  2.82e-04  8.90e-01  0.00000e+00  2.00000e+00
   7200000  4.324619e+02  1.294044e-05  4.781859e+01  3.432925e-01  5.618462e+00  2.06e-01  2.82e-04  8.90e-01  0.00000e+00  2.00000e+00
   7300000  4.337008e+02  1.238904e-05  5.069763e+01  3.441694e-01  5.442695e+00  2.10e-01  2.81e-04  8.90e-01  0.00000e+00  2.00000e+00
   7400000  4.348864e+02  1.185643e-05  5.379307e+01  3.450611e-01  5.270126e+00  2.13e-01  2.81e-04  8.90e-01  0.00000e+00  2.00000e+00
   7500000  4.360205e+02  1.134130e-05  5.712536e+01  3.459681e-01  5.100698e+00  2.17e-01  2.81e-04  8.90e-01  0.00000e+00  2.00000e+00
   7600000  4.371049e+02  1.084389e-05  6.071761e+01  3.468913e-01  4.934345e+00  2.21e-01  2.81e-04  8.90e-01  0.00000e+00  2.00000e+00
   7700000  4.381412e+02  1.036318e-05  6.459556e+01  3.478314e-01  4.771007e+00  2.25e-01  2.81e-04  8.90e-01  0.00000e+00  2.00000e+00
   7800000  4.391311e+02  9.898841e-06  6.878825e+01  3.487893e-01  4.610625e+00  2.30e-01  2.80e-04  8.90e-01  0.00000e+00  2.00000e+00
   7900000  4.400762e+02  9.450827e-06  7.332859e+01  3.497662e-01  4.453134e+00  2.34e-01  2.81e-04  8.90e-01  0.00000e+00  2.00000e+00
   8000000  4.409780e+02  9.018211e-06  7.825365e+01  3.507628e-01  4.298474e+00  2.39e-01  2.81e-04  8.90e-01  0.00000e+00  2.00000e+00
   8100000  4.418381e+02  8.600909e-06  8.360574e+01  3.517806e-01  4.146582e+00  2.44e-01  2.80e-04  8.90e-01  0.00000e+00  2.00000e+00
   8200000  4.426580e+02  8.198365e-06  8.943304e+01  3.528206e-01  3.997396e+00  2.50e-01  2.80e-04  8.90e-01  0.00000e+00  2.00000e+00
   8300000  4.434390e+02  7.810479e-06  9.579095e+01  3.538845e-01  3.850848e+00  2.55e-01  2.80e-04  8.90e-01  0.00000e+00  2.00000e+00
   8400000  4.441827e+02  7.436526e-06  1.027430e+02  3.549736e-01  3.706876e+00  2.61e-01  2.81e-04  8.89e-01  0.00000e+00  2.00000e+00
   8500000  4.448903e+02  7.076362e-06  1.103628e+02  3.560898e-01  3.565409e+00  2.68e-01  2.79e-04  8.89e-01  0.00000e+00  2.00000e+00
   8600000  4.455632e+02  6.729462e-06  1.187357e+02  3.572349e-01  3.426380e+00  2.75e-01  2.80e-04  8.89e-01  0.00000e+00  2.00000e+00
   8700000  4.462028e+02  6.395669e-06  1.279618e+02  3.584113e-01  3.289715e+00  2.82e-01  2.79e-04  8.89e-01  0.00000e+00  2.00000e+00
   8800000  4.468103e+02  6.074598e-06  1.381585e+02  3.596214e-01  3.155338e+00  2.90e-01  2.79e-04  8.89e-01  0.00000e+00  2.00000e+00
   8900000  4.473869e+02  5.765917e-06  1.494650e+02  3.608679e-01  3.023166e+00  2.98e-01  2.79e-04  8.89e-01  0.00000e+00  2.00000e+00
   9000000  4.479338e+02  5.469209e-06  1.620469e+02  3.621542e-01  2.893118e+00  3.08e-01  2.78e-04  8.89e-01  0.00000e+00  2.00000e+00
   9100000  4.484522e+02  5.184360e-06  1.761037e+02  3.634839e-01  2.765099e+00  3.18e-01  2.79e-04  8.89e-01  0.00000e+00  2.00000e+00
   9200000  4.489433e+02  4.910993e-06  1.918767e+02  3.648614e-01  2.639010e+00  3.29e-01  2.80e-04  8.89e-01  0.00000e+00  2.00000e+00
   9300000  4.494082e+02  4.648911e-06  2.096622e+02  3.662918e-01  2.514739e+00  3.41e-01  2.79e-04  8.89e-01  0.00000e+00  2.00000e+00
   9400000  4.498480e+02  4.397832e-06  2.298263e+02  3.677809e-01  2.392165e+00  3.54e-01  2.80e-04  8.89e-01  0.00000e+00  2.00000e+00
   9500000  4.502637e+02  4.157440e-06  2.528279e+02  3.693361e-01  2.271151e+00  3.69e-01  2.80e-04  8.89e-01  0.00000e+00  2.00000e+00
   9600000  4.506565e+02  3.927639e-06  2.792503e+02  3.709659e-01  2.151540e+00  3.86e-01  2.79e-04  8.89e-01  0.00000e+00  2.00000e+00
   9700000  4.510273e+02  3.708205e-06  3.098465e+02  3.726809e-01  2.033151e+00  4.05e-01  2.80e-04  8.88e-01  0.00000e+00  2.00000e+00
   9800000  4.513772e+02  3.498986e-06  3.456066e+02  3.744944e-01  1.915772e+00  4.28e-01  2.80e-04  8.88e-01  0.00000e+00  2.00000e+00
   9900000  4.517072e+02  3.299819e-06  3.878587e+02  3.764231e-01  1.799149e+00  4.53e-01  2.79e-04  8.88e-01  0.00000e+00  2.00000e+00
  10000000  4.520183e+02  3.110810e-06  4.384328e+02  3.784885e-01  1.682968e+00  4.84e-01  2.79e-04  8.88e-01  0.00000e+00  2.00000e+00
  10100000  4.523115e+02  2.931850e-06  4.999188e+02  3.807193e-01  1.566843e+00  5.21e-01  2.79e-04  8.88e-01  0.00000e+00  2.00000e+00
  10200000  4.525878e+02  2.763156e-06  5.761188e+02  3.831544e-01  1.450275e+00  5.66e-01  2.79e-04  8.88e-01  0.00000e+00  2.00000e+00
  10300000  4.528483e+02  2.605225e-06  6.728642e+02  3.858489e-01  1.332598e+00  6.23e-01  2.79e-04  8.88e-01  0.00000e+00  2.00000e+00
  10400000  4.530942e+02  2.458594e-06  7.995880e+02  3.888841e-01  1.212905e+00  6.98e-01  2.78e-04  8.87e-01  0.00000e+00  2.00000e+00
  10500000  4.533269e+02  2.327169e-06  9.729121e+02  3.923913e-01  1.089743e+00  8.01e-01  2.78e-04  8.84e-01  0.00000e+00  2.00000e+00
  10600000  4.535462e+02  2.193363e-06  1.222086e+03  3.965520e-01  9.621196e-01  9.41e-01  2.78e-04  7.50e-01  0.00000e+00  2.00000e+00
  10685785  4.537055e+02  1.856713e-06  1.500002e+03  4.003793e-01  8.601271e-01  1.00e+00  2.74e-04  1.37e-02  0.00000e+00  2.00000e+00
