     i         log_r      log_rmid             m           rho            v2             p        trelax            kn
     0  -1.631615e+00  -1.932645e+00  4.934075e-05  7.891686e+00  1.008655e-01  7.959992e-01  3.989870e-01  1.494940e+01
     1  -1.610795e+00  -1.621080e+00  5.446776e-05  7.805769e+00  1.008615e-01  7.873014e-01  4.033868e-01  1.503175e+01
     2  -1.590818e+00  -1.600692e+00  6.012546e-05  7.797431e+00  1.008649e-01  7.864873e-01  4.038112e-01  1.503953e+01
     3  -1.571547e+00  -1.581076e+00  6.636847e-05  7.789725e+00  1.008588e-01  7.856624e-01  4.042229e-01  1.504742e+01
     4  -1.552875e+00  -1.562111e+00  7.325696e-05  7.780932e+00  1.008647e-01  7.848211e-01  4.046680e-01  1.505549e+01
     5  -1.534714e+00  -1.543699e+00  8.085723e-05  7.772801e+00  1.008592e-01  7.839585e-01  4.051023e-01  1.506377e+01
     6  -1.516992e+00  -1.525763e+00  8.924233e-05  7.763732e+00  1.008626e-01  7.830698e-01  4.055688e-01  1.507231e+01
     7  -1.499651e+00  -1.508235e+00  9.849269e-05  7.754817e+00  1.008600e-01  7.821508e-01  4.060402e-01  1.508117e+01
     8  -1.482641e+00  -1.491062e+00  1.086969e-04  7.745293e+00  1.008609e-01  7.811970e-01  4.065377e-01  1.509037e+01
     9  -1.465919e+00  -1.474199e+00  1.199527e-04  7.735522e+00  1.008599e-01  7.802043e-01  4.070530e-01  1.509997e+01
    10  -1.449452e+00  -1.457608e+00  1.323673e-04  7.725261e+00  1.008598e-01  7.791685e-01  4.075939e-01  1.511000e+01
    11  -1.433208e+00  -1.441254e+00  1.460590e-04  7.714557e+00  1.008594e-01  7.780853e-01  4.081604e-01  1.512051e+01
    12  -1.417161e+00  -1.425110e+00  1.611581e-04  7.703332e+00  1.008590e-01  7.769503e-01  4.087560e-01  1.513155e+01
    13  -1.401289e+00  -1.409153e+00  1.778078e-04  7.691554e+00  1.008586e-01  7.757590e-01  4.093828e-01  1.514317e+01
    14  -1.385572e+00  -1.393359e+00  1.961656e-04  7.679172e+00  1.008581e-01  7.745069e-01  4.100437e-01  1.515540e+01
    15  -1.369993e+00  -1.377713e+00  2.164050e-04  7.666142e+00  1.008577e-01  7.731891e-01  4.107416e-01  1.516831e+01
    16  -1.354537e+00  -1.362196e+00  2.387165e-04  7.652414e+00  1.008572e-01  7.718007e-01  4.114795e-01  1.518195e+01
    17  -1.339190e+00  -1.346796e+00  2.633099e-04  7.637935e+00  1.008566e-01  7.703364e-01  4.122606e-01  1.519637e+01
    18  -1.323941e+00  -1.331499e+00  2.904155e-04  7.622653e+00  1.008561e-01  7.687909e-01  4.130882e-01  1.521164e+01
    19  -1.308780e+00  -1.316295e+00  3.202866e-04  7.606510e+00  1.008555e-01  7.671584e-01  4.139661e-01  1.522782e+01
    20  -1.293697e+00  -1.301173e+00  3.532015e-04  7.589449e+00  1.008549e-01  7.654330e-01  4.148979e-01  1.524497e+01
    21  -1.278684e+00  -1.286126e+00  3.894659e-04  7.571408e+00  1.008542e-01  7.636084e-01  4.158879e-01  1.526317e+01
    22  -1.263734e+00  -1.271145e+00  4.294153e-04  7.552322e+00  1.008535e-01  7.616782e-01  4.169404e-01  1.528250e+01
    23  -1.248840e+00  -1.256223e+00  4.734182e-04  7.532123e+00  1.008528e-01  7.596354e-01  4.180601e-01  1.530303e+01
    24  -1.233996e+00  -1.241354e+00  5.218790e-04  7.510740e+00  1.008520e-01  7.574730e-01  4.192519e-01  1.532486e+01
    25  -1.219196e+00  -1.226533e+00  5.752413e-04  7.488100e+00  1.008511e-01  7.551833e-01  4.205213e-01  1.534808e+01
    26  -1.204436e+00  -1.211754e+00  6.339917e-04  7.464124e+00  1.008502e-01  7.527586e-01  4.218740e-01  1.537278e+01
    27  -1.189712e+00  -1.197012e+00  6.986635e-04  7.438731e+00  1.008493e-01  7.501906e-01  4.233161e-01  1.539907e+01
    28  -1.175019e+00  -1.182303e+00  7.698414e-04  7.411836e+00  1.008482e-01  7.474707e-01  4.248543e-01  1.542706e+01
    29  -1.160353e+00  -1.167624e+00  8.481657e-04  7.383351e+00  1.008472e-01  7.445899e-01  4.264957e-01  1.545687e+01
    30  -1.145712e+00  -1.152971e+00  9.343377e-04  7.353183e+00  1.008460e-01  7.415390e-01  4.282480e-01  1.548864e+01
    31  -1.131091e+00  -1.138340e+00  1.029125e-03  7.321236e+00  1.008447e-01  7.383082e-01  4.301193e-01  1.552249e+01
    32  -1.116488e+00  -1.123728e+00  1.133367e-03  7.287410e+00  1.008434e-01  7.348874e-01  4.321186e-01  1.555857e+01
    33  -1.101900e+00  -1.109133e+00  1.247982e-03  7.251601e+00  1.008420e-01  7.312660e-01  4.342555e-01  1.559705e+01
    34  -1.087325e+00  -1.094551e+00  1.373975e-03  7.213702e+00  1.008405e-01  7.274333e-01  4.365403e-01  1.563808e+01
    35  -1.072759e+00  -1.079981e+00  1.512441e-03  7.173602e+00  1.008389e-01  7.233780e-01  4.389840e-01  1.568186e+01
    36  -1.058201e+00  -1.065419e+00  1.664578e-03  7.131186e+00  1.008372e-01  7.190885e-01  4.415989e-01  1.572856e+01
    37  -1.043647e+00  -1.050863e+00  1.831692e-03  7.086337e+00  1.008353e-01  7.145529e-01  4.443978e-01  1.577840e+01
    38  -1.029096e+00  -1.036311e+00  2.015208e-03  7.038933e+00  1.008333e-01  7.097591e-01  4.473950e-01  1.583160e+01
    39  -1.014546e+00  -1.021760e+00  2.216679e-03  6.988851e+00  1.008312e-01  7.046944e-01  4.506057e-01  1.588838e+01
    40  -9.999940e-01  -1.007209e+00  2.437797e-03  6.935966e+00  1.008290e-01  6.993462e-01  4.540466e-01  1.594902e+01
    41  -9.854377e-01  -9.926549e-01  2.680402e-03  6.880149e+00  1.008265e-01  6.937016e-01  4.577357e-01  1.601378e+01
    42  -9.708750e-01  -9.780953e-01  2.946497e-03  6.821271e+00  1.008239e-01  6.877474e-01  4.616925e-01  1.608295e+01
    43  -9.563036e-01  -9.635282e-01  3.238258e-03  6.759202e+00  1.008212e-01  6.814706e-01  4.659386e-01  1.615685e+01
    44  -9.417212e-01  -9.489512e-01  3.558048e-03  6.693812e+00  1.008182e-01  6.748580e-01  4.704972e-01  1.623581e+01
    45  -9.271253e-01  -9.343619e-01  3.908434e-03  6.624972e+00  1.008150e-01  6.678965e-01  4.753937e-01  1.632020e+01
    46  -9.125133e-01  -9.197578e-01  4.292194e-03  6.552553e+00  1.008116e-01  6.605732e-01  4.806559e-01  1.641042e+01
    47  -8.978828e-01  -9.051364e-01  4.712343e-03  6.476431e+00  1.008079e-01  6.528755e-01  4.863142e-01  1.650688e+01
    48  -8.832309e-01  -8.904950e-01  5.172139e-03  6.396485e+00  1.008040e-01  6.447910e-01  4.924020e-01  1.661004e+01
    49  -8.685548e-01  -8.758309e-01  5.675107e-03  6.312597e+00  1.007997e-01  6.363080e-01  4.989560e-01  1.672039e+01
    50  -8.538516e-01  -8.611410e-01  6.225056e-03  6.224658e+00  1.007952e-01  6.274155e-01  5.060165e-01  1.683847e+01
    51  -8.391179e-01  -8.464223e-01  6.826093e-03  6.132566e+00  1.007903e-01  6.181031e-01  5.136277e-01  1.696484e+01
    52  -8.243506e-01  -8.316715e-01  7.482645e-03  6.036229e+00  1.007850e-01  6.083615e-01  5.218387e-01  1.710013e+01
    53  -8.095460e-01  -8.168852e-01  8.199479e-03  5.935566e+00  1.007794e-01  5.981825e-01  5.307036e-01  1.724500e+01
    54  -7.947004e-01  -8.020598e-01  8.981720e-03  5.830509e+00  1.007733e-01  5.875594e-01  5.402824e-01  1.740020e+01
    55  -7.798098e-01  -7.871913e-01  9.834873e-03  5.721007e+00  1.007667e-01  5.764869e-01  5.506417e-01  1.756651e+01
    56  -7.648699e-01  -7.722756e-01  1.076484e-02  5.607023e+00  1.007596e-01  5.649614e-01  5.618552e-01  1.774479e+01
    57  -7.498762e-01  -7.573083e-01  1.177795e-02  5.488544e+00  1.007519e-01  5.529814e-01  5.740056e-01  1.793597e+01
    58  -7.348239e-01  -7.422848e-01  1.288096e-02  5.365576e+00  1.007437e-01  5.405478e-01  5.871848e-01  1.814108e+01
    59  -7.197078e-01  -7.272001e-01  1.408111e-02  5.238149e+00  1.007347e-01  5.276636e-01  6.014957e-01  1.836122e+01
    60  -7.045225e-01  -7.120488e-01  1.538608e-02  5.106323e+00  1.007251e-01  5.143347e-01  6.170537e-01  1.859761e+01
    61  -6.892621e-01  -6.968252e-01  1.680409e-02  4.970182e+00  1.007146e-01  5.005699e-01  6.339886e-01  1.885158e+01
    62  -6.739203e-01  -6.815234e-01  1.834386e-02  4.829846e+00  1.007033e-01  4.863812e-01  6.524466e-01  1.912457e+01
    63  -6.584904e-01  -6.661368e-01  2.001463e-02  4.685464e+00  1.006909e-01  4.717838e-01  6.725927e-01  1.941819e+01
    64  -6.429655e-01  -6.506586e-01  2.182623e-02  4.537224e+00  1.006776e-01  4.567967e-01  6.946138e-01  1.973416e+01
    65  -6.273378e-01  -6.350813e-01  2.378900e-02  4.385348e+00  1.006630e-01  4.414424e-01  7.187220e-01  2.007443e+01
    66  -6.115993e-01  -6.193973e-01  2.591390e-02  4.230098e+00  1.006472e-01  4.257475e-01  7.451586e-01  2.044109e+01
    67  -5.957414e-01  -6.035980e-01  2.821244e-02  4.071776e+00  1.006299e-01  4.097424e-01  7.741990e-01  2.083650e+01
    68  -5.797548e-01  -5.876745e-01  3.069673e-02  3.910721e+00  1.006111e-01  3.934618e-01  8.061583e-01  2.126321e+01
    69  -5.636298e-01  -5.716175e-01  3.337950e-02  3.747315e+00  1.005905e-01  3.769441e-01  8.413980e-01  2.172409e+01
    70  -5.473561e-01  -5.554167e-01  3.627402e-02  3.581978e+00  1.005679e-01  3.602320e-01  8.803339e-01  2.222230e+01
    71  -5.309224e-01  -5.390615e-01  3.939419e-02  3.415170e+00  1.005432e-01  3.433720e-01  9.234458e-01  2.276133e+01
    72  -5.143171e-01  -5.225404e-01  4.275447e-02  3.247385e+00  1.005160e-01  3.264142e-01  9.712892e-01  2.334509e+01
    73  -4.975276e-01  -5.058412e-01  4.636989e-02  3.079154e+00  1.004861e-01  3.094123e-01  1.024508e+00  2.397791e+01
    74  -4.805409e-01  -4.889512e-01  5.025604e-02  2.911036e+00  1.004532e-01  2.924229e-01  1.083853e+00  2.466462e+01
    75  -4.633429e-01  -4.718568e-01  5.442903e-02  2.743614e+00  1.004169e-01  2.755052e-01  1.150201e+00  2.541062e+01
    76  -4.459189e-01  -4.545435e-01  5.890545e-02  2.577496e+00  1.003767e-01  2.587206e-01  1.224575e+00  2.622193e+01
    77  -4.282534e-01  -4.369963e-01  6.370238e-02  2.413299e+00  1.003323e-01  2.421318e-01  1.308183e+00  2.710530e+01
    78  -4.103301e-01  -4.191993e-01  6.883734e-02  2.251652e+00  1.002829e-01  2.258022e-01  1.402443e+00  2.806830e+01
    79  -3.921321e-01  -4.011358e-01  7.432819e-02  2.093179e+00  1.002280e-01  2.097952e-01  1.509034e+00  2.911940e+01
    80  -3.736415e-01  -3.827884e-01  8.019316e-02  1.938498e+00  1.001669e-01  1.941733e-01  1.629944e+00  3.026812e+01
    81  -3.548400e-01  -3.641390e-01  8.645076e-02  1.788206e+00  1.000987e-01  1.789971e-01  1.767536e+00  3.152515e+01
    82  -3.357088e-01  -3.451691e-01  9.311970e-02  1.642875e+00  1.000224e-01  1.643243e-01  1.924628e+00  3.290253e+01
    83  -3.162283e-01  -3.258593e-01  1.002189e-01  1.503038e+00  9.993693e-02  1.502090e-01  2.104588e+00  3.441376e+01
    84  -2.963790e-01  -3.061903e-01  1.077672e-01  1.369182e+00  9.984106e-02  1.367006e-01  2.311449e+00  3.607406e+01
    85  -2.761412e-01  -2.861422e-01  1.157837e-01  1.241739e+00  9.973329e-02  1.238427e-01  2.550056e+00  3.790050e+01
    86  -2.554952e-01  -2.656955e-01  1.242872e-01  1.121077e+00  9.961197e-02  1.116727e-01  2.826238e+00  3.991229e+01
    87  -2.344220e-01  -2.448308e-01  1.332966e-01  1.007494e+00  9.947520e-02  1.002207e-01  3.147024e+00  4.213097e+01
    88  -2.129036e-01  -2.235295e-01  1.428304e-01  9.012113e-01  9.932083e-02  8.950905e-02  3.520896e+00  4.458068e+01
    89  -1.909231e-01  -2.017743e-01  1.529067e-01  8.023684e-01  9.914640e-02  7.955194e-02  3.958109e+00  4.728842e+01
    90  -1.684657e-01  -1.795492e-01  1.635435e-01  7.110226e-01  9.894919e-02  7.035511e-02  4.471060e+00  5.028429e+01
    91  -1.455189e-01  -1.568408e-01  1.747582e-01  6.271477e-01  9.872612e-02  6.191585e-02  5.074744e+00  5.360178e+01
    92  -1.220737e-01  -1.336381e-01  1.865674e-01  5.506358e-01  9.847379e-02  5.422320e-02  5.787289e+00  5.727797e+01
    93  -9.812463e-02  -1.099341e-01  1.989873e-01  4.813022e-01  9.818849e-02  4.725834e-02  6.630584e+00  6.135372e+01
    94  -7.367109e-02  -8.572577e-02  2.120334e-01  4.188911e-01  9.786618e-02  4.099527e-02  7.631019e+00  6.587388e+01
    95  -4.871777e-02  -6.101524e-02  2.257203e-01  3.630840e-01  9.750256e-02  3.540162e-02  8.820330e+00  7.088732e+01
    96  -2.327543e-02  -3.581032e-02  2.400618e-01  3.135100e-01  9.709311e-02  3.043966e-02  1.023657e+01  7.644697e+01
    97  2.638568e-03  -1.012518e-02  2.550706e-01  2.697563e-01  9.663322e-02  2.606742e-02  1.192519e+01  8.260972e+01
    98  2.899983e-02  1.601918e-02  2.707586e-01  2.313808e-01  9.611824e-02  2.223991e-02  1.394023e+01  8.943626e+01
    99  5.577677e-02  4.259464e-02  2.871364e-01  1.979234e-01  9.554370e-02  1.891034e-02  1.634563e+01  9.699079e+01
   100  8.293067e-02  6.956591e-02  3.042139e-01  1.689185e-01  9.490541e-02  1.603128e-02  1.921664e+01  1.053407e+02
   101  1.104161e-01  9.689079e-02  3.219994e-01  1.439048e-01  9.419969e-02  1.355579e-02  2.264122e+01  1.145560e+02
   102  1.381816e-01  1.245207e-01  3.405002e-01  1.224358e-01  9.342349e-02  1.143838e-02  2.672166e+01  1.247090e+02
   103  1.661708e-01  1.524016e-01  3.597226e-01  1.040868e-01  9.257463e-02  9.635801e-03  3.157608e+01  1.358740e+02
   104  1.943234e-01  1.804752e-01  3.796713e-01  8.846151e-02  9.165186e-02  8.107662e-03  3.734006e+01  1.481264e+02
   105  2.225771e-01  2.086800e-01  4.003500e-01  7.519568e-02  9.065497e-02  6.816863e-03  4.416836e+01  1.615429e+02
   106  2.508687e-01  2.369532e-01  4.217611e-01  6.395986e-02  8.958485e-02  5.729835e-03  5.223663e+01  1.762013e+02
   107  2.791358e-01  2.652322e-01  4.439059e-01  5.445994e-02  8.844342e-02  4.816623e-03  6.174334e+01  1.921803e+02
   108  3.073184e-01  2.934556e-01  4.667842e-01  4.643659e-02  8.723355e-02  4.050829e-03  7.291181e+01  2.095599e+02
   109  3.353599e-01  3.215654e-01  4.903948e-01  3.966372e-02  8.595895e-02  3.409451e-03  8.599260e+01  2.284220e+02
   110  3.632085e-01  3.495074e-01  5.147353e-01  3.394603e-02  8.462398e-02  2.872648e-03  1.012662e+02  2.488508e+02
   111  3.908176e-01  3.772324e-01  5.398022e-01  2.911630e-02  8.323345e-02  2.423450e-03  1.190460e+02  2.709338e+02
   112  4.181463e-01  4.046969e-01  5.655908e-01  2.503233e-02  8.179247e-02  2.047456e-03  1.396825e+02  2.947629e+02
   113  4.451602e-01  4.318633e-01  5.920954e-01  2.157392e-02  8.030622e-02  1.732520e-03  1.635673e+02  3.204358e+02
   114  4.718306e-01  4.587001e-01  6.193092e-01  1.863994e-02  7.877990e-02  1.468452e-03  1.911383e+02  3.480569e+02
   115  4.981351e-01  4.851820e-01  6.472248e-01  1.614562e-02  7.721855e-02  1.246741e-03  2.228869e+02  3.777392e+02
   116  5.240567e-01  5.112893e-01  6.758333e-01  1.402008e-02  7.562706e-02  1.060298e-03  2.593646e+02  4.096059e+02
   117  5.495840e-01  5.370079e-01  7.051256e-01  1.220419e-02  7.401017e-02  9.032345e-04  3.011932e+02  4.437924e+02
   118  5.747103e-01  5.623288e-01  7.350913e-01  1.064863e-02  7.237247e-02  7.706679e-04  3.490755e+02  4.804481e+02
   119  5.994336e-01  5.872478e-01  7.657196e-01  9.312298e-03  7.071855e-02  6.585522e-04  4.038094e+02  5.197387e+02
   120  6.237561e-01  6.117651e-01  7.969989e-01  8.160916e-03  6.905306e-02  5.635362e-04  4.663045e+02  5.618485e+02
   121  6.476837e-01  6.358846e-01  8.289172e-01  7.165891e-03  6.738084e-02  4.828438e-04  5.376029e+02  6.069834e+02
   122  6.712259e-01  6.596143e-01  8.614616e-01  6.303335e-03  6.570707e-02  4.141737e-04  6.189043e+02  6.553735e+02
   123  6.943957e-01  6.829653e-01  8.946192e-01  5.553275e-03  6.403732e-02  3.556168e-04  7.115973e+02  7.072761e+02
   124  7.172090e-01  7.059521e-01  9.283763e-01  4.898985e-03  6.237758e-02  3.055868e-04  8.172965e+02  7.629795e+02
   125  7.396846e-01  7.285922e-01  9.627191e-01  4.326448e-03  6.073430e-02  2.627638e-04  9.378891e+02  8.228059e+02
   126  7.618443e-01  7.509058e-01  9.976334e-01  3.823912e-03  5.911420e-02  2.260475e-04  1.075589e+03  8.871158e+02
   127  7.837120e-01  7.729157e-01  1.033105e+00  3.381519e-03  5.752410e-02  1.945188e-04  1.233000e+03  9.563114e+02
   128  8.053141e-01  7.946473e-01  1.069119e+00  2.991007e-03  5.597059e-02  1.674084e-04  1.413197e+03  1.030841e+03
   129  8.266785e-01  8.161277e-01  1.105661e+00  2.645454e-03  5.445964e-02  1.440705e-04  1.619804e+03  1.111201e+03
   130  8.478344e-01  8.373853e-01  1.142716e+00  2.339068e-03  5.299614e-02  1.239616e-04  1.857099e+03  1.197944e+03
   131  8.688114e-01  8.584495e-01  1.180269e+00  2.066999e-03  5.158351e-02  1.066231e-04  2.130121e+03  1.291679e+03
   132  8.896386e-01  8.793498e-01  1.218305e+00  1.825178e-03  5.022336e-02  9.166656e-05  2.444792e+03  1.393076e+03
   133  9.103442e-01  9.001148e-01  1.256811e+00  1.610172e-03  4.891533e-02  7.876207e-05  2.808054e+03  1.502871e+03
   134  9.309544e-01  9.207716e-01  1.295770e+00  1.419055e-03  4.765721e-02  6.762821e-05  3.228022e+03  1.621871e+03
   135  9.514928e-01  9.413450e-01  1.335169e+00  1.249302e-03  4.644526e-02  5.802416e-05  3.714171e+03  1.750958e+03
   136  9.719799e-01  9.618572e-01  1.374993e+00  1.098694e-03  4.527474e-02  4.974310e-05  4.277551e+03  1.891097e+03
   137  9.924333e-01  9.823270e-01  1.415228e+00  9.652532e-04  4.414056e-02  4.260682e-05  4.931055e+03  2.043340e+03
   138  1.012867e+00  1.002771e+00  1.455860e+00  8.471938e-04  4.303779e-02  3.646135e-05  5.689738e+03  2.208838e+03
   139  1.033294e+00  1.023201e+00  1.496874e+00  7.428929e-04  4.196211e-02  3.117335e-05  6.571207e+03  2.388847e+03
   140  1.053723e+00  1.043628e+00  1.538259e+00  6.508721e-04  4.091000e-02  2.662718e-05  7.596082e+03  2.584744e+03
   141  1.074161e+00  1.064062e+00  1.579999e+00  5.697875e-04  3.987876e-02  2.272242e-05  8.788530e+03  2.798033e+03
   142  1.094615e+00  1.084508e+00  1.622083e+00  4.984220e-04  3.886638e-02  1.937186e-05  1.017691e+04  3.030362e+03
   143  1.115089e+00  1.104973e+00  1.664498e+00  4.356774e-04  3.787143e-02  1.649973e-05  1.179449e+04  3.283536e+03
   144  1.135588e+00  1.125460e+00  1.707230e+00  3.805671e-04  3.689292e-02  1.404023e-05  1.368035e+04  3.559533e+03
   145  1.156115e+00  1.145973e+00  1.750269e+00  3.322075e-04  3.593013e-02  1.193626e-05  1.588039e+04  3.860522e+03
   146  1.176671e+00  1.166515e+00  1.793602e+00  2.898091e-04  3.498263e-02  1.013829e-05  1.844853e+04  4.188880e+03
   147  1.197259e+00  1.187087e+00  1.837217e+00  2.526684e-04  3.405012e-02  8.603389e-06  2.144815e+04  4.547214e+03
   148  1.217880e+00  1.207692e+00  1.881104e+00  2.201594e-04  3.313244e-02  7.294418e-06  2.495376e+04  4.938384e+03
   149  1.238535e+00  1.228330e+00  1.925252e+00  1.917264e-04  3.222952e-02  6.179250e-06  2.905301e+04  5.365526e+03
   150  1.259224e+00  1.249003e+00  1.969650e+00  1.668766e-04  3.134136e-02  5.230139e-06  3.384899e+04  5.832081e+03
   151  1.279948e+00  1.269710e+00  2.014288e+00  1.451735e-04  3.046803e-02  4.423151e-06  3.946303e+04  6.341825e+03
   152  1.300707e+00  1.290452e+00  2.059157e+00  1.262315e-04  2.960960e-02  3.737665e-06  4.603794e+04  6.898902e+03
   153  1.321500e+00  1.311228e+00  2.104246e+00  1.097099e-04  2.876619e-02  3.155937e-06  5.374188e+04  7.507857e+03
   154  1.342328e+00  1.332039e+00  2.149547e+00  9.530829e-05  2.793792e-02  2.662716e-06  6.277291e+04  8.173682e+03
   155  1.363190e+00  1.352884e+00  2.195050e+00  8.276201e-05  2.712490e-02  2.244912e-06  7.336432e+04  8.901855e+03
   156  1.384084e+00  1.373763e+00  2.240748e+00  7.183813e-05  2.632728e-02  1.891302e-06  8.579106e+04  9.698391e+03
   157  1.405011e+00  1.394674e+00  2.286631e+00  6.233109e-05  2.554550e-02  1.592279e-06  1.003779e+05  1.056989e+04
   158  1.425972e+00  1.415618e+00  2.332692e+00  5.405897e-05  2.478081e-02  1.339625e-06  1.175099e+05  1.152361e+04
   159  1.446967e+00  1.436596e+00  2.378923e+00  4.686074e-05  2.403556e-02  1.126324e-06  1.376461e+05  1.256749e+04
   160  1.467992e+00  1.457607e+00  2.425317e+00  4.061505e-05  2.330157e-02  9.463945e-07  1.612948e+05  1.371021e+04
   161  1.489040e+00  1.478644e+00  2.471867e+00  3.520177e-05  2.257644e-02  7.947307e-07  1.890635e+05  1.496133e+04
   162  1.510114e+00  1.499705e+00  2.518566e+00  3.049466e-05  2.187192e-02  6.669768e-07  2.217342e+05  1.633145e+04
   163  1.531215e+00  1.520793e+00  2.565407e+00  2.640746e-05  2.118485e-02  5.594381e-07  2.601721e+05  1.783217e+04
   164  1.552342e+00  1.541907e+00  2.612384e+00  2.286147e-05  2.051390e-02  4.689778e-07  3.054019e+05  1.947619e+04
   165  1.573495e+00  1.563047e+00  2.659491e+00  1.978633e-05  1.985887e-02  3.929342e-07  3.586389e+05  2.127748e+04
   166  1.594672e+00  1.584212e+00  2.706721e+00  1.712047e-05  1.921972e-02  3.290506e-07  4.213187e+05  2.325138e+04
   167  1.615872e+00  1.605401e+00  2.754071e+00  1.481019e-05  1.859637e-02  2.754158e-07  4.951369e+05  2.541474e+04
   168  1.637094e+00  1.626613e+00  2.801534e+00  1.280869e-05  1.798875e-02  2.304124e-07  5.820960e+05  2.778608e+04
   169  1.658338e+00  1.647846e+00  2.849105e+00  1.107525e-05  1.739674e-02  1.926733e-07  6.845615e+05  3.038571e+04
   170  1.679602e+00  1.669100e+00  2.896779e+00  9.574402e-06  1.682021e-02  1.610435e-07  8.053276e+05  3.323599e+04
   171  1.700887e+00  1.690375e+00  2.944551e+00  8.275303e-06  1.625902e-02  1.345483e-07  9.476958e+05  3.636144e+04
   172  1.722189e+00  1.711668e+00  2.992418e+00  7.151139e-06  1.571297e-02  1.123657e-07  1.115567e+06  3.978903e+04
   173  1.743510e+00  1.732980e+00  3.040374e+00  6.178608e-06  1.518190e-02  9.380299e-08  1.313549e+06  4.354836e+04
   174  1.764847e+00  1.754310e+00  3.088416e+00  5.337466e-06  1.466557e-02  7.827699e-08  1.547089e+06  4.767197e+04
   175  1.786200e+00  1.775655e+00  3.136540e+00  4.610138e-06  1.416377e-02  6.529692e-08  1.822622e+06  5.219559e+04
   176  1.807568e+00  1.797016e+00  3.184741e+00  3.981368e-06  1.367624e-02  5.445013e-08  2.147753e+06  5.715848e+04
   177  1.828950e+00  1.818391e+00  3.233016e+00  3.437920e-06  1.320272e-02  4.538989e-08  2.531469e+06  6.260378e+04
   178  1.850345e+00  1.839779e+00  3.281363e+00  2.968314e-06  1.274294e-02  3.782503e-08  2.984389e+06  6.857890e+04
   179  1.871751e+00  1.861179e+00  3.329777e+00  2.562595e-06  1.229660e-02  3.151121e-08  3.519066e+06  7.513592e+04
   180  1.893167e+00  1.882591e+00  3.378255e+00  2.212137e-06  1.186342e-02  2.624350e-08  4.150335e+06  8.233212e+04
   181  1.914593e+00  1.904012e+00  3.426795e+00  1.909462e-06  1.144308e-02  2.185012e-08  4.895731e+06  9.023047e+04
   182  1.936026e+00  1.925442e+00  3.475393e+00  1.648097e-06  1.103527e-02  1.818719e-08  5.775982e+06  9.890023e+04
   183  1.957467e+00  1.946879e+00  3.524047e+00  1.422432e-06  1.063969e-02  1.513423e-08  6.815599e+06  1.084176e+05
   184  1.978913e+00  1.968322e+00  3.572754e+00  1.227614e-06  1.025601e-02  1.259043e-08  8.043570e+06  1.188666e+05
   185  2.000363e+00  1.989771e+00  3.621512e+00  1.059442e-06  9.883935e-03  1.047146e-08  9.494188e+06  1.303397e+05
   186  2.021817e+00  2.011223e+00  3.670318e+00  9.142820e-07  9.523146e-03  8.706841e-09  1.120804e+07  1.429387e+05
   187  2.043274e+00  2.032678e+00  3.719169e+00  7.889909e-07  9.173344e-03  7.237685e-09  1.323318e+07  1.567763e+05
   188  2.064732e+00  2.054136e+00  3.768065e+00  6.808517e-07  8.834237e-03  6.014806e-09  1.562654e+07  1.719766e+05
   189  2.086192e+00  2.075595e+00  3.817003e+00  5.875163e-07  8.505541e-03  4.997144e-09  1.845564e+07  1.886771e+05
   190  2.107653e+00  2.097055e+00  3.865980e+00  5.069561e-07  8.186983e-03  4.150441e-09  2.180056e+07  2.070299e+05
   191  2.129115e+00  2.118516e+00  3.914995e+00  4.374192e-07  7.878302e-03  3.446120e-09  2.575644e+07  2.272035e+05
   192  2.150578e+00  2.139979e+00  3.964046e+00  3.773931e-07  7.579247e-03  2.860356e-09  3.043638e+07  2.493849e+05
   193  2.172044e+00  2.161444e+00  4.013132e+00  3.255725e-07  7.289584e-03  2.373288e-09  3.597501e+07  2.737820e+05
   194  2.193515e+00  2.182912e+00  4.062250e+00  2.808312e-07  7.009087e-03  1.968370e-09  4.253280e+07  3.006262e+05
   195  2.214992e+00  2.204386e+00  4.111399e+00  2.421978e-07  6.737544e-03  1.631818e-09  5.030128e+07  3.301751e+05
   196  2.236478e+00  2.225868e+00  4.160578e+00  2.088347e-07  6.474751e-03  1.352153e-09  5.950942e+07  3.627165e+05
   197  2.257977e+00  2.247361e+00  4.209786e+00  1.800199e-07  6.220516e-03  1.119817e-09  7.043140e+07  3.985719e+05
   198  2.279492e+00  2.268868e+00  4.259020e+00  1.551308e-07  5.974653e-03  9.268526e-10  8.339608e+07  4.381016e+05
   199  2.301030e+00  2.290395e+00  4.308280e+00  1.336276e-07  5.737127e-03  7.666386e-10  9.879992e+07  4.817091e+05
