      step          time          <dt>         rho_c         v_max        Kn_min  <dt lim>  <dr lim>  <du lim>  <n_iter_cr>  <n_iter_dr>
         0  0.000000e+00           N/A  1.639545e+00  3.945163e-01  2.468654e+01       N/A       N/A       N/A          N/A          N/A
    100000  9.216108e-01  9.216108e-06  1.366558e+00  3.893436e-01  2.383137e+01  4.73e-03  6.76e-03  6.81e-01  0.00000e+00  1.99998e+00
    200000  2.033444e+00  1.111833e-05  1.539619e+00  3.804861e-01  2.297471e+01  6.22e-03  5.60e-03  5.60e-01  0.00000e+00  2.00000e+00
    300000  3.134141e+00  1.100697e-05  1.696407e+00  3.743600e-01  2.224543e+01  6.72e-03  5.60e-03  5.59e-01  0.00000e+00  2.00000e+00
    400000  4.216170e+00  1.082029e-05  1.839383e+00  3.700375e-01  2.161290e+01  7.12e-03  5.60e-03  5.58e-01  0.00000e+00  2.00000e+00
    500000  5.276641e+00  1.060471e-05  1.972197e+00  3.668454e-01  2.105420e+01  7.45e-03  5.60e-03  5.58e-01  0.00000e+00  2.00000e+00
    600000  6.315097e+00  1.038456e-05  2.097466e+00  3.643923e-01  2.055318e+01  7.73e-03  5.60e-03  5.57e-01  0.00000e+00  2.00000e+00
    700000  7.331810e+00  1.016712e-05  2.216965e+00  3.624561e-01  2.009843e+01  7.97e-03  5.60e-03  5.57e-01  0.00000e+00  2.00000e+00
    800000  8.327323e+00  9.955134e-06  2.331948e+00  3.608910e-01  1.968167e+01  8.19e-03  5.60e-03  5.57e-01  0.00000e+00  2.00000e+00
    900000  9.302432e+00  9.751087e-06  2.443345e+00  3.596016e-01  1.929664e+01  8.39e-03  5.60e-03  5.57e-01  0.00000e+00  2.00000e+00
   1000000  1.025799e+01  9.555599e-06  2.551846e+00  3.585277e-01  1.893854e+01  8.57e-03  5.60e-03  5.57e-01  0.00000e+00  2.00000e+00
   1100000  1.119473e+01  9.367371e-06  2.657977e+00  3.576215e-01  1.860363e+01  8.74e-03  5.60e-03  5.57e-01  0.00000e+00  2.00000e+00
   1200000  1.211353e+01  9.188013e-06  2.762173e+00  3.568499e-01  1.828886e+01  8.89e-03  5.60e-03  5.57e-01  0.00000e+00  2.00000e+00
   1300000  1.301504e+01  9.015109e-06  2.864764e+00  3.561857e-01  1.799183e+01  9.04e-03  5.60e-03  5.57e-01  0.00000e+00  2.00000e+00
   1400000  1.390001e+01  8.849666e-06  2.966024e+00  3.556136e-01  1.771048e+01  9.18e-03  5.60e-03  5.57e-01  0.00000e+00  2.00000e+00
   1500000  1.476906e+01  8.690527e-06  3.066179e+00  3.551177e-01  1.744317e+01  9.31e-03  5.60e-03  5.57e-01  0.00000e+00  2.00000e+00
   1600000  1.562284e+01  8.537804e-06  3.165426e+00  3.546857e-01  1.718846e+01  9.44e-03  5.60e-03  5.57e-01  0.00000e+00  2.00000e+00
   1700000  1.646194e+01  8.391015e-06  3.263928e+00  3.543087e-01  1.694513e+01  9.56e-03  5.60e-03  5.57e-01  0.00000e+00  2.00000e+00
   1800000  1.728685e+01  8.249068e-06  3.361816e+00  3.539788e-01  1.671218e+01  9.68e-03  5.60e-03  5.57e-01  0.00000e+00  2.00000e+00
   1900000  1.809809e+01  8.112401e-06  3.459217e+00  3.536888e-01  1.648869e+01  9.79e-03  5.60e-03  5.57e-01  0.00000e+00  2.00000e+00
   2000000  1.889614e+01  7.980515e-06  3.556230e+00  3.534356e-01  1.627388e+01  9.90e-03  5.60e-03  5.57e-01  0.00000e+00  2.00000e+00
   2100000  1.968147e+01  7.853262e-06  3.652952e+00  3.532139e-01  1.606708e+01  1.00e-02  5.60e-03  5.57e-01  0.00000e+00  2.00000e+00
   2200000  2.045449e+01  7.730217e-06  3.749465e+00  3.530197e-01  1.586766e+01  1.01e-02  5.60e-03  5.57e-01  0.00000e+00  2.00000e+00
   2300000  2.121559e+01  7.610982e-06  3.845835e+00  3.528517e-01  1.567509e+01  1.02e-02  5.60e-03  5.57e-01  0.00000e+00  2.00000e+00
   2400000  2.196515e+01  7.495596e-06  3.942137e+00  3.527044e-01  1.548890e+01  1.03e-02  5.60e-03  5.57e-01  0.00000e+00  2.00000e+00
   2500000  2.270349e+01  7.383424e-06  4.038419e+00  3.525771e-01  1.530867e+01  1.04e-02  5.60e-03  5.57e-01  0.00000e+00  2.00000e+00
   2600000  2.343100e+01  7.275122e-06  4.134742e+00  3.524680e-01  1.513400e+01  1.05e-02  5.60e-03  5.57e-01  0.00000e+00  2.00000e+00
   2700000  2.414795e+01  7.169505e-06  4.231152e+00  3.523740e-01  1.496455e+01  1.06e-02  5.60e-03  5.57e-01  0.00000e+00  2.00000e+00
   2800000  2.485467e+01  7.067230e-06  4.327693e+00  3.522955e-01  1.479999e+01  1.07e-02  5.60e-03  5.57e-01  0.00000e+00  2.00000e+00
   2900000  2.555145e+01  6.967747e-06  4.424403e+00  3.522309e-01  1.464005e+01  1.07e-02  5.60e-03  5.57e-01  0.00000e+00  2.00000e+00
   3000000  2.623853e+01  6.870796e-06  4.521326e+00  3.521772e-01  1.448447e+01  1.08e-02  5.60e-03  5.57e-01  0.00000e+00  2.00000e+00
   3100000  2.691619e+01  6.776635e-06  4.618492e+00  3.521352e-01  1.433300e+01  1.09e-02  5.60e-03  5.57e-01  0.00000e+00  2.00000e+00
   3200000  2.758467e+01  6.684772e-06  4.715931e+00  3.521038e-01  1.418543e+01  1.10e-02  5.60e-03  5.57e-01  0.00000e+00  2.00000e+00
   3300000  2.824422e+01  6.595474e-06  4.813678e+00  3.520822e-01  1.404154e+01  1.11e-02  5.60e-03  5.57e-01  0.00000e+00  2.00000e+00
   3400000  2.889503e+01  6.508095e-06  4.911762e+00  3.520680e-01  1.390118e+01  1.11e-02  5.60e-03  5.57e-01  0.00000e+00  2.00000e+00
   3500000  2.953735e+01  6.423226e-06  5.010209e+00  3.520623e-01  1.376414e+01  1.12e-02  5.60e-03  5.57e-01  0.00000e+00  2.00000e+00
   3600000  3.017137e+01  6.340164e-06  5.109040e+00  3.520644e-01  1.363029e+01  1.13e-02  5.60e-03  5.57e-01  0.00000e+00  2.00000e+00
   3700000  3.079727e+01  6.259080e-06  5.208282e+00  3.520731e-01  1.349947e+01  1.14e-02  5.60e-03  5.57e-01  0.00000e+00  2.00000e+00
   3800000  3.141526e+01  6.179882e-06  5.307955e+00  3.520883e-01  1.337154e+01  1.14e-02  5.60e-03  5.57e-01  0.00000e+00  2.00000e+00
   3900000  3.202552e+01  6.102625e-06  5.408082e+00  3.521100e-01  1.324638e+01  1.15e-02  5.60e-03  5.57e-01  0.00000e+00  2.00000e+00
   4000000  3.262824e+01  6.027112e-06  5.508690e+00  3.521363e-01  1.312387e+01  1.16e-02  5.60e-03  5.57e-01  0.00000e+00  2.00000e+00
   4100000  3.322353e+01  5.952994e-06  5.609786e+00  3.521686e-01  1.300389e+01  1.17e-02  5.60e-03  5.57e-01  0.00000e+00  2.00000e+00
   4200000  3.381162e+01  5.880821e-06  5.711402e+00  3.522049e-01  1.288635e+01  1.17e-02  5.60e-03  5.57e-01  0.00000e+00  2.00000e+00
   4300000  3.439262e+01  5.810030e-06  5.813544e+00  3.522470e-01  1.277114e+01  1.18e-02  5.60e-03  5.57e-01  0.00000e+00  2.00000e+00
   4400000  3.496668e+01  5.740629e-06  5.916236e+00  3.522925e-01  1.265818e+01  1.19e-02  5.60e-03  5.57e-01  0.00000e+00  2.00000e+00
   4500000  3.553397e+01  5.672830e-06  6.019497e+00  3.523419e-01  1.254737e+01  1.19e-02  5.60e-03  5.57e-01  0.00000e+00  2.00000e+00
   4600000  3.609461e+01  5.606395e-06  6.123340e+00  3.523951e-01  1.243864e+01  1.20e-02  5.60e-03  5.57e-01  0.00000e+00  2.00000e+00
   4700000  3.664873e+01  5.541266e-06  6.227780e+00  3.524521e-01  1.233190e+01  1.21e-02  5.60e-03  5.57e-01  0.00000e+00  2.00000e+00
   4800000  3.719647e+01  5.477414e-06  6.332834e+00  3.525124e-01  1.222709e+01  1.21e-02  5.60e-03  5.57e-01  0.00000e+00  2.00000e+00
   4900000  3.773795e+01  5.414809e-06  6.438516e+00  3.525760e-01  1.212415e+01  1.22e-02  5.60e-03  5.57e-01  0.00000e+00  2.00000e+00
   5000000  3.827330e+01  5.353414e-06  6.544841e+00  3.526425e-01  1.202299e+01  1.23e-02  5.60e-03  5.57e-01  0.00000e+00  2.00000e+00
   5100000  3.880261e+01  5.293193e-06  6.651822e+00  3.527120e-01  1.192357e+01  1.23e-02  5.60e-03  5.57e-01  0.00000e+00  2.00000e+00
   5200000  3.932603e+01  5.234113e-06  6.759475e+00  3.527842e-01  1.182582e+01  1.24e-02  5.60e-03  5.57e-01  0.00000e+00  2.00000e+00
   5300000  3.984364e+01  5.176135e-06  6.867814e+00  3.528590e-01  1.172970e+01  1.24e-02  5.60e-03  5.57e-01  0.00000e+00  2.00000e+00
   5400000  4.035556e+01  5.119210e-06  6.976852e+00  3.529361e-01  1.163514e+01  1.25e-02  5.60e-03  5.57e-01  0.00000e+00  2.00000e+00
   5500000  4.086189e+01  5.063271e-06  7.086604e+00  3.530150e-01  1.154210e+01  1.26e-02  5.60e-03  5.57e-01  0.00000e+00  2.00000e+00
   5600000  4.136272e+01  5.008304e-06  7.197078e+00  3.530963e-01  1.145053e+01  1.26e-02  5.60e-03  5.57e-01  0.00000e+00  2.00000e+00
   5700000  4.185815e+01  4.954363e-06  7.308287e+00  3.531800e-01  1.136038e+01  1.27e-02  5.60e-03  5.57e-01  0.00000e+00  2.00000e+00
   5800000  4.234829e+01  4.901400e-06  7.420248e+00  3.532659e-01  1.127162e+01  1.27e-02  5.60e-03  5.57e-01  0.00000e+00  2.00000e+00
   5900000  4.283323e+01  4.849326e-06  7.532974e+00  3.533533e-01  1.118420e+01  1.28e-02  5.60e-03  5.57e-01  0.00000e+00  2.00000e+00
   6000000  4.331303e+01  4.798056e-06  7.646475e+00  3.534421e-01  1.109808e+01  1.29e-02  5.60e-03  5.57e-01  0.00000e+00  2.00000e+00
   6100000  4.378780e+01  4.747671e-06  7.760760e+00  3.535330e-01  1.101323e+01  1.29e-02  5.60e-03  5.57e-01  0.00000e+00  2.00000e+00
   6200000  4.425762e+01  4.698201e-06  7.875845e+00  3.536259e-01  1.092961e+01  1.30e-02  5.60e-03  5.57e-01  0.00000e+00  2.00000e+00
   6300000  4.472257e+01  4.649532e-06  7.991743e+00  3.537201e-01  1.084718e+01  1.30e-02  5.60e-03  5.57e-01  0.00000e+00  2.00000e+00
   6400000  4.518273e+01  4.601572e-06  8.108466e+00  3.538153e-01  1.076591e+01  1.31e-02  5.60e-03  5.57e-01  0.00000e+00  2.00000e+00
   6500000  4.563817e+01  4.554399e-06  8.226021e+00  3.539124e-01  1.068578e+01  1.32e-02  5.60e-03  5.57e-01  0.00000e+00  2.00000e+00
   6600000  4.608898e+01  4.508050e-06  8.344423e+00  3.540111e-01  1.060675e+01  1.32e-02  5.60e-03  5.57e-01  0.00000e+00  2.00000e+00
   6700000  4.653522e+01  4.462421e-06  8.463686e+00  3.541109e-01  1.052878e+01  1.33e-02  5.60e-03  5.57e-01  0.00000e+00  2.00000e+00
   6800000  4.697696e+01  4.417436e-06  8.583822e+00  3.542115e-01  1.045187e+01  1.33e-02  5.60e-03  5.57e-01  0.00000e+00  2.00000e+00
   6900000  4.741428e+01  4.373152e-06  8.704836e+00  3.543137e-01  1.037597e+01  1.34e-02  5.60e-03  5.57e-01  0.00000e+00  2.00000e+00
   7000000  4.784724e+01  4.329605e-06  8.826743e+00  3.544173e-01  1.030106e+01  1.34e-02  5.60e-03  5.57e-01  0.00000e+00  2.00000e+00
   7100000  4.827591e+01  4.286718e-06  8.949558e+00  3.545219e-01  1.022712e+01  1.35e-02  5.60e-03  5.57e-01  0.00000e+00  2.00000e+00
   7200000  4.870035e+01  4.244432e-06  9.073292e+00  3.546273e-01  1.015412e+01  1.36e-02  5.60e-03  5.57e-01  0.00000e+00  2.00000e+00
   7300000  4.912063e+01  4.202754e-06  9.197954e+00  3.547337e-01  1.008205e+01  1.36e-02  5.61e-03  5.57e-01  0.00000e+00  2.00000e+00
   7400000  4.953680e+01  4.161729e-06  9.323553e+00  3.548414e-01  1.001087e+01  1.37e-02  5.61e-03  5.57e-01  0.00000e+00  2.00000e+00
   7500000  4.994893e+01  4.121321e-06  9.450106e+00  3.549501e-01  9.940576e+00  1.37e-02  5.61e-03  5.57e-01  0.00000e+00  2.00000e+00
   7600000  5.035708e+01  4.081489e-06  9.577623e+00  3.550596e-01  9.871135e+00  1.38e-02  5.60e-03  5.57e-01  0.00000e+00  2.00000e+00
   7700000  5.076130e+01  4.042204e-06  9.706117e+00  3.551698e-01  9.802533e+00  1.38e-02  5.60e-03  5.57e-01  0.00000e+00  2.00000e+00
   7800000  5.116165e+01  4.003469e-06  9.835598e+00  3.552809e-01  9.734749e+00  1.39e-02  5.60e-03  5.57e-01  0.00000e+00  2.00000e+00
   7900000  5.155818e+01  3.965295e-06  9.966075e+00  3.553929e-01  9.667765e+00  1.40e-02  5.60e-03  5.57e-01  0.00000e+00  2.00000e+00
   8000000  5.195094e+01  3.927668e-06  1.009756e+01  3.555059e-01  9.601565e+00  1.40e-02  5.60e-03  5.57e-01  0.00000e+00  2.00000e+00
   8100000  5.234000e+01  3.890565e-06  1.023007e+01  3.556196e-01  9.536129e+00  1.41e-02  5.61e-03  5.57e-01  0.00000e+00  2.00000e+00
   8200000  5.272540e+01  3.853967e-06  1.036362e+01  3.557340e-01  9.471443e+00  1.41e-02  5.61e-03  5.57e-01  0.00000e+00  2.00000e+00
   8300000  5.310718e+01  3.817863e-06  1.049821e+01  3.558490e-01  9.407490e+00  1.42e-02  5.61e-03  5.57e-01  0.00000e+00  2.00000e+00
   8400000  5.348541e+01  3.782243e-06  1.063386e+01  3.559647e-01  9.344255e+00  1.42e-02  5.61e-03  5.57e-01  0.00000e+00  2.00000e+00
   8500000  5.386012e+01  3.747101e-06  1.077058e+01  3.560811e-01  9.281722e+00  1.43e-02  5.61e-03  5.57e-01  0.00000e+00  2.00000e+00
   8600000  5.423136e+01  3.712430e-06  1.090838e+01  3.561982e-01  9.219877e+00  1.43e-02  5.61e-03  5.57e-01  0.00000e+00  2.00000e+00
   8700000  5.459918e+01  3.678222e-06  1.104728e+01  3.563160e-01  9.158707e+00  1.44e-02  5.60e-03  5.57e-01  0.00000e+00  2.00000e+00
   8800000  5.496363e+01  3.644466e-06  1.118728e+01  3.564344e-01  9.098196e+00  1.44e-02  5.60e-03  5.57e-01  0.00000e+00  2.00000e+00
   8900000  5.532475e+01  3.611150e-06  1.132840e+01  3.565534e-01  9.038333e+00  1.45e-02  5.60e-03  5.57e-01  0.00000e+00  2.00000e+00
   9000000  5.568257e+01  3.578266e-06  1.147064e+01  3.566730e-01  8.979105e+00  1.45e-02  5.60e-03  5.57e-01  0.00000e+00  2.00000e+00
   9100000  5.603715e+01  3.545804e-06  1.161404e+01  3.567931e-01  8.920498e+00  1.46e-02  5.60e-03  5.57e-01  0.00000e+00  2.00000e+00
   9200000  5.638853e+01  3.513753e-06  1.175859e+01  3.569137e-01  8.862501e+00  1.47e-02  5.60e-03  5.57e-01  0.00000e+00  2.00000e+00
   9300000  5.673674e+01  3.482105e-06  1.190431e+01  3.570349e-01  8.805102e+00  1.47e-02  5.61e-03  5.57e-01  0.00000e+00  2.00000e+00
   9400000  5.708182e+01  3.450864e-06  1.205120e+01  3.571566e-01  8.748291e+00  1.48e-02  5.61e-03  5.57e-01  0.00000e+00  2.00000e+00
   9500000  5.742383e+01  3.420022e-06  1.219929e+01  3.572789e-01  8.692055e+00  1.48e-02  5.61e-03  5.57e-01  0.00000e+00  2.00000e+00
   9600000  5.776278e+01  3.389551e-06  1.234859e+01  3.574016e-01  8.636384e+00  1.49e-02  5.61e-03  5.57e-01  0.00000e+00  2.00000e+00
   9700000  5.809873e+01  3.359467e-06  1.249911e+01  3.575247e-01  8.581268e+00  1.49e-02  5.61e-03  5.57e-01  0.00000e+00  2.00000e+00
   9800000  5.843170e+01  3.329748e-06  1.265086e+01  3.576484e-01  8.526696e+00  1.50e-02  5.61e-03  5.57e-01  0.00000e+00  2.00000e+00
   9900000  5.876174e+01  3.300391e-06  1.280386e+01  3.577725e-01  8.472658e+00  1.50e-02  5.60e-03  5.57e-01  0.00000e+00  2.00000e+00
  10000000  5.908888e+01  3.271389e-06  1.295811e+01  3.578971e-01  8.419146e+00  1.51e-02  5.60e-03  5.57e-01  0.00000e+00  2.00000e+00
  10100000  5.941315e+01  3.242735e-06  1.311364e+01  3.580221e-01  8.366150e+00  1.51e-02  5.61e-03  5.57e-01  0.00000e+00  2.00000e+00
  10200000  5.973460e+01  3.214422e-06  1.327046e+01  3.581475e-01  8.313660e+00  1.52e-02  5.60e-03  5.57e-01  0.00000e+00  2.00000e+00
  10300000  6.005324e+01  3.186445e-06  1.342857e+01  3.582733e-01  8.261669e+00  1.52e-02  5.60e-03  5.57e-01  0.00000e+00  2.00000e+00
  10400000  6.036912e+01  3.158798e-06  1.358800e+01  3.583996e-01  8.210166e+00  1.53e-02  5.60e-03  5.57e-01  0.00000e+00  2.00000e+00
  10500000  6.068227e+01  3.131474e-06  1.374875e+01  3.585262e-01  8.159145e+00  1.53e-02  5.60e-03  5.57e-01  0.00000e+00  2.00000e+00
  10600000  6.099272e+01  3.104469e-06  1.391084e+01  3.586532e-01  8.108596e+00  1.54e-02  5.61e-03  5.57e-01  0.00000e+00  2.00000e+00
  10700000  6.130049e+01  3.077776e-06  1.407429e+01  3.587806e-01  8.058513e+00  1.54e-02  5.61e-03  5.57e-01  0.00000e+00  2.00000e+00
  10800000  6.160563e+01  3.051390e-06  1.423911e+01  3.589084e-01  8.008886e+00  1.55e-02  5.61e-03  5.57e-01  0.00000e+00  2.00000e+00
  10900000  6.190816e+01  3.025306e-06  1.440531e+01  3.590365e-01  7.959710e+00  1.56e-02  5.61e-03  5.57e-01  0.00000e+00  2.00000e+00
  11000000  6.220811e+01  2.999518e-06  1.457291e+01  3.591650e-01  7.910975e+00  1.56e-02  5.61e-03  5.57e-01  0.00000e+00  2.00000e+00
  11100000  6.250552e+01  2.974022e-06  1.474192e+01  3.592938e-01  7.862676e+00  1.57e-02  5.60e-03  5.57e-01  0.00000e+00  2.00000e+00
  11200000  6.280040e+01  2.948813e-06  1.491236e+01  3.594230e-01  7.814805e+00  1.57e-02  5.60e-03  5.57e-01  0.00000e+00  2.00000e+00
  11300000  6.309279e+01  2.923886e-06  1.508423e+01  3.595525e-01  7.767355e+00  1.58e-02  5.61e-03  5.57e-01  0.00000e+00  2.00000e+00
  11400000  6.338271e+01  2.899237e-06  1.525757e+01  3.596823e-01  7.720320e+00  1.58e-02  5.61e-03  5.57e-01  0.00000e+00  2.00000e+00
  11500000  6.367020e+01  2.874859e-06  1.543238e+01  3.598125e-01  7.673693e+00  1.59e-02  5.61e-03  5.57e-01  0.00000e+00  2.00000e+00
  11600000  6.395527e+01  2.850751e-06  1.560867e+01  3.599430e-01  7.627468e+00  1.59e-02  5.60e-03  5.57e-01  0.00000e+00  2.00000e+00
  11700000  6.423796e+01  2.826906e-06  1.578647e+01  3.600738e-01  7.581639e+00  1.60e-02  5.61e-03  5.57e-01  0.00000e+00  2.00000e+00
  11800000  6.451829e+01  2.803321e-06  1.596579e+01  3.602049e-01  7.536199e+00  1.60e-02  5.61e-03  5.57e-01  0.00000e+00  2.00000e+00
  11900000  6.479629e+01  2.779992e-06  1.614664e+01  3.603363e-01  7.491143e+00  1.61e-02  5.61e-03  5.57e-01  0.00000e+00  2.00000e+00
  12000000  6.507198e+01  2.756914e-06  1.632904e+01  3.604680e-01  7.446464e+00  1.61e-02  5.61e-03  5.57e-01  0.00000e+00  2.00000e+00
  12100000  6.534539e+01  2.734084e-06  1.651300e+01  3.606000e-01  7.402158e+00  1.62e-02  5.61e-03  5.57e-01  0.00000e+00  2.00000e+00
  12200000  6.561654e+01  2.711497e-06  1.669855e+01  3.607323e-01  7.358219e+00  1.62e-02  5.61e-03  5.57e-01  0.00000e+00  2.00000e+00
  12300000  6.588546e+01  2.689151e-06  1.688570e+01  3.608649e-01  7.314641e+00  1.63e-02  5.61e-03  5.57e-01  0.00000e+00  2.00000e+00
  12400000  6.615216e+01  2.667040e-06  1.707446e+01  3.609977e-01  7.271419e+00  1.63e-02  5.61e-03  5.57e-01  0.00000e+00  2.00000e+00
  12500000  6.641668e+01  2.645163e-06  1.726485e+01  3.611309e-01  7.228548e+00  1.64e-02  5.61e-03  5.57e-01  0.00000e+00  2.00000e+00
  12600000  6.667903e+01  2.623514e-06  1.745690e+01  3.612643e-01  7.186023e+00  1.65e-02  5.61e-03  5.57e-01  0.00000e+00  2.00000e+00
  12700000  6.693924e+01  2.602091e-06  1.765061e+01  3.613980e-01  7.143839e+00  1.65e-02  5.60e-03  5.57e-01  0.00000e+00  2.00000e+00
  12800000  6.719733e+01  2.580890e-06  1.784600e+01  3.615319e-01  7.101990e+00  1.66e-02  5.60e-03  5.57e-01  0.00000e+00  2.00000e+00
  12900000  6.745332e+01  2.559909e-06  1.804309e+01  3.616661e-01  7.060473e+00  1.66e-02  5.61e-03  5.57e-01  0.00000e+00  2.00000e+00
  13000000  6.770723e+01  2.539143e-06  1.824190e+01  3.618006e-01  7.019283e+00  1.67e-02  5.61e-03  5.57e-01  0.00000e+00  2.00000e+00
  13100000  6.795909e+01  2.518589e-06  1.844245e+01  3.619353e-01  6.978415e+00  1.67e-02  5.61e-03  5.57e-01  0.00000e+00  2.00000e+00
  13200000  6.820892e+01  2.498245e-06  1.864476e+01  3.620703e-01  6.937865e+00  1.68e-02  5.61e-03  5.57e-01  0.00000e+00  2.00000e+00
  13300000  6.845673e+01  2.478107e-06  1.884884e+01  3.622055e-01  6.897628e+00  1.68e-02  5.61e-03  5.57e-01  0.00000e+00  2.00000e+00
  13400000  6.870254e+01  2.458172e-06  1.905470e+01  3.623410e-01  6.857700e+00  1.69e-02  5.61e-03  5.57e-01  0.00000e+00  2.00000e+00
  13500000  6.894639e+01  2.438438e-06  1.926238e+01  3.624768e-01  6.818078e+00  1.69e-02  5.61e-03  5.57e-01  0.00000e+00  2.00000e+00
  13600000  6.918828e+01  2.418902e-06  1.947189e+01  3.626127e-01  6.778756e+00  1.70e-02  5.60e-03  5.57e-01  0.00000e+00  2.00000e+00
  13700000  6.942823e+01  2.399560e-06  1.968325e+01  3.627490e-01  6.739731e+00  1.70e-02  5.61e-03  5.57e-01  0.00000e+00  2.00000e+00
  13800000  6.966628e+01  2.380410e-06  1.989647e+01  3.628854e-01  6.700998e+00  1.71e-02  5.60e-03  5.57e-01  0.00000e+00  2.00000e+00
  13900000  6.990242e+01  2.361450e-06  2.011159e+01  3.630221e-01  6.662555e+00  1.71e-02  5.61e-03  5.57e-01  0.00000e+00  2.00000e+00
  14000000  7.013669e+01  2.342676e-06  2.032861e+01  3.631591e-01  6.624398e+00  1.72e-02  5.61e-03  5.57e-01  0.00000e+00  2.00000e+00
  14100000  7.036910e+01  2.324087e-06  2.054755e+01  3.632963e-01  6.586521e+00  1.73e-02  5.61e-03  5.57e-01  0.00000e+00  2.00000e+00
  14200000  7.059966e+01  2.305679e-06  2.076845e+01  3.634337e-01  6.548923e+00  1.73e-02  5.61e-03  5.57e-01  0.00000e+00  2.00000e+00
  14300000  7.082841e+01  2.287450e-06  2.099131e+01  3.635713e-01  6.511599e+00  1.74e-02  5.61e-03  5.57e-01  0.00000e+00  2.00000e+00
  14400000  7.105535e+01  2.269397e-06  2.121617e+01  3.637092e-01  6.474546e+00  1.74e-02  5.61e-03  5.57e-01  0.00000e+00  2.00000e+00
  14500000  7.128050e+01  2.251519e-06  2.144303e+01  3.638473e-01  6.437761e+00  1.75e-02  5.61e-03  5.57e-01  0.00000e+00  2.00000e+00
  14600000  7.150388e+01  2.233813e-06  2.167192e+01  3.639857e-01  6.401240e+00  1.75e-02  5.61e-03  5.57e-01  0.00000e+00  2.00000e+00
  14700000  7.172551e+01  2.216277e-06  2.190287e+01  3.641243e-01  6.364979e+00  1.76e-02  5.61e-03  5.57e-01  0.00000e+00  2.00000e+00
  14800000  7.194540e+01  2.198907e-06  2.213589e+01  3.642631e-01  6.328976e+00  1.76e-02  5.61e-03  5.57e-01  0.00000e+00  2.00000e+00
  14900000  7.216357e+01  2.181703e-06  2.237101e+01  3.644021e-01  6.293228e+00  1.77e-02  5.61e-03  5.57e-01  0.00000e+00  2.00000e+00
  15000000  7.238004e+01  2.164662e-06  2.260825e+01  3.645413e-01  6.257731e+00  1.77e-02  5.61e-03  5.57e-01  0.00000e+00  2.00000e+00
  15100000  7.259482e+01  2.147782e-06  2.284763e+01  3.646808e-01  6.222482e+00  1.78e-02  5.61e-03  5.57e-01  0.00000e+00  2.00000e+00
  15200000  7.280792e+01  2.131060e-06  2.308918e+01  3.648205e-01  6.187478e+00  1.79e-02  5.61e-03  5.57e-01  0.00000e+00  2.00000e+00
  15300000  7.301937e+01  2.114495e-06  2.333291e+01  3.649604e-01  6.152717e+00  1.79e-02  5.61e-03  5.57e-01  0.00000e+00  2.00000e+00
  15400000  7.322918e+01  2.098085e-06  2.357885e+01  3.651006e-01  6.118195e+00  1.80e-02  5.61e-03  5.57e-01  0.00000e+00  2.00000e+00
  15500000  7.343736e+01  2.081827e-06  2.382703e+01  3.652409e-01  6.083909e+00  1.80e-02  5.61e-03  5.57e-01  0.00000e+00  2.00000e+00
  15600000  7.364393e+01  2.065720e-06  2.407747e+01  3.653815e-01  6.049857e+00  1.81e-02  5.61e-03  5.57e-01  0.00000e+00  2.00000e+00
  15700000  7.384891e+01  2.049762e-06  2.433019e+01  3.655223e-01  6.016036e+00  1.81e-02  5.61e-03  5.57e-01  0.00000e+00  2.00000e+00
  15800000  7.405231e+01  2.033951e-06  2.458523e+01  3.656633e-01  5.982443e+00  1.82e-02  5.61e-03  5.57e-01  0.00000e+00  2.00000e+00
  15900000  7.425413e+01  2.018284e-06  2.484259e+01  3.658046e-01  5.949076e+00  1.82e-02  5.61e-03  5.57e-01  0.00000e+00  2.00000e+00
  16000000  7.445441e+01  2.002761e-06  2.510231e+01  3.659461e-01  5.915932e+00  1.83e-02  5.61e-03  5.57e-01  0.00000e+00  2.00000e+00
  16100000  7.465315e+01  1.987380e-06  2.536442e+01  3.660877e-01  5.883009e+00  1.84e-02  5.61e-03  5.57e-01  0.00000e+00  2.00000e+00
  16200000  7.485036e+01  1.972138e-06  2.562894e+01  3.662296e-01  5.850303e+00  1.84e-02  5.61e-03  5.57e-01  0.00000e+00  2.00000e+00
  16300000  7.504607e+01  1.957034e-06  2.589589e+01  3.663718e-01  5.817813e+00  1.85e-02  5.61e-03  5.57e-01  0.00000e+00  2.00000e+00
  16400000  7.524027e+01  1.942066e-06  2.616530e+01  3.665141e-01  5.785535e+00  1.85e-02  5.61e-03  5.57e-01  0.00000e+00  2.00000e+00
  16500000  7.543300e+01  1.927234e-06  2.643721e+01  3.666567e-01  5.753468e+00  1.86e-02  5.61e-03  5.57e-01  0.00000e+00  2.00000e+00
  16600000  7.562425e+01  1.912534e-06  2.671163e+01  3.667994e-01  5.721610e+00  1.86e-02  5.61e-03  5.57e-01  0.00000e+00  2.00000e+00
  16700000  7.581405e+01  1.897965e-06  2.698860e+01  3.669424e-01  5.689957e+00  1.87e-02  5.61e-03  5.57e-01  0.00000e+00  2.00000e+00
  16800000  7.600240e+01  1.883526e-06  2.726814e+01  3.670857e-01  5.658508e+00  1.88e-02  5.61e-03  5.57e-01  0.00000e+00  2.00000e+00
  16900000  7.618932e+01  1.869216e-06  2.755028e+01  3.672291e-01  5.627260e+00  1.88e-02  5.61e-03  5.57e-01  0.00000e+00  2.00000e+00
  17000000  7.637482e+01  1.855032e-06  2.783506e+01  3.673728e-01  5.596211e+00  1.89e-02  5.61e-03  5.57e-01  0.00000e+00  2.00000e+00
  17100000  7.655892e+01  1.840974e-06  2.812249e+01  3.675166e-01  5.565360e+00  1.89e-02  5.61e-03  5.57e-01  0.00000e+00  2.00000e+00
  17200000  7.674162e+01  1.827039e-06  2.841261e+01  3.676607e-01  5.534703e+00  1.90e-02  5.61e-03  5.57e-01  0.00000e+00  2.00000e+00
  17300000  7.692295e+01  1.813227e-06  2.870545e+01  3.678051e-01  5.504239e+00  1.90e-02  5.61e-03  5.57e-01  0.00000e+00  2.00000e+00
  17400000  7.710290e+01  1.799535e-06  2.900104e+01  3.679496e-01  5.473965e+00  1.91e-02  5.61e-03  5.57e-01  0.00000e+00  2.00000e+00
  17500000  7.728150e+01  1.785963e-06  2.929940e+01  3.680944e-01  5.443880e+00  1.92e-02  5.61e-03  5.57e-01  0.00000e+00  2.00000e+00
  17600000  7.745875e+01  1.772509e-06  2.960058e+01  3.682394e-01  5.413982e+00  1.92e-02  5.61e-03  5.57e-01  0.00000e+00  2.00000e+00
  17700000  7.763466e+01  1.759172e-06  2.990460e+01  3.683846e-01  5.384268e+00  1.93e-02  5.61e-03  5.57e-01  0.00000e+00  2.00000e+00
  17800000  7.780926e+01  1.745950e-06  3.021150e+01  3.685300e-01  5.354737e+00  1.93e-02  5.61e-03  5.57e-01  0.00000e+00  2.00000e+00
  17900000  7.798254e+01  1.732842e-06  3.052130e+01  3.686757e-01  5.325387e+00  1.94e-02  5.61e-03  5.57e-01  0.00000e+00  2.00000e+00
  18000000  7.815453e+01  1.719847e-06  3.083404e+01  3.688215e-01  5.296215e+00  1.95e-02  5.61e-03  5.57e-01  0.00000e+00  2.00000e+00
  18100000  7.832522e+01  1.706964e-06  3.114975e+01  3.689677e-01  5.267221e+00  1.95e-02  5.61e-03  5.57e-01  0.00000e+00  2.00000e+00
  18200000  7.849464e+01  1.694190e-06  3.146847e+01  3.691140e-01  5.238401e+00  1.96e-02  5.61e-03  5.57e-01  0.00000e+00  2.00000e+00
  18300000  7.866280e+01  1.681526e-06  3.179024e+01  3.692606e-01  5.209755e+00  1.96e-02  5.61e-03  5.57e-01  0.00000e+00  2.00000e+00
  18400000  7.882969e+01  1.668969e-06  3.211507e+01  3.694073e-01  5.181281e+00  1.97e-02  5.61e-03  5.57e-01  0.00000e+00  2.00000e+00
  18500000  7.899535e+01  1.656519e-06  3.244302e+01  3.695544e-01  5.152976e+00  1.98e-02  5.61e-03  5.57e-01  0.00000e+00  2.00000e+00
  18600000  7.915976e+01  1.644175e-06  3.277411e+01  3.697016e-01  5.124840e+00  1.98e-02  5.61e-03  5.57e-01  0.00000e+00  2.00000e+00
  18700000  7.932296e+01  1.631934e-06  3.310839e+01  3.698491e-01  5.096870e+00  1.99e-02  5.61e-03  5.57e-01  0.00000e+00  2.00000e+00
  18800000  7.948494e+01  1.619797e-06  3.344589e+01  3.699968e-01  5.069064e+00  1.99e-02  5.61e-03  5.57e-01  0.00000e+00  2.00000e+00
  18900000  7.964571e+01  1.607762e-06  3.378664e+01  3.701448e-01  5.041422e+00  2.00e-02  5.61e-03  5.57e-01  0.00000e+00  2.00000e+00
  19000000  7.980529e+01  1.595827e-06  3.413069e+01  3.702929e-01  5.013941e+00  2.01e-02  5.61e-03  5.57e-01  0.00000e+00  2.00000e+00
  19100000  7.996369e+01  1.583993e-06  3.447807e+01  3.704414e-01  4.986619e+00  2.01e-02  5.61e-03  5.57e-01  0.00000e+00  2.00000e+00
  19200000  8.012092e+01  1.572257e-06  3.482882e+01  3.705900e-01  4.959456e+00  2.02e-02  5.61e-03  5.57e-01  0.00000e+00  2.00000e+00
  19300000  8.027698e+01  1.560618e-06  3.518298e+01  3.707389e-01  4.932450e+00  2.02e-02  5.61e-03  5.57e-01  0.00000e+00  2.00000e+00
  19400000  8.043189e+01  1.549077e-06  3.554059e+01  3.708880e-01  4.905599e+00  2.03e-02  5.61e-03  5.57e-01  0.00000e+00  2.00000e+00
  19500000  8.058565e+01  1.537630e-06  3.590169e+01  3.710374e-01  4.878901e+00  2.04e-02  5.61e-03  5.57e-01  0.00000e+00  2.00000e+00
  19600000  8.073828e+01  1.526279e-06  3.626632e+01  3.711870e-01  4.852355e+00  2.04e-02  5.61e-03  5.57e-01  0.00000e+00  2.00000e+00
  19700000  8.088978e+01  1.515020e-06  3.663453e+01  3.713369e-01  4.825960e+00  2.05e-02  5.61e-03  5.57e-01  0.00000e+00  2.00000e+00
  19800000  8.104017e+01  1.503855e-06  3.700636e+01  3.714870e-01  4.799714e+00  2.06e-02  5.61e-03  5.57e-01  0.00000e+00  2.00000e+00
  19900000  8.118945e+01  1.492781e-06  3.738184e+01  3.716373e-01  4.773616e+00  2.06e-02  5.61e-03  5.57e-01  0.00000e+00  2.00000e+00
  20000000  8.133763e+01  1.481797e-06  3.776102e+01  3.717879e-01  4.747664e+00  2.07e-02  5.61e-03  5.57e-01  0.00000e+00  2.00000e+00
  20100000  8.148472e+01  1.470903e-06  3.814395e+01  3.719387e-01  4.721857e+00  2.08e-02  5.61e-03  5.57e-01  0.00000e+00  2.00000e+00
  20200000  8.163073e+01  1.460098e-06  3.853068e+01  3.720898e-01  4.696194e+00  2.08e-02  5.61e-03  5.57e-01  0.00000e+00  2.00000e+00
  20300000  8.177566e+01  1.449381e-06  3.892124e+01  3.722412e-01  4.670673e+00  2.09e-02  5.61e-03  5.57e-01  0.00000e+00  2.00000e+00
  20400000  8.191954e+01  1.438750e-06  3.931568e+01  3.723928e-01  4.645292e+00  2.10e-02  5.61e-03  5.57e-01  0.00000e+00  2.00000e+00
  20500000  8.206236e+01  1.428206e-06  3.971405e+01  3.725446e-01  4.620051e+00  2.10e-02  5.61e-03  5.57e-01  0.00000e+00  2.00000e+00
  20600000  8.220413e+01  1.417747e-06  4.011640e+01  3.726967e-01  4.594948e+00  2.11e-02  5.61e-03  5.57e-01  0.00000e+00  2.00000e+00
  20700000  8.234487e+01  1.407372e-06  4.052277e+01  3.728491e-01  4.569982e+00  2.12e-02  5.61e-03  5.57e-01  0.00000e+00  2.00000e+00
  20800000  8.248458e+01  1.397080e-06  4.093322e+01  3.730017e-01  4.545151e+00  2.12e-02  5.61e-03  5.57e-01  0.00000e+00  2.00000e+00
  20900000  8.262327e+01  1.386871e-06  4.134780e+01  3.731546e-01  4.520455e+00  2.13e-02  5.61e-03  5.57e-01  0.00000e+00  2.00000e+00
  21000000  8.276094e+01  1.376744e-06  4.176654e+01  3.733077e-01  4.495892e+00  2.14e-02  5.61e-03  5.57e-01  0.00000e+00  2.00000e+00
  21100000  8.289761e+01  1.366698e-06  4.218952e+01  3.734611e-01  4.471461e+00  2.14e-02  5.61e-03  5.57e-01  0.00000e+00  2.00000e+00
  21200000  8.303328e+01  1.356732e-06  4.261677e+01  3.736148e-01  4.447160e+00  2.15e-02  5.61e-03  5.57e-01  0.00000e+00  2.00000e+00
  21300000  8.316797e+01  1.346845e-06  4.304835e+01  3.737688e-01  4.422989e+00  2.16e-02  5.61e-03  5.57e-01  0.00000e+00  2.00000e+00
  21400000  8.330167e+01  1.337036e-06  4.348432e+01  3.739230e-01  4.398946e+00  2.16e-02  5.61e-03  5.57e-01  0.00000e+00  2.00000e+00
  21500000  8.343440e+01  1.327306e-06  4.392472e+01  3.740775e-01  4.375030e+00  2.17e-02  5.61e-03  5.57e-01  0.00000e+00  2.00000e+00
  21600000  8.356617e+01  1.317652e-06  4.436962e+01  3.742323e-01  4.351240e+00  2.18e-02  5.61e-03  5.57e-01  0.00000e+00  2.00000e+00
  21700000  8.369698e+01  1.308075e-06  4.481907e+01  3.743873e-01  4.327575e+00  2.18e-02  5.61e-03  5.57e-01  0.00000e+00  2.00000e+00
  21800000  8.382683e+01  1.298573e-06  4.527313e+01  3.745426e-01  4.304033e+00  2.19e-02  5.61e-03  5.57e-01  0.00000e+00  2.00000e+00
  21900000  8.395575e+01  1.289146e-06  4.573185e+01  3.746982e-01  4.280614e+00  2.20e-02  5.61e-03  5.57e-01  0.00000e+00  2.00000e+00
  22000000  8.408373e+01  1.279793e-06  4.619530e+01  3.748541e-01  4.257317e+00  2.20e-02  5.61e-03  5.57e-01  0.00000e+00  2.00000e+00
  22100000  8.421078e+01  1.270513e-06  4.666353e+01  3.750103e-01  4.234139e+00  2.21e-02  5.61e-03  5.57e-01  0.00000e+00  2.00000e+00
  22200000  8.433691e+01  1.261306e-06  4.713660e+01  3.751668e-01  4.211081e+00  2.22e-02  5.61e-03  5.57e-01  0.00000e+00  2.00000e+00
  22300000  8.446213e+01  1.252171e-06  4.761458e+01  3.753235e-01  4.188142e+00  2.23e-02  5.61e-03  5.57e-01  0.00000e+00  2.00000e+00
  22400000  8.458644e+01  1.243107e-06  4.809753e+01  3.754806e-01  4.165319e+00  2.23e-02  5.61e-03  5.57e-01  0.00000e+00  2.00000e+00
  22500000  8.470985e+01  1.234113e-06  4.858552e+01  3.756379e-01  4.142612e+00  2.24e-02  5.61e-03  5.57e-01  0.00000e+00  2.00000e+00
  22600000  8.483237e+01  1.225189e-06  4.907860e+01  3.757955e-01  4.120021e+00  2.25e-02  5.61e-03  5.57e-01  0.00000e+00  2.00000e+00
  22700000  8.495400e+01  1.216335e-06  4.957684e+01  3.759535e-01  4.097544e+00  2.26e-02  5.61e-03  5.57e-01  0.00000e+00  2.00000e+00
  22800000  8.507475e+01  1.207549e-06  5.008032e+01  3.761117e-01  4.075179e+00  2.26e-02  5.61e-03  5.57e-01  0.00000e+00  2.00000e+00
  22900000  8.519464e+01  1.198831e-06  5.058909e+01  3.762703e-01  4.052927e+00  2.27e-02  5.61e-03  5.57e-01  0.00000e+00  2.00000e+00
  23000000  8.531366e+01  1.190181e-06  5.110323e+01  3.764291e-01  4.030786e+00  2.28e-02  5.61e-03  5.57e-01  0.00000e+00  2.00000e+00
  23100000  8.543182e+01  1.181597e-06  5.162281e+01  3.765883e-01  4.008755e+00  2.28e-02  5.61e-03  5.57e-01  0.00000e+00  2.00000e+00
  23200000  8.554912e+01  1.173079e-06  5.214790e+01  3.767478e-01  3.986833e+00  2.29e-02  5.61e-03  5.57e-01  0.00000e+00  2.00000e+00
  23300000  8.566559e+01  1.164626e-06  5.267856e+01  3.769076e-01  3.965019e+00  2.30e-02  5.61e-03  5.57e-01  0.00000e+00  2.00000e+00
  23400000  8.578121e+01  1.156238e-06  5.321489e+01  3.770677e-01  3.943313e+00  2.31e-02  5.61e-03  5.57e-01  0.00000e+00  2.00000e+00
  23500000  8.589600e+01  1.147915e-06  5.375694e+01  3.772281e-01  3.921713e+00  2.32e-02  5.61e-03  5.57e-01  0.00000e+00  2.00000e+00
  23600000  8.600997e+01  1.139655e-06  5.430480e+01  3.773888e-01  3.900219e+00  2.32e-02  5.61e-03  5.57e-01  0.00000e+00  2.00000e+00
  23700000  8.612311e+01  1.131458e-06  5.485855e+01  3.775499e-01  3.878829e+00  2.33e-02  5.61e-03  5.57e-01  0.00000e+00  2.00000e+00
  23800000  8.623544e+01  1.123323e-06  5.541826e+01  3.777113e-01  3.857542e+00  2.34e-02  5.61e-03  5.57e-01  0.00000e+00  2.00000e+00
  23900000  8.634697e+01  1.115251e-06  5.598401e+01  3.778731e-01  3.836359e+00  2.35e-02  5.61e-03  5.57e-01  0.00000e+00  2.00000e+00
  24000000  8.645769e+01  1.107240e-06  5.655588e+01  3.780352e-01  3.815277e+00  2.35e-02  5.61e-03  5.57e-01  0.00000e+00  2.00000e+00
  24100000  8.656762e+01  1.099289e-06  5.713397e+01  3.781976e-01  3.794296e+00  2.36e-02  5.61e-03  5.57e-01  0.00000e+00  2.00000e+00
  24200000  8.667676e+01  1.091399e-06  5.771835e+01  3.783603e-01  3.773415e+00  2.37e-02  5.61e-03  5.57e-01  0.00000e+00  2.00000e+00
  24300000  8.678512e+01  1.083569e-06  5.830910e+01  3.785234e-01  3.752634e+00  2.38e-02  5.61e-03  5.57e-01  0.00000e+00  2.00000e+00
  24400000  8.689270e+01  1.075797e-06  5.890632e+01  3.786869e-01  3.731951e+00  2.39e-02  5.61e-03  5.57e-01  0.00000e+00  2.00000e+00
  24500000  8.699951e+01  1.068085e-06  5.951010e+01  3.788507e-01  3.711365e+00  2.40e-02  5.61e-03  5.57e-01  0.00000e+00  2.00000e+00
  24600000  8.710555e+01  1.060430e-06  6.012052e+01  3.790148e-01  3.690877e+00  2.40e-02  5.61e-03  5.57e-01  0.00000e+00  2.00000e+00
  24700000  8.721083e+01  1.052833e-06  6.073768e+01  3.791794e-01  3.670484e+00  2.41e-02  5.61e-03  5.57e-01  0.00000e+00  2.00000e+00
  24800000  8.731536e+01  1.045293e-06  6.136167e+01  3.793442e-01  3.650187e+00  2.42e-02  5.61e-03  5.57e-01  0.00000e+00  2.00000e+00
  24900000  8.741914e+01  1.037810e-06  6.199259e+01  3.795095e-01  3.629983e+00  2.43e-02  5.61e-03  5.57e-01  0.00000e+00  2.00000e+00
  25000000  8.752218e+01  1.030383e-06  6.263053e+01  3.796751e-01  3.609874e+00  2.44e-02  5.61e-03  5.57e-01  0.00000e+00  2.00000e+00
  25100000  8.762448e+01  1.023011e-06  6.327559e+01  3.798411e-01  3.589857e+00  2.45e-02  5.61e-03  5.57e-01  0.00000e+00  2.00000e+00
  25200000  8.772605e+01  1.015695e-06  6.392788e+01  3.800074e-01  3.569932e+00  2.45e-02  5.61e-03  5.57e-01  0.00000e+00  2.00000e+00
  25300000  8.782690e+01  1.008433e-06  6.458749e+01  3.801741e-01  3.550098e+00  2.46e-02  5.61e-03  5.57e-01  0.00000e+00  2.00000e+00
  25400000  8.792702e+01  1.001225e-06  6.525454e+01  3.803413e-01  3.530355e+00  2.47e-02  5.61e-03  5.57e-01  0.00000e+00  2.00000e+00
  25500000  8.802643e+01  9.940713e-07  6.592912e+01  3.805088e-01  3.510701e+00  2.48e-02  5.61e-03  5.57e-01  0.00000e+00  2.00000e+00
  25600000  8.812512e+01  9.869705e-07  6.661134e+01  3.806767e-01  3.491136e+00  2.49e-02  5.61e-03  5.57e-01  0.00000e+00  2.00000e+00
  25700000  8.822312e+01  9.799226e-07  6.730132e+01  3.808449e-01  3.471660e+00  2.50e-02  5.61e-03  5.57e-01  0.00000e+00  2.00000e+00
  25800000  8.832041e+01  9.729269e-07  6.799917e+01  3.810136e-01  3.452270e+00  2.51e-02  5.61e-03  5.57e-01  0.00000e+00  2.00000e+00
  25900000  8.841701e+01  9.659832e-07  6.870500e+01  3.811827e-01  3.432968e+00  2.52e-02  5.61e-03  5.57e-01  0.00000e+00  2.00000e+00
  26000000  8.851292e+01  9.590909e-07  6.941892e+01  3.813522e-01  3.413752e+00  2.53e-02  5.61e-03  5.57e-01  0.00000e+00  2.00000e+00
  26100000  8.860814e+01  9.522496e-07  7.014107e+01  3.815221e-01  3.394620e+00  2.53e-02  5.61e-03  5.57e-01  0.00000e+00  2.00000e+00
  26200000  8.870269e+01  9.454589e-07  7.087155e+01  3.816924e-01  3.375574e+00  2.54e-02  5.61e-03  5.57e-01  0.00000e+00  2.00000e+00
  26300000  8.879656e+01  9.387183e-07  7.161049e+01  3.818632e-01  3.356611e+00  2.55e-02  5.61e-03  5.57e-01  0.00000e+00  2.00000e+00
  26400000  8.888976e+01  9.320275e-07  7.235802e+01  3.820344e-01  3.337731e+00  2.56e-02  5.61e-03  5.57e-01  0.00000e+00  2.00000e+00
  26500000  8.898230e+01  9.253859e-07  7.311427e+01  3.822059e-01  3.318934e+00  2.57e-02  5.61e-03  5.57e-01  0.00000e+00  2.00000e+00
  26600000  8.907418e+01  9.187933e-07  7.387936e+01  3.823780e-01  3.300219e+00  2.58e-02  5.61e-03  5.57e-01  0.00000e+00  2.00000e+00
  26700000  8.916540e+01  9.122492e-07  7.465343e+01  3.825504e-01  3.281584e+00  2.59e-02  5.61e-03  5.57e-01  0.00000e+00  2.00000e+00
  26800000  8.925598e+01  9.057531e-07  7.543662e+01  3.827233e-01  3.263030e+00  2.60e-02  5.61e-03  5.57e-01  0.00000e+00  2.00000e+00
  26900000  8.934591e+01  8.993048e-07  7.622905e+01  3.828967e-01  3.244556e+00  2.61e-02  5.61e-03  5.57e-01  0.00000e+00  2.00000e+00
  27000000  8.943520e+01  8.929038e-07  7.703088e+01  3.830705e-01  3.226161e+00  2.62e-02  5.61e-03  5.57e-01  0.00000e+00  2.00000e+00
  27100000  8.952386e+01  8.865497e-07  7.784225e+01  3.832447e-01  3.207844e+00  2.63e-02  5.61e-03  5.57e-01  0.00000e+00  2.00000e+00
  27200000  8.961188e+01  8.802421e-07  7.866330e+01  3.834195e-01  3.189605e+00  2.64e-02  5.61e-03  5.57e-01  0.00000e+00  2.00000e+00
  27300000  8.969928e+01  8.739807e-07  7.949419e+01  3.835946e-01  3.171443e+00  2.65e-02  5.61e-03  5.57e-01  0.00000e+00  2.00000e+00
  27400000  8.978605e+01  8.677650e-07  8.033506e+01  3.837703e-01  3.153357e+00  2.66e-02  5.61e-03  5.57e-01  0.00000e+00  2.00000e+00
  27500000  8.987221e+01  8.615948e-07  8.118607e+01  3.839464e-01  3.135348e+00  2.67e-02  5.61e-03  5.57e-01  0.00000e+00  2.00000e+00
  27600000  8.995776e+01  8.554696e-07  8.204739e+01  3.841230e-01  3.117413e+00  2.68e-02  5.61e-03  5.57e-01  0.00000e+00  2.00000e+00
  27700000  9.004270e+01  8.493891e-07  8.291917e+01  3.843001e-01  3.099553e+00  2.69e-02  5.61e-03  5.57e-01  0.00000e+00  2.00000e+00
  27800000  9.012703e+01  8.433530e-07  8.380157e+01  3.844777e-01  3.081767e+00  2.70e-02  5.61e-03  5.57e-01  0.00000e+00  2.00000e+00
  27900000  9.021077e+01  8.373607e-07  8.469478e+01  3.846558e-01  3.064054e+00  2.71e-02  5.61e-03  5.57e-01  0.00000e+00  2.00000e+00
  28000000  9.029391e+01  8.314122e-07  8.559895e+01  3.848344e-01  3.046414e+00  2.72e-02  5.61e-03  5.57e-01  0.00000e+00  2.00000e+00
  28100000  9.037646e+01  8.255068e-07  8.651427e+01  3.850135e-01  3.028846e+00  2.73e-02  5.61e-03  5.57e-01  0.00000e+00  2.00000e+00
  28200000  9.045843e+01  8.196445e-07  8.744092e+01  3.851932e-01  3.011350e+00  2.75e-02  5.61e-03  5.57e-01  0.00000e+00  2.00000e+00
  28300000  9.053981e+01  8.138247e-07  8.837907e+01  3.853733e-01  2.993924e+00  2.76e-02  5.61e-03  5.57e-01  0.00000e+00  2.00000e+00
  28400000  9.062061e+01  8.080471e-07  8.932892e+01  3.855540e-01  2.976569e+00  2.77e-02  5.61e-03  5.57e-01  0.00000e+00  2.00000e+00
  28500000  9.070085e+01  8.023115e-07  9.029066e+01  3.857352e-01  2.959283e+00  2.78e-02  5.61e-03  5.57e-01  0.00000e+00  2.00000e+00
  28600000  9.078051e+01  7.966175e-07  9.126448e+01  3.859169e-01  2.942066e+00  2.79e-02  5.61e-03  5.57e-01  0.00000e+00  2.00000e+00
  28700000  9.085960e+01  7.909648e-07  9.225059e+01  3.860992e-01  2.924918e+00  2.80e-02  5.61e-03  5.57e-01  0.00000e+00  2.00000e+00
  28800000  9.093814e+01  7.853530e-07  9.324918e+01  3.862821e-01  2.907837e+00  2.81e-02  5.61e-03  5.57e-01  0.00000e+00  2.00000e+00
  28900000  9.101612e+01  7.797818e-07  9.426046e+01  3.864655e-01  2.890824e+00  2.82e-02  5.61e-03  5.57e-01  0.00000e+00  2.00000e+00
  29000000  9.109354e+01  7.742510e-07  9.528466e+01  3.866494e-01  2.873877e+00  2.84e-02  5.61e-03  5.57e-01  0.00000e+00  2.00000e+00
  29100000  9.117042e+01  7.687602e-07  9.632198e+01  3.868340e-01  2.856997e+00  2.85e-02  5.61e-03  5.57e-01  0.00000e+00  2.00000e+00
  29200000  9.124675e+01  7.633091e-07  9.737264e+01  3.870191e-01  2.840182e+00  2.86e-02  5.61e-03  5.57e-01  0.00000e+00  2.00000e+00
  29300000  9.132254e+01  7.578974e-07  9.843689e+01  3.872048e-01  2.823433e+00  2.87e-02  5.61e-03  5.57e-01  0.00000e+00  2.00000e+00
  29400000  9.139779e+01  7.525248e-07  9.951494e+01  3.873911e-01  2.806747e+00  2.88e-02  5.61e-03  5.57e-01  0.00000e+00  2.00000e+00
  29500000  9.147251e+01  7.471910e-07  1.006070e+02  3.875780e-01  2.790126e+00  2.90e-02  5.61e-03  5.57e-01  0.00000e+00  2.00000e+00
  29600000  9.154670e+01  7.418958e-07  1.017134e+02  3.877656e-01  2.773568e+00  2.91e-02  5.61e-03  5.57e-01  0.00000e+00  2.00000e+00
  29700000  9.162036e+01  7.366388e-07  1.028344e+02  3.879537e-01  2.757072e+00  2.92e-02  5.61e-03  5.57e-01  0.00000e+00  2.00000e+00
  29800000  9.169351e+01  7.314197e-07  1.039701e+02  3.881424e-01  2.740639e+00  2.93e-02  5.61e-03  5.57e-01  0.00000e+00  2.00000e+00
  29900000  9.176613e+01  7.262383e-07  1.051208e+02  3.883318e-01  2.724267e+00  2.95e-02  5.61e-03  5.57e-01  0.00000e+00  2.00000e+00
  30000000  9.183824e+01  7.210942e-07  1.062869e+02  3.885219e-01  2.707957e+00  2.96e-02  5.61e-03  5.57e-01  0.00000e+00  2.00000e+00
  30100000  9.190984e+01  7.159873e-07  1.074686e+02  3.887126e-01  2.691707e+00  2.97e-02  5.61e-03  5.57e-01  0.00000e+00  2.00000e+00
  30200000  9.198093e+01  7.109172e-07  1.086662e+02  3.889039e-01  2.675517e+00  2.99e-02  5.61e-03  5.57e-01  0.00000e+00  2.00000e+00
  30300000  9.205152e+01  7.058836e-07  1.098799e+02  3.890959e-01  2.659386e+00  3.00e-02  5.61e-03  5.57e-01  0.00000e+00  2.00000e+00
  30400000  9.212161e+01  7.008864e-07  1.111100e+02  3.892886e-01  2.643314e+00  3.01e-02  5.61e-03  5.57e-01  0.00000e+00  2.00000e+00
  30500000  9.219120e+01  6.959251e-07  1.123569e+02  3.894819e-01  2.627301e+00  3.03e-02  5.61e-03  5.57e-01  0.00000e+00  2.00000e+00
  30600000  9.226030e+01  6.909997e-07  1.136209e+02  3.896760e-01  2.611346e+00  3.04e-02  5.61e-03  5.57e-01  0.00000e+00  2.00000e+00
  30700000  9.232891e+01  6.861097e-07  1.149022e+02  3.898708e-01  2.595447e+00  3.06e-02  5.61e-03  5.57e-01  0.00000e+00  2.00000e+00
  30800000  9.239704e+01  6.812550e-07  1.162012e+02  3.900662e-01  2.579606e+00  3.07e-02  5.61e-03  5.57e-01  0.00000e+00  2.00000e+00
  30900000  9.246468e+01  6.764353e-07  1.175183e+02  3.902624e-01  2.563821e+00  3.08e-02  5.61e-03  5.57e-01  0.00000e+00  2.00000e+00
  31000000  9.253184e+01  6.716503e-07  1.188537e+02  3.904593e-01  2.548091e+00  3.10e-02  5.61e-03  5.57e-01  0.00000e+00  2.00000e+00
  31100000  9.259853e+01  6.668999e-07  1.202078e+02  3.906570e-01  2.532417e+00  3.11e-02  5.61e-03  5.57e-01  0.00000e+00  2.00000e+00
  31200000  9.266475e+01  6.621837e-07  1.215809e+02  3.908554e-01  2.516797e+00  3.13e-02  5.61e-03  5.57e-01  0.00000e+00  2.00000e+00
  31300000  9.273050e+01  6.575015e-07  1.229735e+02  3.910546e-01  2.501232e+00  3.14e-02  5.61e-03  5.57e-01  0.00000e+00  2.00000e+00
  31400000  9.279579e+01  6.528531e-07  1.243859e+02  3.912545e-01  2.485720e+00  3.16e-02  5.61e-03  5.57e-01  0.00000e+00  2.00000e+00
  31500000  9.286061e+01  6.482383e-07  1.258185e+02  3.914553e-01  2.470261e+00  3.17e-02  5.61e-03  5.57e-01  0.00000e+00  2.00000e+00
  31600000  9.292498e+01  6.436567e-07  1.272716e+02  3.916568e-01  2.454854e+00  3.19e-02  5.61e-03  5.57e-01  0.00000e+00  2.00000e+00
  31700000  9.298889e+01  6.391083e-07  1.287457e+02  3.918591e-01  2.439500e+00  3.20e-02  5.61e-03  5.57e-01  0.00000e+00  2.00000e+00
  31800000  9.305235e+01  6.345926e-07  1.302412e+02  3.920623e-01  2.424197e+00  3.22e-02  5.61e-03  5.57e-01  0.00000e+00  2.00000e+00
  31900000  9.311536e+01  6.301097e-07  1.317585e+02  3.922662e-01  2.408945e+00  3.24e-02  5.61e-03  5.57e-01  0.00000e+00  2.00000e+00
  32000000  9.317792e+01  6.256591e-07  1.332981e+02  3.924710e-01  2.393743e+00  3.25e-02  5.61e-03  5.57e-01  0.00000e+00  2.00000e+00
  32100000  9.324005e+01  6.212407e-07  1.348603e+02  3.926767e-01  2.378592e+00  3.27e-02  5.61e-03  5.57e-01  0.00000e+00  2.00000e+00
  32200000  9.330173e+01  6.168542e-07  1.364457e+02  3.928832e-01  2.363490e+00  3.29e-02  5.61e-03  5.57e-01  0.00000e+00  2.00000e+00
  32300000  9.336298e+01  6.124996e-07  1.380547e+02  3.930906e-01  2.348436e+00  3.30e-02  5.61e-03  5.57e-01  0.00000e+00  2.00000e+00
  32400000  9.342380e+01  6.081764e-07  1.396878e+02  3.932989e-01  2.333431e+00  3.32e-02  5.61e-03  5.57e-01  0.00000e+00  2.00000e+00
  32500000  9.348419e+01  6.038847e-07  1.413456e+02  3.935081e-01  2.318474e+00  3.34e-02  5.61e-03  5.57e-01  0.00000e+00  2.00000e+00
  32600000  9.354415e+01  5.996240e-07  1.430284e+02  3.937183e-01  2.303565e+00  3.36e-02  5.61e-03  5.57e-01  0.00000e+00  2.00000e+00
  32700000  9.360369e+01  5.953942e-07  1.447369e+02  3.939293e-01  2.288702e+00  3.37e-02  5.61e-03  5.57e-01  0.00000e+00  2.00000e+00
  32800000  9.366281e+01  5.911952e-07  1.464715e+02  3.941413e-01  2.273885e+00  3.39e-02  5.61e-03  5.57e-01  0.00000e+00  2.00000e+00
  32900000  9.372151e+01  5.870267e-07  1.482329e+02  3.943543e-01  2.259114e+00  3.41e-02  5.61e-03  5.57e-01  0.00000e+00  2.00000e+00
  33000000  9.377980e+01  5.828886e-07  1.500216e+02  3.945682e-01  2.244389e+00  3.43e-02  5.61e-03  5.57e-01  0.00000e+00  2.00000e+00
  33100000  9.383768e+01  5.787805e-07  1.518382e+02  3.947831e-01  2.229708e+00  3.45e-02  5.61e-03  5.57e-01  0.00000e+00  2.00000e+00
  33200000  9.389515e+01  5.747024e-07  1.536833e+02  3.949991e-01  2.215071e+00  3.47e-02  5.61e-03  5.57e-01  0.00000e+00  2.00000e+00
  33300000  9.395222e+01  5.706541e-07  1.555575e+02  3.952160e-01  2.200479e+00  3.49e-02  5.61e-03  5.57e-01  0.00000e+00  2.00000e+00
  33400000  9.400888e+01  5.666353e-07  1.574614e+02  3.954340e-01  2.185929e+00  3.51e-02  5.61e-03  5.57e-01  0.00000e+00  2.00000e+00
  33500000  9.406514e+01  5.626460e-07  1.593958e+02  3.956531e-01  2.171422e+00  3.53e-02  5.61e-03  5.57e-01  0.00000e+00  2.00000e+00
  33600000  9.412101e+01  5.586858e-07  1.613612e+02  3.958732e-01  2.156957e+00  3.55e-02  5.61e-03  5.57e-01  0.00000e+00  2.00000e+00
  33700000  9.417649e+01  5.547547e-07  1.633585e+02  3.960944e-01  2.142533e+00  3.57e-02  5.61e-03  5.57e-01  0.00000e+00  2.00000e+00
  33800000  9.423157e+01  5.508524e-07  1.653882e+02  3.963167e-01  2.128151e+00  3.59e-02  5.61e-03  5.57e-01  0.00000e+00  2.00000e+00
  33900000  9.428627e+01  5.469788e-07  1.674513e+02  3.965402e-01  2.113809e+00  3.61e-02  5.61e-03  5.57e-01  0.00000e+00  2.00000e+00
  34000000  9.434058e+01  5.431337e-07  1.695483e+02  3.967648e-01  2.099507e+00  3.63e-02  5.61e-03  5.57e-01  0.00000e+00  2.00000e+00
  34100000  9.439452e+01  5.393169e-07  1.716801e+02  3.969905e-01  2.085245e+00  3.65e-02  5.61e-03  5.57e-01  0.00000e+00  2.00000e+00
  34200000  9.444807e+01  5.355284e-07  1.738475e+02  3.972175e-01  2.071021e+00  3.67e-02  5.61e-03  5.57e-01  0.00000e+00  2.00000e+00
  34300000  9.450125e+01  5.317678e-07  1.760514e+02  3.974456e-01  2.056836e+00  3.70e-02  5.61e-03  5.57e-01  0.00000e+00  2.00000e+00
  34400000  9.455405e+01  5.280351e-07  1.782926e+02  3.976750e-01  2.042688e+00  3.72e-02  5.61e-03  5.57e-01  0.00000e+00  2.00000e+00
  34500000  9.460648e+01  5.243301e-07  1.805721e+02  3.979056e-01  2.028578e+00  3.74e-02  5.61e-03  5.57e-01  0.00000e+00  2.00000e+00
  34600000  9.465855e+01  5.206526e-07  1.828906e+02  3.981375e-01  2.014505e+00  3.77e-02  5.61e-03  5.57e-01  0.00000e+00  2.00000e+00
  34700000  9.471025e+01  5.170026e-07  1.852492e+02  3.983707e-01  2.000468e+00  3.79e-02  5.61e-03  5.57e-01  0.00000e+00  2.00000e+00
  34800000  9.476159e+01  5.133797e-07  1.876489e+02  3.986052e-01  1.986466e+00  3.81e-02  5.61e-03  5.57e-01  0.00000e+00  2.00000e+00
  34900000  9.481256e+01  5.097840e-07  1.900907e+02  3.988410e-01  1.972499e+00  3.84e-02  5.61e-03  5.57e-01  0.00000e+00  2.00000e+00
  35000000  9.486319e+01  5.062152e-07  1.925756e+02  3.990782e-01  1.958567e+00  3.86e-02  5.61e-03  5.57e-01  0.00000e+00  2.00000e+00
  35100000  9.491345e+01  5.026733e-07  1.951046e+02  3.993168e-01  1.944669e+00  3.89e-02  5.61e-03  5.57e-01  0.00000e+00  2.00000e+00
  35200000  9.496337e+01  4.991580e-07  1.976791e+02  3.995568e-01  1.930804e+00  3.92e-02  5.61e-03  5.57e-01  0.00000e+00  2.00000e+00
  35300000  9.501294e+01  4.956692e-07  2.003000e+02  3.997983e-01  1.916972e+00  3.94e-02  5.61e-03  5.57e-01  0.00000e+00  2.00000e+00
  35400000  9.506216e+01  4.922069e-07  2.029685e+02  4.000412e-01  1.903172e+00  3.97e-02  5.61e-03  5.57e-01  0.00000e+00  2.00000e+00
  35500000  9.511103e+01  4.887708e-07  2.056860e+02  4.002856e-01  1.889404e+00  4.00e-02  5.61e-03  5.57e-01  0.00000e+00  2.00000e+00
  35600000  9.515957e+01  4.853609e-07  2.084537e+02  4.005315e-01  1.875666e+00  4.02e-02  5.61e-03  5.57e-01  0.00000e+00  2.00000e+00
  35700000  9.520777e+01  4.819770e-07  2.112730e+02  4.007790e-01  1.861959e+00  4.05e-02  5.61e-03  5.57e-01  0.00000e+00  2.00000e+00
  35800000  9.525563e+01  4.786190e-07  2.141451e+02  4.010281e-01  1.848282e+00  4.08e-02  5.61e-03  5.57e-01  0.00000e+00  2.00000e+00
  35900000  9.530316e+01  4.752868e-07  2.170716e+02  4.012788e-01  1.834634e+00  4.11e-02  5.61e-03  5.57e-01  0.00000e+00  2.00000e+00
  36000000  9.535036e+01  4.719802e-07  2.200539e+02  4.015311e-01  1.821014e+00  4.14e-02  5.61e-03  5.57e-01  0.00000e+00  2.00000e+00
  36100000  9.539723e+01  4.686993e-07  2.230935e+02  4.017851e-01  1.807423e+00  4.17e-02  5.61e-03  5.57e-01  0.00000e+00  2.00000e+00
  36200000  9.544377e+01  4.654438e-07  2.261921e+02  4.020409e-01  1.793858e+00  4.20e-02  5.61e-03  5.57e-01  0.00000e+00  2.00000e+00
  36300000  9.548999e+01  4.622136e-07  2.293513e+02  4.022984e-01  1.780321e+00  4.23e-02  5.61e-03  5.57e-01  0.00000e+00  2.00000e+00
  36400000  9.553589e+01  4.590087e-07  2.325728e+02  4.025576e-01  1.766809e+00  4.27e-02  5.61e-03  5.57e-01  0.00000e+00  2.00000e+00
  36500000  9.558148e+01  4.558289e-07  2.358583e+02  4.028187e-01  1.753323e+00  4.30e-02  5.61e-03  5.57e-01  0.00000e+00  2.00000e+00
  36600000  9.562674e+01  4.526743e-07  2.392098e+02  4.030817e-01  1.739861e+00  4.33e-02  5.61e-03  5.57e-01  0.00000e+00  2.00000e+00
  36700000  9.567170e+01  4.495479e-07  2.426292e+02  4.033465e-01  1.726423e+00  4.37e-02  5.61e-03  5.57e-01  0.00000e+00  2.00000e+00
  36800000  9.571634e+01  4.464630e-07  2.461185e+02  4.036134e-01  1.713008e+00  4.40e-02  5.61e-03  5.57e-01  0.00000e+00  2.00000e+00
  36900000  9.576068e+01  4.433859e-07  2.496798e+02  4.038821e-01  1.699615e+00  4.44e-02  5.61e-03  5.57e-01  0.00000e+00  2.00000e+00
  37000000  9.580472e+01  4.403324e-07  2.533152e+02  4.041530e-01  1.686245e+00  4.47e-02  5.61e-03  5.57e-01  0.00000e+00  2.00000e+00
  37100000  9.584845e+01  4.373061e-07  2.570270e+02  4.044261e-01  1.672895e+00  4.51e-02  5.61e-03  5.57e-01  0.00000e+00  2.00000e+00
  37200000  9.589188e+01  4.343040e-07  2.608175e+02  4.047012e-01  1.659565e+00  4.55e-02  5.61e-03  5.57e-01  0.00000e+00  2.00000e+00
  37300000  9.593501e+01  4.313219e-07  2.646892e+02  4.049781e-01  1.646256e+00  4.59e-02  5.61e-03  5.57e-01  0.00000e+00  2.00000e+00
  37400000  9.597785e+01  4.283645e-07  2.686445e+02  4.052576e-01  1.632965e+00  4.63e-02  5.61e-03  5.57e-01  0.00000e+00  2.00000e+00
  37500000  9.602039e+01  4.254370e-07  2.726860e+02  4.055396e-01  1.619692e+00  4.67e-02  5.61e-03  5.57e-01  0.00000e+00  2.00000e+00
  37600000  9.606264e+01  4.225332e-07  2.768168e+02  4.058236e-01  1.606437e+00  4.71e-02  5.61e-03  5.57e-01  0.00000e+00  2.00000e+00
  37700000  9.610461e+01  4.196468e-07  2.810396e+02  4.061097e-01  1.593198e+00  4.75e-02  5.61e-03  5.57e-01  0.00000e+00  2.00000e+00
  37800000  9.614629e+01  4.167883e-07  2.853573e+02  4.063988e-01  1.579975e+00  4.79e-02  5.61e-03  5.57e-01  0.00000e+00  2.00000e+00
  37900000  9.618768e+01  4.139598e-07  2.897731e+02  4.066905e-01  1.566766e+00  4.84e-02  5.61e-03  5.57e-01  0.00000e+00  2.00000e+00
  38000000  9.622880e+01  4.111490e-07  2.942906e+02  4.069840e-01  1.553572e+00  4.88e-02  5.61e-03  5.57e-01  0.00000e+00  2.00000e+00
  38100000  9.626963e+01  4.083591e-07  2.989127e+02  4.072806e-01  1.540391e+00  4.93e-02  5.61e-03  5.57e-01  0.00000e+00  2.00000e+00
  38200000  9.631019e+01  4.056030e-07  3.036434e+02  4.075802e-01  1.527222e+00  4.98e-02  5.61e-03  5.57e-01  0.00000e+00  2.00000e+00
  38300000  9.635048e+01  4.028677e-07  3.084864e+02  4.078821e-01  1.514065e+00  5.03e-02  5.61e-03  5.57e-01  0.00000e+00  2.00000e+00
  38400000  9.639050e+01  4.001483e-07  3.134455e+02  4.081867e-01  1.500918e+00  5.08e-02  5.61e-03  5.57e-01  0.00000e+00  2.00000e+00
  38500000  9.643024e+01  3.974637e-07  3.185250e+02  4.084949e-01  1.487781e+00  5.13e-02  5.61e-03  5.57e-01  0.00000e+00  2.00000e+00
  38600000  9.646972e+01  3.948028e-07  3.237292e+02  4.088056e-01  1.474651e+00  5.18e-02  5.61e-03  5.57e-01  0.00000e+00  2.00000e+00
  38700000  9.650894e+01  3.921552e-07  3.290627e+02  4.091191e-01  1.461530e+00  5.23e-02  5.61e-03  5.57e-01  0.00000e+00  2.00000e+00
  38800000  9.654789e+01  3.895417e-07  3.345300e+02  4.094365e-01  1.448415e+00  5.29e-02  5.61e-03  5.57e-01  0.00000e+00  2.00000e+00
  38900000  9.658659e+01  3.869548e-07  3.401365e+02  4.097568e-01  1.435306e+00  5.35e-02  5.61e-03  5.57e-01  0.00000e+00  2.00000e+00
  39000000  9.662502e+01  3.843806e-07  3.458874e+02  4.100798e-01  1.422201e+00  5.40e-02  5.61e-03  5.57e-01  0.00000e+00  2.00000e+00
  39100000  9.666321e+01  3.818371e-07  3.517879e+02  4.104071e-01  1.409100e+00  5.46e-02  5.61e-03  5.57e-01  0.00000e+00  2.00000e+00
  39200000  9.670114e+01  3.793242e-07  3.578443e+02  4.107380e-01  1.396000e+00  5.53e-02  5.61e-03  5.57e-01  0.00000e+00  2.00000e+00
  39300000  9.673882e+01  3.768266e-07  3.640627e+02  4.110716e-01  1.382902e+00  5.59e-02  5.61e-03  5.57e-01  0.00000e+00  2.00000e+00
  39400000  9.677626e+01  3.743517e-07  3.704492e+02  4.114094e-01  1.369804e+00  5.65e-02  5.61e-03  5.57e-01  0.00000e+00  2.00000e+00
  39500000  9.681345e+01  3.719108e-07  3.770109e+02  4.117516e-01  1.356704e+00  5.72e-02  5.61e-03  5.57e-01  0.00000e+00  2.00000e+00
  39600000  9.685040e+01  3.694933e-07  3.837552e+02  4.120973e-01  1.343601e+00  5.79e-02  5.61e-03  5.57e-01  0.00000e+00  2.00000e+00
  39700000  9.688711e+01  3.670930e-07  3.906897e+02  4.124466e-01  1.330495e+00  5.86e-02  5.61e-03  5.57e-01  0.00000e+00  2.00000e+00
  39800000  9.692358e+01  3.647188e-07  3.978221e+02  4.128005e-01  1.317383e+00  5.93e-02  5.61e-03  5.57e-01  0.00000e+00  2.00000e+00
  39900000  9.695982e+01  3.623753e-07  4.051612e+02  4.131591e-01  1.304265e+00  6.01e-02  5.61e-03  5.57e-01  0.00000e+00  2.00000e+00
  40000000  9.699582e+01  3.600571e-07  4.127162e+02  4.135223e-01  1.291138e+00  6.09e-02  5.61e-03  5.57e-01  0.00000e+00  2.00000e+00
  40100000  9.703160e+01  3.577626e-07  4.204965e+02  4.138898e-01  1.278002e+00  6.17e-02  5.61e-03  5.57e-01  0.00000e+00  2.00000e+00
  40200000  9.706715e+01  3.554921e-07  4.285124e+02  4.142620e-01  1.264854e+00  6.25e-02  5.61e-03  5.57e-01  0.00000e+00  2.00000e+00
  40300000  9.710247e+01  3.532469e-07  4.367747e+02  4.146390e-01  1.251694e+00  6.33e-02  5.61e-03  5.57e-01  0.00000e+00  2.00000e+00
  40400000  9.713758e+01  3.510285e-07  4.452947e+02  4.150212e-01  1.238520e+00  6.42e-02  5.61e-03  5.57e-01  0.00000e+00  2.00000e+00
  40500000  9.717246e+01  3.488370e-07  4.540848e+02  4.154089e-01  1.225329e+00  6.51e-02  5.61e-03  5.57e-01  0.00000e+00  2.00000e+00
  40600000  9.720713e+01  3.466720e-07  4.631578e+02  4.158022e-01  1.212121e+00  6.61e-02  5.61e-03  5.57e-01  0.00000e+00  2.00000e+00
  40700000  9.724158e+01  3.445326e-07  4.725278e+02  4.162013e-01  1.198893e+00  6.70e-02  5.61e-03  5.57e-01  0.00000e+00  2.00000e+00
  40800000  9.727582e+01  3.424195e-07  4.822096e+02  4.166061e-01  1.185643e+00  6.81e-02  5.61e-03  5.57e-01  0.00000e+00  2.00000e+00
  40900000  9.730986e+01  3.403365e-07  4.922191e+02  4.170166e-01  1.172369e+00  6.91e-02  5.61e-03  5.57e-01  0.00000e+00  2.00000e+00
  41000000  9.734369e+01  3.382863e-07  5.025734e+02  4.174334e-01  1.159070e+00  7.02e-02  5.61e-03  5.57e-01  0.00000e+00  2.00000e+00
  41100000  9.737731e+01  3.362583e-07  5.132900e+02  4.178582e-01  1.145743e+00  7.13e-02  5.61e-03  5.57e-01  0.00000e+00  2.00000e+00
  41200000  9.741074e+01  3.342517e-07  5.243889e+02  4.182884e-01  1.132386e+00  7.25e-02  5.61e-03  5.57e-01  0.00000e+00  2.00000e+00
  41300000  9.744397e+01  3.322941e-07  5.358911e+02  4.187268e-01  1.118995e+00  7.37e-02  5.61e-03  5.57e-01  0.00000e+00  2.00000e+00
  41400000  9.747700e+01  3.303427e-07  5.478186e+02  4.191715e-01  1.105571e+00  7.50e-02  5.61e-03  5.57e-01  0.00000e+00  2.00000e+00
  41500000  9.750984e+01  3.284380e-07  5.601957e+02  4.196252e-01  1.092108e+00  7.63e-02  5.61e-03  5.57e-01  0.00000e+00  2.00000e+00
  41600000  9.754250e+01  3.265634e-07  5.730489e+02  4.200868e-01  1.078605e+00  7.77e-02  5.61e-03  5.57e-01  0.00000e+00  2.00000e+00
  41700000  9.757497e+01  3.247144e-07  5.864061e+02  4.205565e-01  1.065060e+00  7.91e-02  5.61e-03  5.57e-01  0.00000e+00  2.00000e+00
  41800000  9.760726e+01  3.228968e-07  6.002975e+02  4.210351e-01  1.051468e+00  8.06e-02  5.61e-03  5.57e-01  0.00000e+00  2.00000e+00
  41900000  9.763937e+01  3.211127e-07  6.147566e+02  4.215226e-01  1.037826e+00  8.22e-02  5.61e-03  5.57e-01  0.00000e+00  2.00000e+00
  42000000  9.767131e+01  3.193714e-07  6.298193e+02  4.220194e-01  1.024132e+00  8.38e-02  5.61e-03  5.57e-01  0.00000e+00  2.00000e+00
  42100000  9.770307e+01  3.176549e-07  6.455235e+02  4.225281e-01  1.010382e+00  8.55e-02  5.61e-03  5.57e-01  0.00000e+00  2.00000e+00
  42200000  9.773467e+01  3.159837e-07  6.619132e+02  4.230461e-01  9.965725e-01  8.73e-02  5.61e-03  5.57e-01  0.00000e+00  2.00000e+00
  42300000  9.776611e+01  3.143371e-07  6.790335e+02  4.235752e-01  9.826993e-01  8.92e-02  5.61e-03  5.57e-01  0.00000e+00  2.00000e+00
  42400000  9.779738e+01  3.127370e-07  6.969350e+02  4.241171e-01  9.687582e-01  9.12e-02  5.61e-03  5.57e-01  0.00000e+00  2.00000e+00
  42500000  9.782850e+01  3.111660e-07  7.156729e+02  4.246708e-01  9.547454e-01  9.33e-02  5.61e-03  5.57e-01  0.00000e+00  2.00000e+00
  42600000  9.785946e+01  3.096576e-07  7.353099e+02  4.252373e-01  9.406553e-01  9.55e-02  5.61e-03  5.57e-01  0.00000e+00  2.00000e+00
  42700000  9.789028e+01  3.081687e-07  7.559110e+02  4.258172e-01  9.264840e-01  9.78e-02  5.62e-03  5.57e-01  0.00000e+00  2.00000e+00
  42800000  9.792095e+01  3.067368e-07  7.775504e+02  4.264133e-01  9.122258e-01  1.00e-01  5.62e-03  5.57e-01  0.00000e+00  2.00000e+00
  42900000  9.795149e+01  3.053366e-07  8.003099e+02  4.270232e-01  8.978757e-01  1.03e-01  5.62e-03  5.57e-01  0.00000e+00  2.00000e+00
  43000000  9.798189e+01  3.040025e-07  8.242805e+02  4.276505e-01  8.834269e-01  1.06e-01  5.62e-03  5.57e-01  0.00000e+00  2.00000e+00
  43100000  9.801216e+01  3.027116e-07  8.495635e+02  4.282941e-01  8.688734e-01  1.08e-01  5.62e-03  5.57e-01  0.00000e+00  2.00000e+00
  43200000  9.804231e+01  3.014690e-07  8.762693e+02  4.289577e-01  8.542086e-01  1.11e-01  5.61e-03  5.57e-01  0.00000e+00  2.00000e+00
  43300000  9.807233e+01  3.002851e-07  9.045255e+02  4.296397e-01  8.394250e-01  1.15e-01  5.61e-03  5.57e-01  0.00000e+00  2.00000e+00
  43400000  9.810225e+01  2.991635e-07  9.344722e+02  4.303442e-01  8.245146e-01  1.18e-01  5.61e-03  5.57e-01  0.00000e+00  2.00000e+00
  43500000  9.813206e+01  2.980910e-07  9.662686e+02  4.310697e-01  8.094696e-01  1.22e-01  5.62e-03  5.57e-01  0.00000e+00  2.00000e+00
  43600000  9.816177e+01  2.970973e-07  1.000094e+03  4.318204e-01  7.942801e-01  1.26e-01  5.61e-03  5.57e-01  0.00000e+00  2.00000e+00
  43700000  9.819139e+01  2.961725e-07  1.036155e+03  4.325957e-01  7.789363e-01  1.30e-01  5.62e-03  5.57e-01  0.00000e+00  2.00000e+00
  43800000  9.822092e+01  2.953083e-07  1.074678e+03  4.334014e-01  7.634280e-01  1.35e-01  5.62e-03  5.57e-01  0.00000e+00  2.00000e+00
  43900000  9.825037e+01  2.945313e-07  1.115934e+03  4.342357e-01  7.477433e-01  1.40e-01  5.62e-03  5.57e-01  0.00000e+00  2.00000e+00
  44000000  9.827975e+01  2.938433e-07  1.160229e+03  4.351030e-01  7.318690e-01  1.45e-01  5.62e-03  5.57e-01  0.00000e+00  2.00000e+00
  44100000  9.830908e+01  2.932449e-07  1.207915e+03  4.360059e-01  7.157914e-01  1.51e-01  5.62e-03  5.57e-01  0.00000e+00  2.00000e+00
  44200000  9.833835e+01  2.927476e-07  1.259405e+03  4.369474e-01  6.994950e-01  1.58e-01  5.62e-03  5.57e-01  0.00000e+00  2.00000e+00
  44300000  9.836759e+01  2.923659e-07  1.315180e+03  4.379335e-01  6.829625e-01  1.65e-01  5.62e-03  5.57e-01  0.00000e+00  2.00000e+00
  44400000  9.839680e+01  2.920852e-07  1.375807e+03  4.389637e-01  6.661762e-01  1.72e-01  5.62e-03  5.57e-01  0.00000e+00  2.00000e+00
  44500000  9.842599e+01  2.919363e-07  1.441952e+03  4.400481e-01  6.491151e-01  1.81e-01  5.62e-03  5.57e-01  0.00000e+00  2.00000e+00
  44580731  9.844956e+01  2.919452e-07  1.500001e+03  4.410584e-01  6.351243e-01  1.89e-01  5.62e-03  5.57e-01  0.00000e+00  2.00000e+00
