     i         log_r      log_rmid             m           rho            v2             p        trelax            kn
     0  -2.148854e+00  -2.449884e+00  5.465149e-07  4.584417e+00  1.239977e-01  5.684570e-01  6.194541e-01  1.438596e+01
     1  -2.127944e+00  -2.138273e+00  6.313647e-07  4.580508e+00  1.240631e-01  5.682719e-01  6.198193e-01  1.438831e+01
     2  -2.107052e+00  -2.117372e+00  7.293881e-07  4.583925e+00  1.239665e-01  5.682532e-01  6.195984e-01  1.438854e+01
     3  -2.086150e+00  -2.096475e+00  8.426301e-07  4.581805e+00  1.240194e-01  5.682326e-01  6.197530e-01  1.438880e+01
     4  -2.065252e+00  -2.075575e+00  9.734537e-07  4.582469e+00  1.239965e-01  5.682099e-01  6.197205e-01  1.438909e+01
     5  -2.044353e+00  -2.054677e+00  1.124588e-06  4.581972e+00  1.240045e-01  5.681850e-01  6.197677e-01  1.438941e+01
     6  -2.023454e+00  -2.033778e+00  1.299188e-06  4.581843e+00  1.240020e-01  5.681575e-01  6.197914e-01  1.438976e+01
     7  -2.002555e+00  -2.012879e+00  1.500895e-06  4.581581e+00  1.240024e-01  5.681272e-01  6.198256e-01  1.439014e+01
     8  -1.981656e+00  -1.991980e+00  1.733918e-06  4.581321e+00  1.240022e-01  5.680939e-01  6.198614e-01  1.439056e+01
     9  -1.960756e+00  -1.971080e+00  2.003120e-06  4.581030e+00  1.240021e-01  5.680573e-01  6.199010e-01  1.439102e+01
    10  -1.939856e+00  -1.950180e+00  2.314117e-06  4.580710e+00  1.240019e-01  5.680169e-01  6.199447e-01  1.439154e+01
    11  -1.918956e+00  -1.929280e+00  2.673398e-06  4.580358e+00  1.240018e-01  5.679725e-01  6.199928e-01  1.439210e+01
    12  -1.898054e+00  -1.908379e+00  3.088459e-06  4.579970e+00  1.240016e-01  5.679236e-01  6.200457e-01  1.439272e+01
    13  -1.877152e+00  -1.887478e+00  3.567962e-06  4.579543e+00  1.240014e-01  5.678697e-01  6.201040e-01  1.439340e+01
    14  -1.856250e+00  -1.866575e+00  4.121910e-06  4.579073e+00  1.240012e-01  5.678104e-01  6.201682e-01  1.439415e+01
    15  -1.835346e+00  -1.845672e+00  4.761863e-06  4.578556e+00  1.240009e-01  5.677452e-01  6.202389e-01  1.439498e+01
    16  -1.814442e+00  -1.824768e+00  5.501171e-06  4.577987e+00  1.240006e-01  5.676733e-01  6.203167e-01  1.439589e+01
    17  -1.793536e+00  -1.803863e+00  6.355263e-06  4.577360e+00  1.240003e-01  5.675942e-01  6.204024e-01  1.439689e+01
    18  -1.772629e+00  -1.782957e+00  7.341957e-06  4.576670e+00  1.240000e-01  5.675071e-01  6.204968e-01  1.439800e+01
    19  -1.751721e+00  -1.762049e+00  8.481841e-06  4.575910e+00  1.239996e-01  5.674113e-01  6.206007e-01  1.439921e+01
    20  -1.730811e+00  -1.741140e+00  9.798699e-06  4.575074e+00  1.239992e-01  5.673057e-01  6.207151e-01  1.440055e+01
    21  -1.709900e+00  -1.720230e+00  1.132001e-05  4.574154e+00  1.239988e-01  5.671896e-01  6.208412e-01  1.440203e+01
    22  -1.688987e+00  -1.699318e+00  1.307751e-05  4.573141e+00  1.239983e-01  5.670617e-01  6.209799e-01  1.440365e+01
    23  -1.668072e+00  -1.678404e+00  1.510787e-05  4.572025e+00  1.239978e-01  5.669209e-01  6.211328e-01  1.440544e+01
    24  -1.647155e+00  -1.657487e+00  1.745346e-05  4.570798e+00  1.239972e-01  5.667660e-01  6.213011e-01  1.440741e+01
    25  -1.626235e+00  -1.636569e+00  2.016322e-05  4.569446e+00  1.239965e-01  5.665954e-01  6.214865e-01  1.440958e+01
    26  -1.605312e+00  -1.615648e+00  2.329368e-05  4.567959e+00  1.239958e-01  5.664077e-01  6.216906e-01  1.441197e+01
    27  -1.584387e+00  -1.594724e+00  2.691017e-05  4.566322e+00  1.239950e-01  5.662010e-01  6.219155e-01  1.441460e+01
    28  -1.563458e+00  -1.573796e+00  3.108814e-05  4.564520e+00  1.239941e-01  5.659736e-01  6.221633e-01  1.441749e+01
    29  -1.542526e+00  -1.552866e+00  3.591475e-05  4.562537e+00  1.239931e-01  5.657233e-01  6.224361e-01  1.442068e+01
    30  -1.521589e+00  -1.531931e+00  4.149073e-05  4.560354e+00  1.239921e-01  5.654477e-01  6.227367e-01  1.442419e+01
    31  -1.500649e+00  -1.510993e+00  4.793241e-05  4.557952e+00  1.239909e-01  5.651445e-01  6.230679e-01  1.442806e+01
    32  -1.479703e+00  -1.490050e+00  5.537419e-05  4.555308e+00  1.239896e-01  5.648108e-01  6.234328e-01  1.443232e+01
    33  -1.458752e+00  -1.469101e+00  6.397135e-05  4.552399e+00  1.239882e-01  5.644436e-01  6.238348e-01  1.443702e+01
    34  -1.437795e+00  -1.448147e+00  7.390325e-05  4.549197e+00  1.239866e-01  5.640395e-01  6.242777e-01  1.444219e+01
    35  -1.416832e+00  -1.427187e+00  8.537713e-05  4.545675e+00  1.239849e-01  5.635949e-01  6.247659e-01  1.444788e+01
    36  -1.395862e+00  -1.406220e+00  9.863237e-05  4.541799e+00  1.239830e-01  5.631057e-01  6.253038e-01  1.445416e+01
    37  -1.374884e+00  -1.385246e+00  1.139455e-04  4.537535e+00  1.239809e-01  5.625674e-01  6.258968e-01  1.446107e+01
    38  -1.353897e+00  -1.364264e+00  1.316361e-04  4.532844e+00  1.239785e-01  5.619753e-01  6.265504e-01  1.446869e+01
    39  -1.332901e+00  -1.343272e+00  1.520732e-04  4.527683e+00  1.239760e-01  5.613239e-01  6.272710e-01  1.447708e+01
    40  -1.311894e+00  -1.322270e+00  1.756831e-04  4.522007e+00  1.239732e-01  5.606074e-01  6.280655e-01  1.448633e+01
    41  -1.290876e+00  -1.301258e+00  2.029585e-04  4.515764e+00  1.239700e-01  5.598194e-01  6.289417e-01  1.449652e+01
    42  -1.269845e+00  -1.280233e+00  2.344683e-04  4.508899e+00  1.239666e-01  5.589529e-01  6.299081e-01  1.450775e+01
    43  -1.248800e+00  -1.259195e+00  2.708699e-04  4.501350e+00  1.239628e-01  5.580000e-01  6.309741e-01  1.452014e+01
    44  -1.227740e+00  -1.238142e+00  3.129227e-04  4.493050e+00  1.239587e-01  5.569524e-01  6.321503e-01  1.453379e+01
    45  -1.206662e+00  -1.217073e+00  3.615038e-04  4.483926e+00  1.239541e-01  5.558008e-01  6.334484e-01  1.454883e+01
    46  -1.185567e+00  -1.195986e+00  4.176266e-04  4.473898e+00  1.239490e-01  5.545350e-01  6.348812e-01  1.456543e+01
    47  -1.164450e+00  -1.174880e+00  4.824616e-04  4.462877e+00  1.239434e-01  5.531441e-01  6.364633e-01  1.458373e+01
    48  -1.143311e+00  -1.153752e+00  5.573610e-04  4.450769e+00  1.239372e-01  5.516159e-01  6.382107e-01  1.460392e+01
    49  -1.122147e+00  -1.132600e+00  6.438865e-04  4.437469e+00  1.239304e-01  5.499372e-01  6.401412e-01  1.462619e+01
    50  -1.100956e+00  -1.111422e+00  7.438424e-04  4.422863e+00  1.239228e-01  5.480936e-01  6.422748e-01  1.465077e+01
    51  -1.079735e+00  -1.090216e+00  8.593123e-04  4.406826e+00  1.239145e-01  5.460696e-01  6.446338e-01  1.467790e+01
    52  -1.058480e+00  -1.068977e+00  9.927029e-04  4.389223e+00  1.239053e-01  5.438480e-01  6.472431e-01  1.470784e+01
    53  -1.037189e+00  -1.047704e+00  1.146794e-03  4.369909e+00  1.238951e-01  5.414104e-01  6.501305e-01  1.474092e+01
    54  -1.015857e+00  -1.026392e+00  1.324795e-03  4.348723e+00  1.238839e-01  5.387367e-01  6.533274e-01  1.477745e+01
    55  -9.944814e-01  -1.005038e+00  1.530413e-03  4.325495e+00  1.238714e-01  5.358051e-01  6.568689e-01  1.481782e+01
    56  -9.730567e-01  -9.836369e-01  1.767929e-03  4.300037e+00  1.238576e-01  5.325924e-01  6.607946e-01  1.486245e+01
    57  -9.515782e-01  -9.621847e-01  2.042283e-03  4.272149e+00  1.238424e-01  5.290730e-01  6.651491e-01  1.491180e+01
    58  -9.300405e-01  -9.406759e-01  2.359180e-03  4.241615e+00  1.238254e-01  5.252199e-01  6.699830e-01  1.496639e+01
    59  -9.084377e-01  -9.191048e-01  2.725204e-03  4.208205e+00  1.238067e-01  5.210039e-01  6.753534e-01  1.502683e+01
    60  -8.867631e-01  -8.974652e-01  3.147951e-03  4.171670e+00  1.237859e-01  5.163938e-01  6.813253e-01  1.509375e+01
    61  -8.650096e-01  -8.757502e-01  3.636185e-03  4.131748e+00  1.237628e-01  5.113566e-01  6.879726e-01  1.516791e+01
    62  -8.431692e-01  -8.539521e-01  4.200015e-03  4.088161e+00  1.237371e-01  5.058570e-01  6.953799e-01  1.525014e+01
    63  -8.212332e-01  -8.320627e-01  4.851093e-03  4.040613e+00  1.237085e-01  4.998581e-01  7.036440e-01  1.534138e+01
    64  -7.991920e-01  -8.100727e-01  5.602845e-03  3.988798e+00  1.236766e-01  4.933211e-01  7.128763e-01  1.544269e+01
    65  -7.770351e-01  -7.879722e-01  6.470735e-03  3.932394e+00  1.236411e-01  4.862057e-01  7.232050e-01  1.555528e+01
    66  -7.547510e-01  -7.657501e-01  7.472559e-03  3.871074e+00  1.236015e-01  4.784706e-01  7.347789e-01  1.568051e+01
    67  -7.323271e-01  -7.433943e-01  8.628782e-03  3.804499e+00  1.235572e-01  4.700734e-01  7.477706e-01  1.581994e+01
    68  -7.097496e-01  -7.208916e-01  9.962910e-03  3.732334e+00  1.235077e-01  4.609718e-01  7.623819e-01  1.597536e+01
    69  -6.870034e-01  -6.982276e-01  1.150191e-02  3.654243e+00  1.234521e-01  4.511239e-01  7.788491e-01  1.614878e+01
    70  -6.640720e-01  -6.753864e-01  1.327668e-02  3.569907e+00  1.233897e-01  4.404896e-01  7.974505e-01  1.634256e+01
    71  -6.409377e-01  -6.523509e-01  1.532255e-02  3.479024e+00  1.233194e-01  4.290312e-01  8.185154e-01  1.655935e+01
    72  -6.175811e-01  -6.291024e-01  1.767980e-02  3.381327e+00  1.232403e-01  4.167156e-01  8.424354e-01  1.680227e+01
    73  -5.939812e-01  -6.056209e-01  2.039428e-02  3.276595e+00  1.231508e-01  4.035153e-01  8.696783e-01  1.707488e+01
    74  -5.701155e-01  -5.818844e-01  2.351794e-02  3.164671e+00  1.230495e-01  3.894112e-01  9.008064e-01  1.738135e+01
    75  -5.459600e-01  -5.578698e-01  2.710946e-02  3.045480e+00  1.229345e-01  3.743946e-01  9.364989e-01  1.772650e+01
    76  -5.214891e-01  -5.335522e-01  3.123472e-02  2.919051e+00  1.228036e-01  3.584700e-01  9.775810e-01  1.811596e+01
    77  -4.966759e-01  -5.089053e-01  3.596722e-02  2.785538e+00  1.226542e-01  3.416581e-01  1.025061e+00  1.855632e+01
    78  -4.714926e-01  -4.839017e-01  4.138837e-02  2.645252e+00  1.224832e-01  3.239991e-01  1.080176e+00  1.905530e+01
    79  -4.459103e-01  -4.585131e-01  4.758742e-02  2.498679e+00  1.222869e-01  3.055558e-01  1.144457e+00  1.962197e+01
    80  -4.199005e-01  -4.327107e-01  5.466106e-02  2.346508e+00  1.220608e-01  2.864167e-01  1.219803e+00  2.026696e+01
    81  -3.934350e-01  -4.064662e-01  6.271246e-02  2.189648e+00  1.217997e-01  2.666984e-01  1.308587e+00  2.100282e+01
    82  -3.664876e-01  -3.797523e-01  7.184958e-02  2.029243e+00  1.214971e-01  2.465471e-01  1.413784e+00  2.184428e+01
    83  -3.390351e-01  -3.525445e-01  8.218272e-02  1.866669e+00  1.211455e-01  2.261386e-01  1.539143e+00  2.280870e+01
    84  -3.110590e-01  -3.248218e-01  9.382090e-02  1.703523e+00  1.207359e-01  2.056763e-01  1.689405e+00  2.391639e+01
    85  -2.825478e-01  -2.965695e-01  1.068672e-01  1.541583e+00  1.202576e-01  1.853870e-01  1.870582e+00  2.519116e+01
    86  -2.534993e-01  -2.677808e-01  1.214132e-01  1.382756e+00  1.196981e-01  1.655133e-01  2.090311e+00  2.666069e+01
    87  -2.239229e-01  -2.384594e-01  1.375320e-01  1.228995e+00  1.190430e-01  1.463032e-01  2.358295e+00  2.835704e+01
    88  -1.938424e-01  -2.086222e-01  1.552715e-01  1.082199e+00  1.182758e-01  1.279980e-01  2.686858e+00  3.031699e+01
    89  -1.632984e-01  -1.783019e-01  1.746472e-01  9.441082e-01  1.173783e-01  1.108179e-01  3.091607e+00  3.258239e+01
    90  -1.323502e-01  -1.475487e-01  1.956363e-01  8.161861e-01  1.163307e-01  9.494754e-02  3.592225e+00  3.520026e+01
    91  -1.010766e-01  -1.164320e-01  2.181737e-01  6.995306e-01  1.151125e-01  8.052473e-02  4.213393e+00  3.822286e+01
    92  -6.957531e-02  -8.504042e-02  2.421510e-01  5.948069e-01  1.137034e-01  6.763154e-02  4.985829e+00  4.170740e+01
    93  -3.796094e-02  -5.348052e-02  2.674181e-01  5.022237e-01  1.120847e-01  5.629157e-02  5.947435e+00  4.571578e+01
    94  -6.361179e-03  -2.187372e-02  2.937894e-01  4.215541e-01  1.102412e-01  4.647262e-02  7.144548e+00  5.031404e+01
    95  2.508867e-02  9.648367e-03  3.210518e-01  3.521965e-01  1.081628e-01  3.809457e-02  8.633282e+00  5.557203e+01
    96  5.625223e-02  4.094992e-02  3.489753e-01  2.932637e-01  1.058466e-01  3.104096e-02  1.048101e+01  6.156307e+01
    97  8.699901e-02  7.189766e-02  3.773243e-01  2.436854e-01  1.032975e-01  2.517210e-02  1.276808e+01  6.836410e+01
    98  1.172109e-01  1.023676e-01  4.058679e-01  2.023071e-01  1.005299e-01  2.033791e-02  1.558983e+01  7.605621e+01
    99  1.467880e-01  1.322512e-01  4.343890e-01  1.679745e-01  9.756671e-02  1.638872e-02  1.905925e+01  8.472573e+01
   100  1.756519e-01  1.614597e-01  4.626914e-01  1.395959e-01  9.443928e-02  1.318333e-02  2.331047e+01  9.446592e+01
   101  2.037487e-01  1.899275e-01  4.906037e-01  1.161826e-01  9.118541e-02  1.059415e-02  2.850338e+01  1.053791e+02
   102  2.310485e-01  2.176131e-01  5.179815e-01  9.686857e-02  8.784749e-02  8.509660e-03  3.482992e+01  1.175795e+02
   103  2.575451e-01  2.444989e-01  5.447074e-01  8.091537e-02  8.447018e-02  6.834936e-03  4.252235e+01  1.311960e+02
   104  2.832532e-01  2.705894e-01  5.706899e-01  6.770609e-02  8.109810e-02  5.490835e-03  5.186411e+01  1.463756e+02
   105  3.082057e-01  2.959087e-01  5.958607e-01  5.673370e-02  7.777357e-02  4.412383e-03  6.320375e+01  1.632868e+02
   106  3.324506e-01  3.204973e-01  6.201722e-01  4.758659e-02  7.453465e-02  3.546850e-03  7.697263e+01  1.821237e+02
   107  3.560468e-01  3.444089e-01  6.435941e-01  3.993359e-02  7.141335e-02  2.851791e-03  9.370698e+01  2.031089e+02
   108  3.790612e-01  3.677064e-01  6.661110e-01  3.350985e-02  6.843427e-02  2.293222e-03  1.140751e+02  2.264982e+02
   109  4.015650e-01  3.904589e-01  6.877192e-01  2.810413e-02  6.561357e-02  1.844013e-03  1.389098e+02  2.525840e+02
   110  4.236299e-01  4.127376e-01  7.084244e-01  2.354770e-02  6.295852e-02  1.482529e-03  1.692482e+02  2.816996e+02
   111  4.453256e-01  4.346132e-01  7.282399e-01  1.970496e-02  6.046773e-02  1.191514e-03  2.063776e+02  3.142232e+02
   112  4.667165e-01  4.561527e-01  7.471843e-01  1.646565e-02  5.813218e-02  9.571842e-04  2.518911e+02  3.505823e+02
   113  4.878600e-01  4.774169e-01  7.652806e-01  1.373871e-02  5.593711e-02  7.685038e-04  3.077542e+02  3.912594e+02
   114  5.088053e-01  4.984589e-01  7.825545e-01  1.144756e-02  5.386458e-02  6.166179e-04  3.763878e+02  4.367971e+02
   115  5.295931e-01  5.193236e-01  7.990340e-01  9.526791e-03  5.189610e-02  4.944033e-04  4.607719e+02  4.878060e+02
   116  5.502565e-01  5.400477e-01  8.147479e-01  7.920003e-03  5.001503e-02  3.961192e-04  5.645785e+02  5.449728e+02
   117  5.708219e-01  5.606609e-01  8.297260e-01  6.578409e-03  4.820799e-02  3.171319e-04  6.923403e+02  6.090709e+02
   118  5.913110e-01  5.811873e-01  8.439981e-01  5.459966e-03  4.646516e-02  2.536982e-04  8.496624e+02  6.809718e+02
   119  6.117414e-01  6.016463e-01  8.575939e-01  4.528686e-03  4.477986e-02  2.027939e-04  1.043486e+03  7.616586e+02
   120  6.321283e-01  6.220545e-01  8.705426e-01  3.753997e-03  4.314763e-02  1.619761e-04  1.282412e+03  8.522409e+02
   121  6.524848e-01  6.424258e-01  8.828727e-01  3.110089e-03  4.156539e-02  1.292721e-04  1.577107e+03  9.539716e+02
   122  6.728220e-01  6.627724e-01  8.946121e-01  2.575266e-03  4.003084e-02  1.030901e-04  1.940799e+03  1.068266e+03
   123  6.931497e-01  6.831048e-01  9.057878e-01  2.131343e-03  3.854213e-02  8.214650e-05  2.389895e+03  1.196722e+03
   124  7.134764e-01  7.034320e-01  9.164257e-01  1.763099e-03  3.709771e-02  6.540694e-05  2.944759e+03  1.341145e+03
   125  7.338093e-01  7.237619e-01  9.265508e-01  1.457815e-03  3.569623e-02  5.203850e-05  3.630667e+03  1.503576e+03
   126  7.541546e-01  7.441011e-01  9.361874e-01  1.204869e-03  3.433653e-02  4.137103e-05  4.479008e+03  1.686319e+03
   127  7.745173e-01  7.644553e-01  9.453584e-01  9.954021e-04  3.301758e-02  3.286577e-05  5.528774e+03  1.891977e+03
   128  7.949019e-01  7.848292e-01  9.540859e-01  8.220286e-04  3.173848e-02  2.608994e-05  6.828417e+03  2.123495e+03
   129  8.153119e-01  8.052268e-01  9.623912e-01  6.785993e-04  3.049843e-02  2.069622e-05  8.438162e+03  2.384198e+03
   130  8.357501e-01  8.256512e-01  9.702943e-01  5.599974e-04  2.929669e-02  1.640607e-05  1.043289e+04  2.677845e+03
   131  8.562188e-01  8.461050e-01  9.778146e-01  4.619683e-04  2.813257e-02  1.299635e-05  1.290575e+04  3.008687e+03
   132  8.767198e-01  8.665903e-01  9.849704e-01  3.809774e-04  2.700541e-02  1.028845e-05  1.597259e+04  3.381526e+03
   133  8.972543e-01  8.871084e-01  9.917793e-01  3.140899e-04  2.591460e-02  8.139513e-06  1.977761e+04  3.801794e+03
   134  9.178233e-01  9.076606e-01  9.982581e-01  2.588706e-04  2.485950e-02  6.435395e-06  2.450028e+04  4.275631e+03
   135  9.384274e-01  9.282475e-01  1.004423e+00  2.133005e-04  2.383950e-02  5.084978e-06  3.036403e+04  4.809980e+03
   136  9.590667e-01  9.488696e-01  1.010288e+00  1.757063e-04  2.285397e-02  4.015586e-06  3.764713e+04  5.412692e+03
   137  9.797413e-01  9.695270e-01  1.015869e+00  1.447019e-04  2.190229e-02  3.169303e-06  4.669615e+04  6.092646e+03
   138  1.000451e+00  9.902196e-01  1.021179e+00  1.191400e-04  2.098382e-02  2.500012e-06  5.794288e+04  6.859883e+03
   139  1.021196e+00  1.010947e+00  1.026232e+00  9.807169e-05  2.009784e-02  1.971029e-06  7.192529e+04  7.725760e+03
   140  1.041974e+00  1.031709e+00  1.031039e+00  8.071172e-05  1.924370e-02  1.553192e-06  8.931390e+04  8.703123e+03
   141  1.062787e+00  1.052505e+00  1.035613e+00  6.641116e-05  1.842070e-02  1.223340e-06  1.109445e+05  9.806503e+03
   142  1.083632e+00  1.073334e+00  1.039965e+00  5.463379e-05  1.762813e-02  9.630913e-07  1.378592e+05  1.105234e+04
   143  1.104509e+00  1.094196e+00  1.044106e+00  4.493674e-05  1.686524e-02  7.578689e-07  1.713571e+05  1.245922e+04
   144  1.125417e+00  1.115089e+00  1.048045e+00  3.695436e-05  1.613130e-02  5.961219e-07  2.130589e+05  1.404819e+04
   145  1.146356e+00  1.136013e+00  1.051794e+00  3.038485e-05  1.542557e-02  4.687036e-07  2.649856e+05  1.584304e+04
   146  1.167324e+00  1.156966e+00  1.055360e+00  2.497894e-05  1.474746e-02  3.683759e-07  3.296608e+05  1.787073e+04
   147  1.188320e+00  1.177949e+00  1.058754e+00  2.053187e-05  1.409590e-02  2.894152e-07  4.102278e+05  2.016170e+04
   148  1.209344e+00  1.198959e+00  1.061983e+00  1.687409e-05  1.347024e-02  2.272981e-07  5.106131e+05  2.275044e+04
   149  1.230394e+00  1.219996e+00  1.065054e+00  1.386604e-05  1.286972e-02  1.784520e-07  6.357159e+05  2.567598e+04
   150  1.251469e+00  1.241060e+00  1.067977e+00  1.139272e-05  1.229356e-02  1.400571e-07  7.916511e+05  2.898246e+04
   151  1.272569e+00  1.262148e+00  1.070758e+00  9.359403e-06  1.174099e-02  1.098886e-07  9.860513e+05  3.271986e+04
   152  1.293693e+00  1.283259e+00  1.073404e+00  7.688070e-06  1.121124e-02  8.619279e-08  1.228445e+06  3.694472e+04
   153  1.314839e+00  1.304394e+00  1.075922e+00  6.314476e-06  1.070355e-02  6.758733e-08  1.530730e+06  4.172104e+04
   154  1.336006e+00  1.325551e+00  1.078317e+00  5.185736e-06  1.021718e-02  5.298360e-08  1.907761e+06  4.712127e+04
   155  1.357194e+00  1.346729e+00  1.080596e+00  4.258327e-06  9.751378e-03  4.152455e-08  2.378089e+06  5.322741e+04
   156  1.378402e+00  1.367928e+00  1.082764e+00  3.496432e-06  9.305415e-03  3.253575e-08  2.964880e+06  6.013224e+04
   157  1.399629e+00  1.389145e+00  1.084827e+00  2.870587e-06  8.878574e-03  2.548672e-08  3.697070e+06  6.794083e+04
   158  1.420874e+00  1.410382e+00  1.086790e+00  2.356556e-06  8.470151e-03  1.996038e-08  4.610804e+06  7.677209e+04
   159  1.442137e+00  1.431636e+00  1.088658e+00  1.934408e-06  8.079456e-03  1.562896e-08  5.751232e+06  8.676063e+04
   160  1.463416e+00  1.452907e+00  1.090435e+00  1.587754e-06  7.705817e-03  1.223494e-08  7.174761e+06  9.805886e+04
   161  1.484711e+00  1.474194e+00  1.092125e+00  1.303121e-06  7.348576e-03  9.576084e-09  8.951868e+06  1.108393e+05
   162  1.506021e+00  1.495497e+00  1.093734e+00  1.069434e-06  7.007093e-03  7.493625e-09  1.117061e+07  1.252973e+05
   163  1.527346e+00  1.516814e+00  1.095264e+00  8.775913e-07  6.680745e-03  5.862964e-09  1.394104e+07  1.416541e+05
   164  1.548684e+00  1.538146e+00  1.096721e+00  7.201129e-07  6.368929e-03  4.586348e-09  1.740068e+07  1.601601e+05
   165  1.570036e+00  1.559491e+00  1.098106e+00  5.908533e-07  6.071057e-03  3.587104e-09  2.172142e+07  1.810989e+05
   166  1.591401e+00  1.580850e+00  1.099424e+00  4.847637e-07  5.786563e-03  2.805116e-09  2.711812e+07  2.047917e+05
   167  1.612778e+00  1.602221e+00  1.100678e+00  3.976970e-07  5.514897e-03  2.193258e-09  3.385937e+07  2.316023e+05
   168  1.634167e+00  1.623604e+00  1.101872e+00  3.262467e-07  5.255534e-03  1.714600e-09  4.228102e+07  2.619427e+05
   169  1.655590e+00  1.645011e+00  1.103007e+00  2.673086e-07  5.013649e-03  1.340191e-09  5.283359e+07  2.962814e+05
   170  1.676999e+00  1.666426e+00  1.104088e+00  2.195150e-07  4.771761e-03  1.047473e-09  6.594721e+07  3.351323e+05
   171  1.698418e+00  1.687840e+00  1.105115e+00  1.800489e-07  4.546388e-03  8.185720e-10  8.237139e+07  3.791048e+05
   172  1.719847e+00  1.709265e+00  1.106093e+00  1.476687e-07  4.331375e-03  6.396087e-10  1.028960e+08  4.288749e+05
   173  1.741287e+00  1.730700e+00  1.107024e+00  1.211041e-07  4.126274e-03  4.997087e-10  1.285471e+08  4.852096e+05
   174  1.762738e+00  1.752145e+00  1.107909e+00  9.931180e-08  3.930658e-03  3.903607e-10  1.606078e+08  5.489777e+05
   175  1.784198e+00  1.773601e+00  1.108751e+00  8.143561e-08  3.744116e-03  3.049044e-10  2.006832e+08  6.211635e+05
   176  1.805669e+00  1.795066e+00  1.109553e+00  6.677276e-08  3.566252e-03  2.381285e-10  2.507810e+08  7.028815e+05
   177  1.827150e+00  1.816542e+00  1.110315e+00  5.474645e-08  3.396682e-03  1.859563e-10  3.134127e+08  7.953941e+05
   178  1.848640e+00  1.838028e+00  1.111041e+00  4.488333e-08  3.235038e-03  1.451993e-10  3.917196e+08  9.001307e+05
   179  1.870141e+00  1.859524e+00  1.111731e+00  3.679491e-08  3.080964e-03  1.133638e-10  4.896311e+08  1.018710e+06
   180  1.891651e+00  1.881029e+00  1.112388e+00  3.016240e-08  2.934116e-03  8.849998e-11  6.120621e+08  1.152965e+06
   181  1.913170e+00  1.902544e+00  1.113013e+00  2.472419e-08  2.794164e-03  6.908343e-11  7.651596e+08  1.304971e+06
   182  1.934698e+00  1.924067e+00  1.113607e+00  2.026561e-08  2.660787e-03  5.392246e-11  9.566109e+08  1.477076e+06
   183  1.956234e+00  1.945600e+00  1.114173e+00  1.661050e-08  2.533679e-03  4.208567e-11  1.196029e+09  1.671940e+06
   184  1.977778e+00  1.967140e+00  1.114711e+00  1.361433e-08  2.412541e-03  3.284514e-11  1.495431e+09  1.892571e+06
   185  1.999329e+00  1.988687e+00  1.115223e+00  1.115851e-08  2.297090e-03  2.563210e-11  1.869842e+09  2.142376e+06
   186  2.020885e+00  2.010241e+00  1.115710e+00  9.145729e-09  2.187051e-03  2.000218e-11  2.338041e+09  2.425209e+06
   187  2.042446e+00  2.031799e+00  1.116174e+00  7.496174e-09  2.082162e-03  1.560825e-11  2.923500e+09  2.745432e+06
   188  2.064009e+00  2.053361e+00  1.116615e+00  6.144366e-09  1.982168e-03  1.217917e-11  3.655549e+09  3.107986e+06
   189  2.085575e+00  2.074926e+00  1.117035e+00  5.036597e-09  1.886831e-03  9.503205e-12  4.570843e+09  3.518461e+06
   190  2.107140e+00  2.096491e+00  1.117434e+00  4.128824e-09  1.795918e-03  7.415030e-12  5.715186e+09  3.983193e+06
   191  2.128704e+00  2.118056e+00  1.117814e+00  3.384931e-09  1.709211e-03  5.785562e-12  7.145824e+09  4.509361e+06
   192  2.150265e+00  2.139618e+00  1.118175e+00  2.775311e-09  1.626500e-03  4.514043e-12  8.934317e+09  5.105108e+06
   193  2.171821e+00  2.161177e+00  1.118519e+00  2.275692e-09  1.547586e-03  3.521829e-12  1.117015e+10  5.779678e+06
   194  2.193372e+00  2.182730e+00  1.118846e+00  1.866185e-09  1.472281e-03  2.747549e-12  1.396529e+10  6.543575e+06
   195  2.214916e+00  2.204278e+00  1.119158e+00  1.530494e-09  1.400404e-03  2.143310e-12  1.745990e+10  7.408755e+06
   196  2.236453e+00  2.225818e+00  1.119454e+00  1.255268e-09  1.331787e-03  1.671749e-12  2.182963e+10  8.388846e+06
   197  2.257984e+00  2.247352e+00  1.119736e+00  1.029572e-09  1.266267e-03  1.303713e-12  2.729485e+10  9.499413e+06
   198  2.279509e+00  2.268880e+00  1.120004e+00  8.444514e-10  1.203693e-03  1.016460e-12  3.413245e+10  1.075827e+07
   199  2.301030e+00  2.290403e+00  1.120259e+00  6.925752e-10  1.143918e-03  7.922492e-13  4.269093e+10  1.218588e+07
