     i         log_r      log_rmid             m           rho            v2             p        trelax            kn
     0  -2.038472e+00  -2.339502e+00  5.465149e-07  2.138652e+00  1.322565e-01  2.828506e-01  1.285735e+00  2.039432e+01
     1  -2.017564e+00  -2.027893e+00  6.313647e-07  2.136995e+00  1.323277e-01  2.827836e-01  1.286386e+00  2.039674e+01
     2  -1.996674e+00  -2.006993e+00  7.293881e-07  2.138647e+00  1.322223e-01  2.827768e-01  1.285904e+00  2.039698e+01
     3  -1.975774e+00  -1.986098e+00  8.426301e-07  2.137664e+00  1.322797e-01  2.827694e-01  1.286217e+00  2.039725e+01
     4  -1.954878e+00  -1.965200e+00  9.734537e-07  2.138008e+00  1.322545e-01  2.827612e-01  1.286132e+00  2.039754e+01
     5  -1.933980e+00  -1.944303e+00  1.124588e-06  2.137802e+00  1.322630e-01  2.827522e-01  1.286214e+00  2.039787e+01
     6  -1.913083e+00  -1.923406e+00  1.299188e-06  2.137777e+00  1.322599e-01  2.827422e-01  1.286244e+00  2.039823e+01
     7  -1.892186e+00  -1.902509e+00  1.500895e-06  2.137689e+00  1.322603e-01  2.827313e-01  1.286296e+00  2.039862e+01
     8  -1.871289e+00  -1.881612e+00  1.733918e-06  2.137607e+00  1.322597e-01  2.827192e-01  1.286348e+00  2.039906e+01
     9  -1.850391e+00  -1.860714e+00  2.003120e-06  2.137515e+00  1.322591e-01  2.827060e-01  1.286406e+00  2.039954e+01
    10  -1.829493e+00  -1.839817e+00  2.314117e-06  2.137413e+00  1.322586e-01  2.826914e-01  1.286470e+00  2.040006e+01
    11  -1.808595e+00  -1.818919e+00  2.673398e-06  2.137302e+00  1.322580e-01  2.826753e-01  1.286540e+00  2.040064e+01
    12  -1.787697e+00  -1.798020e+00  3.088459e-06  2.137179e+00  1.322573e-01  2.826576e-01  1.286617e+00  2.040128e+01
    13  -1.766798e+00  -1.777121e+00  3.567962e-06  2.137043e+00  1.322566e-01  2.826381e-01  1.286702e+00  2.040199e+01
    14  -1.745898e+00  -1.756222e+00  4.121910e-06  2.136894e+00  1.322558e-01  2.826166e-01  1.286796e+00  2.040276e+01
    15  -1.724998e+00  -1.735322e+00  4.761863e-06  2.136730e+00  1.322549e-01  2.825930e-01  1.286899e+00  2.040361e+01
    16  -1.704097e+00  -1.714422e+00  5.501171e-06  2.136550e+00  1.322539e-01  2.825670e-01  1.287013e+00  2.040455e+01
    17  -1.683196e+00  -1.693521e+00  6.355263e-06  2.136351e+00  1.322528e-01  2.825384e-01  1.287138e+00  2.040559e+01
    18  -1.662293e+00  -1.672619e+00  7.341957e-06  2.136132e+00  1.322516e-01  2.825069e-01  1.287275e+00  2.040672e+01
    19  -1.641390e+00  -1.651716e+00  8.481841e-06  2.135891e+00  1.322503e-01  2.824722e-01  1.287427e+00  2.040798e+01
    20  -1.620486e+00  -1.630812e+00  9.798699e-06  2.135626e+00  1.322488e-01  2.824340e-01  1.287594e+00  2.040936e+01
    21  -1.599580e+00  -1.609907e+00  1.132001e-05  2.135334e+00  1.322472e-01  2.823919e-01  1.287778e+00  2.041088e+01
    22  -1.578674e+00  -1.589001e+00  1.307751e-05  2.135012e+00  1.322454e-01  2.823456e-01  1.287981e+00  2.041255e+01
    23  -1.557766e+00  -1.568094e+00  1.510787e-05  2.134658e+00  1.322435e-01  2.822947e-01  1.288204e+00  2.041439e+01
    24  -1.536856e+00  -1.547185e+00  1.745346e-05  2.134269e+00  1.322413e-01  2.822386e-01  1.288449e+00  2.041642e+01
    25  -1.515945e+00  -1.526275e+00  2.016322e-05  2.133840e+00  1.322390e-01  2.821768e-01  1.288720e+00  2.041865e+01
    26  -1.495032e+00  -1.505363e+00  2.329368e-05  2.133368e+00  1.322364e-01  2.821088e-01  1.289017e+00  2.042111e+01
    27  -1.474117e+00  -1.484449e+00  2.691017e-05  2.132848e+00  1.322335e-01  2.820340e-01  1.289346e+00  2.042382e+01
    28  -1.453200e+00  -1.463533e+00  3.108814e-05  2.132276e+00  1.322303e-01  2.819516e-01  1.289707e+00  2.042681e+01
    29  -1.432280e+00  -1.442614e+00  3.591475e-05  2.131646e+00  1.322269e-01  2.818609e-01  1.290105e+00  2.043009e+01
    30  -1.411358e+00  -1.421693e+00  4.149073e-05  2.130953e+00  1.322230e-01  2.817611e-01  1.290543e+00  2.043371e+01
    31  -1.390433e+00  -1.400769e+00  4.793241e-05  2.130191e+00  1.322188e-01  2.816513e-01  1.291026e+00  2.043770e+01
    32  -1.369504e+00  -1.379842e+00  5.537419e-05  2.129351e+00  1.322142e-01  2.815303e-01  1.291558e+00  2.044208e+01
    33  -1.348572e+00  -1.358912e+00  6.397135e-05  2.128427e+00  1.322090e-01  2.813973e-01  1.292143e+00  2.044692e+01
    34  -1.327636e+00  -1.337977e+00  7.390325e-05  2.127410e+00  1.322034e-01  2.812508e-01  1.292789e+00  2.045224e+01
    35  -1.306695e+00  -1.317039e+00  8.537713e-05  2.126290e+00  1.321972e-01  2.810896e-01  1.293500e+00  2.045810e+01
    36  -1.285750e+00  -1.296096e+00  9.863237e-05  2.125058e+00  1.321903e-01  2.809122e-01  1.294283e+00  2.046456e+01
    37  -1.264799e+00  -1.275148e+00  1.139455e-04  2.123703e+00  1.321828e-01  2.807170e-01  1.295146e+00  2.047168e+01
    38  -1.243842e+00  -1.254194e+00  1.316361e-04  2.122211e+00  1.321745e-01  2.805021e-01  1.296097e+00  2.047952e+01
    39  -1.222879e+00  -1.233234e+00  1.520732e-04  2.120569e+00  1.321653e-01  2.802658e-01  1.297146e+00  2.048815e+01
    40  -1.201909e+00  -1.212268e+00  1.756831e-04  2.118763e+00  1.321553e-01  2.800057e-01  1.298301e+00  2.049766e+01
    41  -1.180931e+00  -1.191294e+00  2.029585e-04  2.116776e+00  1.321441e-01  2.797195e-01  1.299574e+00  2.050815e+01
    42  -1.159945e+00  -1.170311e+00  2.344683e-04  2.114589e+00  1.321319e-01  2.794047e-01  1.300978e+00  2.051969e+01
    43  -1.138949e+00  -1.149320e+00  2.708699e-04  2.112184e+00  1.321184e-01  2.790585e-01  1.302526e+00  2.053242e+01
    44  -1.117943e+00  -1.128319e+00  3.129227e-04  2.109539e+00  1.321036e-01  2.786776e-01  1.304233e+00  2.054645e+01
    45  -1.096925e+00  -1.107307e+00  3.615038e-04  2.106629e+00  1.320872e-01  2.782586e-01  1.306116e+00  2.056191e+01
    46  -1.075895e+00  -1.086283e+00  4.176266e-04  2.103429e+00  1.320691e-01  2.777980e-01  1.308192e+00  2.057895e+01
    47  -1.054851e+00  -1.065245e+00  4.824616e-04  2.099910e+00  1.320492e-01  2.772914e-01  1.310483e+00  2.059774e+01
    48  -1.033792e+00  -1.044194e+00  5.573610e-04  2.096040e+00  1.320273e-01  2.767345e-01  1.313012e+00  2.061846e+01
    49  -1.012716e+00  -1.023126e+00  6.438865e-04  2.091787e+00  1.320031e-01  2.761223e-01  1.315802e+00  2.064130e+01
    50  -9.916211e-01  -1.002040e+00  7.438424e-04  2.087111e+00  1.319764e-01  2.754494e-01  1.318883e+00  2.066650e+01
    51  -9.705065e-01  -9.809355e-01  8.593123e-04  2.081973e+00  1.319470e-01  2.747100e-01  1.322285e+00  2.069429e+01
    52  -9.493695e-01  -9.598094e-01  9.927029e-04  2.076327e+00  1.319145e-01  2.738976e-01  1.326044e+00  2.072496e+01
    53  -9.282081e-01  -9.386599e-01  1.146794e-03  2.070125e+00  1.318787e-01  2.730053e-01  1.330198e+00  2.075880e+01
    54  -9.070198e-01  -9.174847e-01  1.324795e-03  2.063313e+00  1.318391e-01  2.720254e-01  1.334789e+00  2.079616e+01
    55  -8.858019e-01  -8.962813e-01  1.530413e-03  2.055833e+00  1.317955e-01  2.709495e-01  1.339868e+00  2.083740e+01
    56  -8.645515e-01  -8.750467e-01  1.767929e-03  2.047623e+00  1.317473e-01  2.697687e-01  1.345486e+00  2.088296e+01
    57  -8.432654e-01  -8.537781e-01  2.042283e-03  2.038613e+00  1.316941e-01  2.684732e-01  1.351706e+00  2.093328e+01
    58  -8.219402e-01  -8.324719e-01  2.359180e-03  2.028729e+00  1.316353e-01  2.670523e-01  1.358594e+00  2.098890e+01
    59  -8.005719e-01  -8.111246e-01  2.725204e-03  2.017891e+00  1.315703e-01  2.654945e-01  1.366229e+00  2.105038e+01
    60  -7.791564e-01  -7.897322e-01  3.147951e-03  2.006012e+00  1.314984e-01  2.637874e-01  1.374695e+00  2.111839e+01
    61  -7.576892e-01  -7.682902e-01  3.636185e-03  1.992997e+00  1.314190e-01  2.619177e-01  1.384090e+00  2.119363e+01
    62  -7.361651e-01  -7.467938e-01  4.200015e-03  1.978747e+00  1.313311e-01  2.598710e-01  1.394524e+00  2.127693e+01
    63  -7.145789e-01  -7.252379e-01  4.851093e-03  1.963153e+00  1.312338e-01  2.576319e-01  1.406122e+00  2.136918e+01
    64  -6.929246e-01  -7.036168e-01  5.602845e-03  1.946099e+00  1.311260e-01  2.551841e-01  1.419027e+00  2.147143e+01
    65  -6.711958e-01  -6.819243e-01  6.470735e-03  1.927463e+00  1.310065e-01  2.525103e-01  1.433400e+00  2.158481e+01
    66  -6.493856e-01  -6.601538e-01  7.472559e-03  1.907116e+00  1.308741e-01  2.495920e-01  1.449426e+00  2.171063e+01
    67  -6.274864e-01  -6.382980e-01  8.628782e-03  1.884919e+00  1.307272e-01  2.464101e-01  1.467318e+00  2.185035e+01
    68  -6.054903e-01  -6.163491e-01  9.962910e-03  1.860731e+00  1.305640e-01  2.429446e-01  1.487320e+00  2.200565e+01
    69  -5.833886e-01  -5.942989e-01  1.150191e-02  1.834405e+00  1.303828e-01  2.391748e-01  1.509714e+00  2.217839e+01
    70  -5.611722e-01  -5.721384e-01  1.327668e-02  1.805787e+00  1.301813e-01  2.350797e-01  1.534826e+00  2.237073e+01
    71  -5.388311e-01  -5.498580e-01  1.532255e-02  1.774726e+00  1.299571e-01  2.306381e-01  1.563036e+00  2.258511e+01
    72  -5.163552e-01  -5.274477e-01  1.767980e-02  1.741067e+00  1.297073e-01  2.258292e-01  1.594785e+00  2.282431e+01
    73  -4.937336e-01  -5.048971e-01  2.039428e-02  1.704664e+00  1.294290e-01  2.206330e-01  1.630592e+00  2.309152e+01
    74  -4.709552e-01  -4.821951e-01  2.351794e-02  1.665376e+00  1.291184e-01  2.150307e-01  1.671066e+00  2.339039e+01
    75  -4.480088e-01  -4.593305e-01  2.710946e-02  1.623074e+00  1.287717e-01  2.090060e-01  1.716925e+00  2.372512e+01
    76  -4.248828e-01  -4.362919e-01  3.123472e-02  1.577652e+00  1.283841e-01  2.025455e-01  1.769021e+00  2.410053e+01
    77  -4.015663e-01  -4.130681e-01  3.596722e-02  1.529029e+00  1.279505e-01  1.956400e-01  1.828367e+00  2.452217e+01
    78  -3.780487e-01  -3.896483e-01  4.138837e-02  1.477158e+00  1.274651e-01  1.882861e-01  1.896171e+00  2.499647e+01
    79  -3.543204e-01  -3.660225e-01  4.758742e-02  1.422038e+00  1.269214e-01  1.804870e-01  1.973883e+00  2.553082e+01
    80  -3.303736e-01  -3.421820e-01  5.466106e-02  1.363725e+00  1.263118e-01  1.722545e-01  2.063247e+00  2.613379e+01
    81  -3.062028e-01  -3.181201e-01  6.271246e-02  1.302338e+00  1.256283e-01  1.636105e-01  2.166369e+00  2.681527e+01
    82  -2.818053e-01  -2.938328e-01  7.184958e-02  1.238077e+00  1.248617e-01  1.545884e-01  2.285798e+00  2.758668e+01
    83  -2.571827e-01  -2.693195e-01  8.218272e-02  1.171224e+00  1.240022e-01  1.452344e-01  2.424628e+00  2.846118e+01
    84  -2.323412e-01  -2.445843e-01  9.382090e-02  1.102159e+00  1.230393e-01  1.356089e-01  2.586627e+00  2.945396e+01
    85  -2.072931e-01  -2.196366e-01  1.068672e-01  1.031356e+00  1.219617e-01  1.257859e-01  2.776386e+00  3.058242e+01
    86  -1.820576e-01  -1.944921e-01  1.214132e-01  9.593813e-01  1.207582e-01  1.158531e-01  2.999511e+00  3.186647e+01
    87  -1.566613e-01  -1.691738e-01  1.375320e-01  8.868879e-01  1.194175e-01  1.059100e-01  3.262851e+00  3.332878e+01
    88  -1.311388e-01  -1.437126e-01  1.552715e-01  8.145922e-01  1.179295e-01  9.606447e-02  3.574773e+00  3.499503e+01
    89  -1.055324e-01  -1.181469e-01  1.746472e-01  7.432496e-01  1.162854e-01  8.642911e-02  3.945506e+00  3.689417e+01
    90  -7.989166e-02  -9.252285e-02  1.956363e-01  6.736204e-01  1.144791e-01  7.711549e-02  4.387545e+00  3.905863e+01
    91  -5.427136e-02  -6.689261e-02  2.181737e-01  6.064323e-01  1.125080e-01  6.822851e-02  4.916159e+00  4.152454e+01
    92  -2.872973e-02  -4.131281e-02  2.421510e-01  5.423419e-01  1.103741e-01  5.986049e-02  5.550004e+00  4.433203e+01
    93  -3.325425e-03  -1.584185e-02  2.674181e-01  4.819016e-01  1.080846e-01  5.208613e-02  6.311895e+00  4.752551e+01
    94  2.188569e-02  9.463045e-03  2.937894e-01  4.255345e-01  1.056528e-01  4.495891e-02  7.229774e+00  5.115404e+01
    95  4.685376e-02  3.454913e-02  3.210518e-01  3.735220e-01  1.030981e-01  3.850939e-02  8.337936e+00  5.527191e+01
    96  7.153793e-02  5.937119e-02  3.489753e-01  3.260040e-01  1.004451e-01  3.274552e-02  9.678601e+00  5.993932e+01
    97  9.590860e-02  8.389419e-02  3.773243e-01  2.829905e-01  9.772332e-02  2.765477e-02  1.130392e+01  6.522330e+01
    98  1.199488e-01  1.080950e-01  4.058679e-01  2.443819e-01  9.496456e-02  2.320762e-02  1.327854e+01  7.119877e+01
    99  1.436546e-01  1.319634e-01  4.343890e-01  2.099939e-01  9.220143e-02  1.936174e-02  1.568283e+01  7.794990e+01
   100  1.670342e-01  1.555017e-01  4.626914e-01  1.795831e-01  8.946462e-02  1.606634e-02  1.861696e+01  8.557154e+01
   101  1.901064e-01  1.787235e-01  4.906037e-01  1.528692e-01  8.678057e-02  1.326608e-02  2.220592e+01  9.417086e+01
   102  2.128981e-01  2.016518e-01  5.179815e-01  1.295536e-01  8.416934e-02  1.090444e-02  2.660563e+01  1.038690e+02
   103  2.354416e-01  2.243161e-01  5.447074e-01  1.093323e-01  8.164322e-02  8.926239e-03  3.201043e+01  1.148031e+02
   104  2.577712e-01  2.467499e-01  5.706899e-01  9.190417e-02  7.920622e-02  7.279382e-03  3.866207e+01  1.271278e+02
   105  2.799207e-01  2.689871e-01  5.958607e-01  7.697630e-02  7.685474e-02  5.915994e-03  4.686058e+01  1.410178e+02
   106  3.019210e-01  2.910601e-01  6.201722e-01  6.426678e-02  7.457932e-02  4.792973e-03  5.697761e+01  1.566698e+02
   107  3.237986e-01  3.129975e-01  6.435941e-01  5.350729e-02  7.236714e-02  3.872170e-03  6.947304e+01  1.743053e+02
   108  3.455754e-01  3.348235e-01  6.661110e-01  4.444558e-02  7.020477e-02  3.120292e-03  8.491572e+01  1.941736e+02
   109  3.672682e-01  3.565572e-01  6.877192e-01  3.684805e-02  6.808052e-02  2.508634e-03  1.040097e+02  2.165554e+02
   110  3.888901e-01  3.782137e-01  7.084244e-01  3.050211e-02  6.598588e-02  2.012708e-03  1.276276e+02  2.417672e+02
   111  4.104511e-01  3.998044e-01  7.282399e-01  2.521773e-02  6.391593e-02  1.611815e-03  1.568518e+02  2.701657e+02
   112  4.319593e-01  4.213383e-01  7.471843e-01  2.082796e-02  6.186894e-02  1.288604e-03  1.930265e+02  3.021538e+02
   113  4.534215e-01  4.428230e-01  7.652806e-01  1.718823e-02  5.984550e-02  1.028638e-03  2.378226e+02  3.381867e+02
   114  4.748436e-01  4.642646e-01  7.825545e-01  1.417487e-02  5.784763e-02  8.199829e-04  2.933175e+02  3.787786e+02
   115  4.962313e-01  4.856691e-01  7.990340e-01  1.168307e-02  5.587802e-02  6.528268e-04  3.620950e+02  4.245108e+02
   116  5.175895e-01  5.070416e-01  8.147479e-01  9.624537e-03  5.393953e-02  5.191430e-04  4.473697e+02  4.760409e+02
   117  5.389231e-01  5.283872e-01  8.297260e-01  7.925304e-03  5.203493e-02  4.123926e-04  5.531420e+02  5.341120e+02
   118  5.602365e-01  5.497105e-01  8.439981e-01  6.523610e-03  5.016669e-02  3.272679e-04  6.843910e+02  5.995647e+02
   119  5.815339e-01  5.710157e-01  8.575939e-01  5.368028e-03  4.833700e-02  2.594743e-04  8.473160e+02  6.733495e+02
   120  6.028190e-01  5.923068e-01  8.705426e-01  4.415827e-03  4.654768e-02  2.055465e-04  1.049636e+03  7.565414e+02
   121  6.240953e-01  6.135875e-01  8.828727e-01  3.631560e-03  4.480027e-02  1.626949e-04  1.300967e+03  8.503561e+02
   122  6.453659e-01  6.348608e-01  8.946121e-01  2.985862e-03  4.309601e-02  1.286787e-04  1.613288e+03  9.561685e+02
   123  6.666334e-01  6.561298e-01  9.057878e-01  2.454433e-03  4.143585e-02  1.017015e-04  2.001523e+03  1.075534e+03
   124  6.879002e-01  6.773969e-01  9.164257e-01  2.017189e-03  3.982053e-02  8.032553e-05  2.484276e+03  1.210211e+03
   125  7.091684e-01  6.986645e-01  9.265508e-01  1.657537e-03  3.825056e-02  6.340170e-05  3.084736e+03  1.362189e+03
   126  7.304398e-01  7.199343e-01  9.361874e-01  1.361782e-03  3.672625e-02  5.001314e-05  3.831812e+03  1.533719e+03
   127  7.517158e-01  7.412081e-01  9.453584e-01  1.118628e-03  3.524773e-02  3.942909e-05  4.761555e+03  1.727346e+03
   128  7.729978e-01  7.624872e-01  9.540859e-01  9.187612e-04  3.381498e-02  3.106789e-05  5.918925e+03  1.945951e+03
   129  7.942868e-01  7.837728e-01  9.623912e-01  7.545069e-04  3.242782e-02  2.446701e-05  7.360002e+03  2.192791e+03
   130  8.155836e-01  8.050657e-01  9.702943e-01  6.195430e-04  3.108595e-02  1.925908e-05  9.154750e+03  2.471553e+03
   131  8.368888e-01  8.263668e-01  9.778146e-01  5.086641e-04  2.978896e-02  1.515257e-05  1.139046e+04  2.786407e+03
   132  8.582030e-01  8.476767e-01  9.849704e-01  4.175856e-04  2.853631e-02  1.191635e-05  1.417606e+04  3.142072e+03
   133  8.795266e-01  8.689956e-01  9.917793e-01  3.427819e-04  2.732739e-02  9.367336e-06  1.764749e+04  3.543886e+03
   134  9.008597e-01  8.903241e-01  9.982581e-01  2.813525e-04  2.616151e-02  7.360606e-06  2.197444e+04  3.997891e+03
   135  9.222026e-01  9.116622e-01  1.004423e+00  2.309122e-04  2.503788e-02  5.781553e-06  2.736871e+04  4.510924e+03
   136  9.435553e-01  9.330101e-01  1.010288e+00  1.894997e-04  2.395568e-02  4.539594e-06  3.409473e+04  5.090721e+03
   137  9.649178e-01  9.543679e-01  1.015869e+00  1.555026e-04  2.291402e-02  3.563189e-06  4.248266e+04  5.746036e+03
   138  9.862900e-01  9.757353e-01  1.021179e+00  1.275956e-04  2.191199e-02  2.795874e-06  5.294481e+04  6.486778e+03
   139  1.007672e+00  9.971125e-01  1.026232e+00  1.046902e-04  2.094856e-02  2.193108e-06  6.599591e+04  7.324159e+03
   140  1.029063e+00  1.018499e+00  1.031039e+00  8.589129e-05  2.002277e-02  1.719781e-06  8.227896e+04  8.270869e+03
   141  1.050464e+00  1.039895e+00  1.035613e+00  7.046398e-05  1.913358e-02  1.348228e-06  1.025970e+05  9.341274e+03
   142  1.071873e+00  1.061300e+00  1.039965e+00  5.780447e-05  1.827996e-02  1.056663e-06  1.279532e+05  1.055163e+04
   143  1.093291e+00  1.082714e+00  1.044106e+00  4.741691e-05  1.746085e-02  8.279394e-07  1.596004e+05  1.192034e+04
   144  1.114718e+00  1.104137e+00  1.048045e+00  3.889413e-05  1.667519e-02  6.485670e-07  1.991043e+05  1.346822e+04
   145  1.136153e+00  1.125568e+00  1.051794e+00  3.190177e-05  1.592194e-02  5.079379e-07  2.484204e+05  1.521887e+04
   146  1.157596e+00  1.147007e+00  1.055360e+00  2.616498e-05  1.520023e-02  3.977137e-07  3.099948e+05  1.719897e+04
   147  1.179047e+00  1.168454e+00  1.058754e+00  2.145912e-05  1.450868e-02  3.113435e-07  3.868781e+05  1.943873e+04
   148  1.200505e+00  1.189909e+00  1.061983e+00  1.759892e-05  1.384640e-02  2.436816e-07  4.828871e+05  2.197234e+04
   149  1.221971e+00  1.211371e+00  1.065054e+00  1.443257e-05  1.321235e-02  1.906882e-07  6.027903e+05  2.483853e+04
   150  1.243443e+00  1.232840e+00  1.067977e+00  1.183548e-05  1.260552e-02  1.491924e-07  7.525472e+05  2.808112e+04
   151  1.264922e+00  1.254315e+00  1.070758e+00  9.705394e-06  1.202492e-02  1.167066e-07  9.396058e+05  3.174973e+04
   152  1.286407e+00  1.275797e+00  1.073404e+00  7.958411e-06  1.146958e-02  9.127961e-08  1.173275e+06  3.590053e+04
   153  1.307899e+00  1.297286e+00  1.075922e+00  6.525687e-06  1.093852e-02  7.138138e-08  1.465192e+06  4.059713e+04
   154  1.329396e+00  1.318780e+00  1.078317e+00  5.350734e-06  1.043083e-02  5.581260e-08  1.829899e+06  4.591152e+04
   155  1.350898e+00  1.340280e+00  1.080596e+00  4.387209e-06  9.945588e-03  4.363337e-08  2.285580e+06  5.192522e+04
   156  1.372406e+00  1.361785e+00  1.082764e+00  3.597094e-06  9.481906e-03  3.410731e-08  2.854962e+06  5.873055e+04
   157  1.393919e+00  1.383296e+00  1.084827e+00  2.949200e-06  9.038920e-03  2.665759e-08  3.566461e+06  6.643200e+04
   158  1.415437e+00  1.404812e+00  1.086790e+00  2.417944e-06  8.615794e-03  2.083251e-08  4.455599e+06  7.514793e+04
   159  1.436960e+00  1.426332e+00  1.088658e+00  1.982340e-06  8.211713e-03  1.627841e-08  5.566791e+06  8.501231e+04
   160  1.458487e+00  1.447857e+00  1.090435e+00  1.625176e-06  7.825890e-03  1.271845e-08  6.955571e+06  9.617689e+04
   161  1.480018e+00  1.469386e+00  1.092125e+00  1.332334e-06  7.457563e-03  9.935963e-09  8.691375e+06  1.088135e+05
   162  1.501554e+00  1.490920e+00  1.093734e+00  1.092236e-06  7.105995e-03  7.761424e-09  1.086103e+07  1.231167e+05
   163  1.523093e+00  1.512457e+00  1.095264e+00  8.953868e-07  6.770476e-03  6.062194e-09  1.357312e+07  1.393070e+05
   164  1.544637e+00  1.533998e+00  1.096721e+00  7.339991e-07  6.450319e-03  4.734529e-09  1.696344e+07  1.576338e+05
   165  1.566184e+00  1.555544e+00  1.098106e+00  6.016873e-07  6.144865e-03  3.697287e-09  2.120181e+07  1.783800e+05
   166  1.587734e+00  1.577093e+00  1.099424e+00  4.932149e-07  5.853478e-03  2.887022e-09  2.650067e+07  2.018658e+05
   167  1.609289e+00  1.598645e+00  1.100678e+00  4.042880e-07  5.575545e-03  2.254126e-09  3.312573e+07  2.284539e+05
   168  1.630847e+00  1.620202e+00  1.101872e+00  3.313859e-07  5.310482e-03  1.759819e-09  4.140940e+07  2.585555e+05
   169  1.652432e+00  1.641774e+00  1.103007e+00  2.713093e-07  5.063487e-03  1.373771e-09  5.179771e+07  2.926379e+05
   170  1.673994e+00  1.663347e+00  1.104088e+00  2.226367e-07  4.816826e-03  1.072402e-09  6.471767e+07  3.312142e+05
   171  1.695560e+00  1.684911e+00  1.105115e+00  1.824803e-07  4.587179e-03  8.370699e-10  8.091166e+07  3.748926e+05
   172  1.717129e+00  1.706478e+00  1.106093e+00  1.495618e-07  4.368275e-03  6.533272e-10  1.011636e+08  4.243482e+05
   173  1.738703e+00  1.728050e+00  1.107024e+00  1.225772e-07  4.159635e-03  5.098763e-10  1.264919e+08  4.803473e+05
   174  1.760281e+00  1.749626e+00  1.107909e+00  1.004573e-07  3.960799e-03  3.978910e-10  1.581712e+08  5.437581e+05
   175  1.781864e+00  1.771206e+00  1.108751e+00  8.232557e-08  3.771324e-03  3.104764e-10  1.977964e+08  6.155643e+05
   176  1.803451e+00  1.792791e+00  1.109553e+00  6.746351e-08  3.590788e-03  2.422472e-10  2.473638e+08  6.968807e+05
   177  1.825044e+00  1.814381e+00  1.110315e+00  5.528193e-08  3.418782e-03  1.889969e-10  3.093721e+08  7.889700e+05
   178  1.846641e+00  1.835977e+00  1.111041e+00  4.529781e-08  3.254913e-03  1.474404e-10  3.869484e+08  8.932633e+05
   179  1.868245e+00  1.857577e+00  1.111731e+00  3.711514e-08  3.098806e-03  1.150126e-10  4.840071e+08  1.011382e+06
   180  1.889854e+00  1.879184e+00  1.112388e+00  3.040925e-08  2.950096e-03  8.971021e-11  6.054471e+08  1.145162e+06
   181  1.911469e+00  1.900796e+00  1.113013e+00  2.491393e-08  2.808436e-03  6.996919e-11  7.574002e+08  1.296685e+06
   182  1.933089e+00  1.922413e+00  1.113607e+00  2.041094e-08  2.673489e-03  5.456843e-11  9.475404e+08  1.468308e+06
   183  1.954715e+00  1.944036e+00  1.114173e+00  1.672133e-08  2.544932e-03  4.255464e-11  1.185472e+09  1.662702e+06
   184  1.976346e+00  1.965665e+00  1.114711e+00  1.369836e-08  2.422456e-03  3.318367e-11  1.483213e+09  1.882893e+06
   185  1.997981e+00  1.987298e+00  1.115223e+00  1.122176e-08  2.305760e-03  2.587468e-11  1.855804e+09  2.132310e+06
   186  2.019621e+00  2.008936e+00  1.115710e+00  9.192882e-09  2.194560e-03  2.017433e-11  2.322066e+09  2.414839e+06
   187  2.041264e+00  2.030578e+00  1.116174e+00  7.530879e-09  2.088582e-03  1.572886e-11  2.905552e+09  2.734886e+06
   188  2.062910e+00  2.052222e+00  1.116615e+00  6.169463e-09  1.987561e-03  1.226218e-11  3.635736e+09  3.097447e+06
   189  2.084558e+00  2.073869e+00  1.117035e+00  5.054296e-09  1.891248e-03  9.558925e-12  4.549515e+09  3.508191e+06
   190  2.106206e+00  2.095516e+00  1.117434e+00  4.140843e-09  1.799401e-03  7.451038e-12  5.693079e+09  3.973557e+06
   191  2.127854e+00  2.117165e+00  1.117814e+00  3.392606e-09  1.711793e-03  5.807439e-12  7.124280e+09  4.500860e+06
   192  2.149501e+00  2.138812e+00  1.118175e+00  2.779677e-09  1.628205e-03  4.525883e-12  8.915613e+09  5.098426e+06
   193  2.171147e+00  2.160459e+00  1.118519e+00  2.277553e-09  1.548430e-03  3.526630e-12  1.115798e+10  5.775742e+06
   194  2.192791e+00  2.182104e+00  1.118846e+00  1.866165e-09  1.472269e-03  2.747497e-12  1.396550e+10  6.543636e+06
   195  2.214435e+00  2.203748e+00  1.119158e+00  1.529073e-09  1.399537e-03  2.139995e-12  1.748153e+10  7.414493e+06
   196  2.236078e+00  2.225391e+00  1.119454e+00  1.252819e-09  1.330054e-03  1.666316e-12  2.188654e+10  8.402510e+06
   197  2.257722e+00  2.247035e+00  1.119736e+00  1.026381e-09  1.263650e-03  1.296987e-12  2.740803e+10  9.524014e+06
   198  2.279372e+00  2.268682e+00  1.120004e+00  8.407403e-10  1.200164e-03  1.009026e-12  3.433349e+10  1.079783e+07
   199  2.301030e+00  2.290336e+00  1.120259e+00  6.885125e-10  1.139440e-03  7.845185e-13  4.302714e+10  1.224577e+07
