     i         log_r      log_rmid             m           rho            v2        trelax            kn
     0  -1.750024e+00  -2.051054e+00  4.936543e-05  2.633996e+01  2.150558e-01  8.186707e-02  1.045574e-02
     1  -1.738960e+00  -1.744457e+00  5.328937e-05  2.636275e+01  2.148699e-01  8.183168e-02  1.045574e-02
     2  -1.727898e+00  -1.733394e+00  5.752323e-05  2.635481e+01  2.148602e-01  8.185817e-02  1.045755e-02
     3  -1.716832e+00  -1.722330e+00  6.209370e-05  2.634646e+01  2.148500e-01  8.188607e-02  1.045945e-02
     4  -1.705768e+00  -1.711264e+00  6.702432e-05  2.633768e+01  2.148392e-01  8.191544e-02  1.046146e-02
     5  -1.694696e+00  -1.700197e+00  7.234881e-05  2.632843e+01  2.148279e-01  8.194636e-02  1.046357e-02
     6  -1.683631e+00  -1.689128e+00  7.809033e-05  2.631871e+01  2.148159e-01  8.197892e-02  1.046579e-02
     7  -1.672568e+00  -1.678065e+00  8.428458e-05  2.630848e+01  2.148034e-01  8.201317e-02  1.046813e-02
     8  -1.661503e+00  -1.667000e+00  9.096964e-05  2.629773e+01  2.147902e-01  8.204924e-02  1.047060e-02
     9  -1.650436e+00  -1.655934e+00  9.818356e-05  2.628641e+01  2.147763e-01  8.208721e-02  1.047319e-02
    10  -1.639366e+00  -1.644866e+00  1.059689e-04  2.627451e+01  2.147617e-01  8.212719e-02  1.047592e-02
    11  -1.628305e+00  -1.633801e+00  1.143624e-04  2.626200e+01  2.147463e-01  8.216926e-02  1.047879e-02
    12  -1.617243e+00  -1.622739e+00  1.234185e-04  2.624884e+01  2.147301e-01  8.221354e-02  1.048181e-02
    13  -1.606180e+00  -1.611676e+00  1.331900e-04  2.623501e+01  2.147131e-01  8.226016e-02  1.048499e-02
    14  -1.595121e+00  -1.600615e+00  1.437275e-04  2.622046e+01  2.146952e-01  8.230923e-02  1.048833e-02
    15  -1.584057e+00  -1.589554e+00  1.550994e-04  2.620516e+01  2.146764e-01  8.236089e-02  1.049185e-02
    16  -1.573000e+00  -1.578493e+00  1.673596e-04  2.618908e+01  2.146566e-01  8.241526e-02  1.049556e-02
    17  -1.561946e+00  -1.567438e+00  1.805806e-04  2.617218e+01  2.146358e-01  8.247248e-02  1.049946e-02
    18  -1.550890e+00  -1.556383e+00  1.948435e-04  2.615442e+01  2.146138e-01  8.253271e-02  1.050356e-02
    19  -1.539839e+00  -1.545329e+00  2.102204e-04  2.613574e+01  2.145908e-01  8.259611e-02  1.050787e-02
    20  -1.528789e+00  -1.534279e+00  2.268022e-04  2.611612e+01  2.145666e-01  8.266284e-02  1.051241e-02
    21  -1.517739e+00  -1.523229e+00  2.446857e-04  2.609549e+01  2.145411e-01  8.273309e-02  1.051719e-02
    22  -1.506689e+00  -1.512179e+00  2.639729e-04  2.607382e+01  2.145143e-01  8.280704e-02  1.052222e-02
    23  -1.495643e+00  -1.501131e+00  2.847617e-04  2.605104e+01  2.144861e-01  8.288489e-02  1.052751e-02
    24  -1.484602e+00  -1.490088e+00  3.071688e-04  2.602711e+01  2.144565e-01  8.296681e-02  1.053307e-02
    25  -1.473562e+00  -1.479047e+00  3.313271e-04  2.600198e+01  2.144253e-01  8.305304e-02  1.053893e-02
    26  -1.462526e+00  -1.468009e+00  3.573620e-04  2.597558e+01  2.143926e-01  8.314381e-02  1.054509e-02
    27  -1.451491e+00  -1.456974e+00  3.854278e-04  2.594785e+01  2.143581e-01  8.323935e-02  1.055157e-02
    28  -1.440456e+00  -1.445939e+00  4.156808e-04  2.591872e+01  2.143219e-01  8.333994e-02  1.055839e-02
    29  -1.429426e+00  -1.434906e+00  4.482776e-04  2.588813e+01  2.142839e-01  8.344583e-02  1.056556e-02
    30  -1.418397e+00  -1.423877e+00  4.834077e-04  2.585601e+01  2.142439e-01  8.355729e-02  1.057311e-02
    31  -1.407372e+00  -1.412850e+00  5.212579e-04  2.582228e+01  2.142018e-01  8.367463e-02  1.058105e-02
    32  -1.396349e+00  -1.401825e+00  5.620357e-04  2.578688e+01  2.141576e-01  8.379816e-02  1.058941e-02
    33  -1.385330e+00  -1.390805e+00  6.059606e-04  2.574972e+01  2.141112e-01  8.392819e-02  1.059819e-02
    34  -1.374313e+00  -1.379787e+00  6.532785e-04  2.571072e+01  2.140623e-01  8.406509e-02  1.060744e-02
    35  -1.363300e+00  -1.368772e+00  7.042385e-04  2.566979e+01  2.140110e-01  8.420922e-02  1.061716e-02
    36  -1.352289e+00  -1.357760e+00  7.591240e-04  2.562684e+01  2.139571e-01  8.436096e-02  1.062739e-02
    37  -1.341282e+00  -1.346751e+00  8.182252e-04  2.558179e+01  2.139005e-01  8.452073e-02  1.063816e-02
    38  -1.330277e+00  -1.335744e+00  8.818583e-04  2.553452e+01  2.138410e-01  8.468895e-02  1.064948e-02
    39  -1.319276e+00  -1.324741e+00  9.503637e-04  2.548495e+01  2.137785e-01  8.486608e-02  1.066139e-02
    40  -1.308275e+00  -1.313741e+00  1.024119e-03  2.543297e+01  2.137128e-01  8.505261e-02  1.067392e-02
    41  -1.297280e+00  -1.302743e+00  1.103493e-03  2.537846e+01  2.136438e-01  8.524904e-02  1.068710e-02
    42  -1.286286e+00  -1.291748e+00  1.188917e-03  2.532133e+01  2.135714e-01  8.545589e-02  1.070097e-02
    43  -1.275297e+00  -1.280757e+00  1.280828e-03  2.526144e+01  2.134953e-01  8.567374e-02  1.071555e-02
    44  -1.264310e+00  -1.269769e+00  1.379723e-03  2.519869e+01  2.134153e-01  8.590318e-02  1.073090e-02
    45  -1.253326e+00  -1.258783e+00  1.486103e-03  2.513294e+01  2.133314e-01  8.614485e-02  1.074704e-02
    46  -1.242345e+00  -1.247801e+00  1.600525e-03  2.506406e+01  2.132433e-01  8.639942e-02  1.076402e-02
    47  -1.231367e+00  -1.236821e+00  1.723575e-03  2.499193e+01  2.131508e-01  8.666760e-02  1.078188e-02
    48  -1.220391e+00  -1.225845e+00  1.855885e-03  2.491640e+01  2.130537e-01  8.695014e-02  1.080067e-02
    49  -1.209419e+00  -1.214871e+00  1.998123e-03  2.483733e+01  2.129517e-01  8.724782e-02  1.082044e-02
    50  -1.198449e+00  -1.203899e+00  2.151017e-03  2.475457e+01  2.128447e-01  8.756150e-02  1.084123e-02
    51  -1.187481e+00  -1.192930e+00  2.315332e-03  2.466798e+01  2.127324e-01  8.789206e-02  1.086311e-02
    52  -1.176515e+00  -1.181964e+00  2.491891e-03  2.457739e+01  2.126145e-01  8.824046e-02  1.088613e-02
    53  -1.165552e+00  -1.170999e+00  2.681574e-03  2.448265e+01  2.124908e-01  8.860770e-02  1.091034e-02
    54  -1.154591e+00  -1.160037e+00  2.885299e-03  2.438360e+01  2.123610e-01  8.899483e-02  1.093582e-02
    55  -1.143632e+00  -1.149077e+00  3.104081e-03  2.428007e+01  2.122249e-01  8.940297e-02  1.096263e-02
    56  -1.132675e+00  -1.138119e+00  3.338977e-03  2.417188e+01  2.120821e-01  8.983335e-02  1.099083e-02
    57  -1.121719e+00  -1.127162e+00  3.591122e-03  2.405886e+01  2.119323e-01  9.028723e-02  1.102051e-02
    58  -1.110764e+00  -1.116207e+00  3.861724e-03  2.394084e+01  2.117752e-01  9.076597e-02  1.105174e-02
    59  -1.099811e+00  -1.105253e+00  4.152066e-03  2.381763e+01  2.116105e-01  9.127101e-02  1.108460e-02
    60  -1.088858e+00  -1.094300e+00  4.463517e-03  2.368904e+01  2.114378e-01  9.180390e-02  1.111918e-02
    61  -1.077905e+00  -1.083347e+00  4.797536e-03  2.355490e+01  2.112568e-01  9.236627e-02  1.115557e-02
    62  -1.066953e+00  -1.072395e+00  5.155655e-03  2.341501e+01  2.110670e-01  9.295987e-02  1.119387e-02
    63  -1.056000e+00  -1.061442e+00  5.539526e-03  2.326918e+01  2.108681e-01  9.358656e-02  1.123419e-02
    64  -1.045047e+00  -1.050489e+00  5.950900e-03  2.311722e+01  2.106597e-01  9.424834e-02  1.127663e-02
    65  -1.034093e+00  -1.039535e+00  6.391610e-03  2.295893e+01  2.104413e-01  9.494735e-02  1.132130e-02
    66  -1.023137e+00  -1.028580e+00  6.863620e-03  2.279413e+01  2.102125e-01  9.568584e-02  1.136834e-02
    67  -1.012178e+00  -1.017623e+00  7.369017e-03  2.262262e+01  2.099728e-01  9.646627e-02  1.141786e-02
    68  -1.001217e+00  -1.006663e+00  7.909987e-03  2.244421e+01  2.097218e-01  9.729124e-02  1.147001e-02
    69  -9.902533e-01  -9.957008e-01  8.488863e-03  2.225872e+01  2.094590e-01  9.816356e-02  1.152493e-02
    70  -9.792852e-01  -9.847346e-01  9.108117e-03  2.206595e+01  2.091838e-01  9.908624e-02  1.158277e-02
    71  -9.683125e-01  -9.737642e-01  9.770334e-03  2.186572e+01  2.088958e-01  1.000625e-01  1.164370e-02
    72  -9.573344e-01  -9.627888e-01  1.047826e-02  2.165786e+01  2.085942e-01  1.010958e-01  1.170790e-02
    73  -9.463503e-01  -9.518076e-01  1.123480e-02  2.144219e+01  2.082787e-01  1.021900e-01  1.177554e-02
    74  -9.353591e-01  -9.408199e-01  1.204299e-02  2.121856e+01  2.079486e-01  1.033490e-01  1.184682e-02
    75  -9.243600e-01  -9.298247e-01  1.290606e-02  2.098680e+01  2.076032e-01  1.045771e-01  1.192196e-02
    76  -9.133521e-01  -9.188212e-01  1.382737e-02  2.074677e+01  2.072420e-01  1.058792e-01  1.200117e-02
    77  -9.023343e-01  -9.078083e-01  1.481049e-02  2.049833e+01  2.068642e-01  1.072603e-01  1.208470e-02
    78  -8.913053e-01  -8.967848e-01  1.585915e-02  2.024136e+01  2.064693e-01  1.087258e-01  1.217279e-02
    79  -8.802640e-01  -8.857496e-01  1.697728e-02  1.997574e+01  2.060564e-01  1.102818e-01  1.226572e-02
    80  -8.692092e-01  -8.747014e-01  1.816896e-02  1.970139e+01  2.056249e-01  1.119348e-01  1.236378e-02
    81  -8.581394e-01  -8.636390e-01  1.943850e-02  1.941823e+01  2.051740e-01  1.136918e-01  1.246728e-02
    82  -8.470531e-01  -8.525609e-01  2.079041e-02  1.912619e+01  2.047029e-01  1.155605e-01  1.257655e-02
    83  -8.359488e-01  -8.414655e-01  2.222937e-02  1.882524e+01  2.042108e-01  1.175493e-01  1.269194e-02
    84  -8.248249e-01  -8.303512e-01  2.376030e-02  1.851537e+01  2.036969e-01  1.196673e-01  1.281384e-02
    85  -8.136794e-01  -8.192164e-01  2.538829e-02  1.819657e+01  2.031603e-01  1.219245e-01  1.294266e-02
    86  -8.025105e-01  -8.080591e-01  2.711870e-02  1.786888e+01  2.026002e-01  1.243320e-01  1.307884e-02
    87  -7.913161e-01  -7.968772e-01  2.895704e-02  1.753236e+01  2.020156e-01  1.269016e-01  1.322285e-02
    88  -7.800941e-01  -7.856688e-01  3.090905e-02  1.718710e+01  2.014056e-01  1.296468e-01  1.337521e-02
    89  -7.688419e-01  -7.744316e-01  3.298073e-02  1.683322e+01  2.007692e-01  1.325819e-01  1.353648e-02
    90  -7.575574e-01  -7.631630e-01  3.517823e-02  1.647087e+01  2.001055e-01  1.357231e-01  1.370724e-02
    91  -7.462376e-01  -7.518606e-01  3.750796e-02  1.610025e+01  1.994133e-01  1.390882e-01  1.388815e-02
    92  -7.348797e-01  -7.405215e-01  3.997652e-02  1.572156e+01  1.986918e-01  1.426968e-01  1.407991e-02
    93  -7.234808e-01  -7.291428e-01  4.259071e-02  1.533508e+01  1.979397e-01  1.465708e-01  1.428329e-02
    94  -7.120375e-01  -7.177215e-01  4.535754e-02  1.494111e+01  1.971560e-01  1.507343e-01  1.449911e-02
    95  -7.005463e-01  -7.062539e-01  4.828429e-02  1.453997e+01  1.963395e-01  1.552146e-01  1.472828e-02
    96  -6.890036e-01  -6.947366e-01  5.137828e-02  1.413206e+01  1.954891e-01  1.600417e-01  1.497179e-02
    97  -6.774054e-01  -6.831658e-01  5.464712e-02  1.371780e+01  1.946034e-01  1.652495e-01  1.523071e-02
    98  -6.657473e-01  -6.715372e-01  5.809861e-02  1.329765e+01  1.936814e-01  1.708760e-01  1.550623e-02
    99  -6.540248e-01  -6.598465e-01  6.174066e-02  1.287212e+01  1.927217e-01  1.769638e-01  1.579964e-02
   100  -6.422330e-01  -6.480889e-01  6.558137e-02  1.244176e+01  1.917231e-01  1.835612e-01  1.611238e-02
   101  -6.303666e-01  -6.362593e-01  6.962896e-02  1.200717e+01  1.906841e-01  1.907225e-01  1.644599e-02
   102  -6.184199e-01  -6.243522e-01  7.389183e-02  1.156899e+01  1.896034e-01  1.985097e-01  1.680224e-02
   103  -6.063869e-01  -6.123618e-01  7.837842e-02  1.112788e+01  1.884795e-01  2.069929e-01  1.718302e-02
   104  -5.942611e-01  -6.002817e-01  8.309731e-02  1.068458e+01  1.873111e-01  2.162523e-01  1.759046e-02
   105  -5.820353e-01  -5.881052e-01  8.805718e-02  1.023984e+01  1.860966e-01  2.263798e-01  1.802694e-02
   106  -5.697020e-01  -5.758249e-01  9.326673e-02  9.794456e+00  1.848345e-01  2.374806e-01  1.849507e-02
   107  -5.572530e-01  -5.634329e-01  9.873473e-02  9.349261e+00  1.835232e-01  2.496763e-01  1.899781e-02
   108  -5.446794e-01  -5.509207e-01  1.044700e-01  8.905116e+00  1.821611e-01  2.631071e-01  1.953845e-02
   109  -5.319716e-01  -5.382790e-01  1.104813e-01  8.462912e+00  1.807465e-01  2.779363e-01  2.012069e-02
   110  -5.191193e-01  -5.254979e-01  1.167774e-01  8.023566e+00  1.792778e-01  2.943536e-01  2.074870e-02
   111  -5.061111e-01  -5.125665e-01  1.233670e-01  7.588016e+00  1.777531e-01  3.125814e-01  2.142718e-02
   112  -4.929347e-01  -4.994730e-01  1.302589e-01  7.157216e+00  1.761707e-01  3.328811e-01  2.216149e-02
   113  -4.795769e-01  -4.862045e-01  1.374615e-01  6.732131e+00  1.745286e-01  3.555610e-01  2.295769e-02
   114  -4.660229e-01  -4.727471e-01  1.449834e-01  6.313732e+00  1.728251e-01  3.809873e-01  2.382272e-02
   115  -4.522569e-01  -4.590854e-01  1.528329e-01  5.902994e+00  1.710580e-01  4.095962e-01  2.476452e-02
   116  -4.382614e-01  -4.452028e-01  1.610180e-01  5.500881e+00  1.692255e-01  4.419111e-01  2.579222e-02
   117  -4.240172e-01  -4.310809e-01  1.695469e-01  5.108350e+00  1.673253e-01  4.785624e-01  2.691638e-02
   118  -4.095031e-01  -4.166995e-01  1.784273e-01  4.726334e+00  1.653554e-01  5.203151e-01  2.814922e-02
   119  -3.946958e-01  -4.020363e-01  1.876667e-01  4.355744e+00  1.633135e-01  5.681024e-01  2.950500e-02
   120  -3.795695e-01  -3.870668e-01  1.972725e-01  3.997455e+00  1.611974e-01  6.230708e-01  3.100038e-02
   121  -3.640958e-01  -3.717637e-01  2.072515e-01  3.652303e+00  1.590047e-01  6.866385e-01  3.265497e-02
   122  -3.482426e-01  -3.560968e-01  2.176105e-01  3.321074e+00  1.567332e-01  7.605733e-01  3.449197e-02
   123  -3.319746e-01  -3.400324e-01  2.283559e-01  3.004496e+00  1.543802e-01  8.470958e-01  3.653895e-02
   124  -3.152521e-01  -3.235329e-01  2.394938e-01  2.703235e+00  1.519435e-01  9.490195e-01  3.882887e-02
   125  -2.980305e-01  -3.065560e-01  2.510298e-01  2.417882e+00  1.494205e-01  1.069941e+00  4.140141e-02
   126  -2.802598e-01  -2.890543e-01  2.629693e-01  2.148947e+00  1.468088e-01  1.214502e+00  4.430461e-02
   127  -2.618831e-01  -2.709743e-01  2.753172e-01  1.896854e+00  1.441058e-01  1.388754e+00  4.759705e-02
   128  -2.428365e-01  -2.522554e-01  2.880780e-01  1.661927e+00  1.413094e-01  1.600673e+00  5.135069e-02
   129  -2.230471e-01  -2.328291e-01  3.012559e-01  1.444387e+00  1.384172e-01  1.860892e+00  5.565457e-02
   130  -2.024317e-01  -2.126171e-01  3.148546e-01  1.244345e+00  1.354274e-01  2.183766e+00  6.061975e-02
   131  -1.808954e-01  -1.915300e-01  3.288774e-01  1.061789e+00  1.323384e-01  2.588922e+00  6.638589e-02
   132  -1.583296e-01  -1.694659e-01  3.433271e-01  8.965852e-01  1.291491e-01  3.103578e+00  7.313012e-02
   133  -1.346099e-01  -1.463078e-01  3.582062e-01  7.484685e-01  1.258594e-01  3.766030e+00  8.107897e-02
   134  -1.095934e-01  -1.219215e-01  3.735166e-01  6.170363e-01  1.224700e-01  4.630997e+00  9.052480e-02
   135  -8.311714e-02  -9.615353e-02  3.892599e-01  5.017471e-01  1.189833e-01  5.777927e+00  1.018479e-01
   136  -5.499549e-02  -6.882873e-02  4.054373e-01  4.019172e-01  1.154038e-01  7.324084e+00  1.155472e-01
   137  -2.501932e-02  -3.974882e-02  4.220493e-01  3.167214e-01  1.117385e-01  9.445418e+00  1.322810e-01
   138  7.043049e-03  -8.692320e-03  4.390963e-01  2.451957e-01  1.079982e-01  1.241020e+01  1.529231e-01
   139  4.144119e-02  2.458259e-02  4.565780e-01  1.862457e-01  1.041980e-01  1.663352e+01  1.786344e-01
   140  7.843128e-02  6.032993e-02  4.744939e-01  1.386592e-01  1.003586e-01  2.276534e+01  2.109532e-01
   141  1.182543e-01  9.879905e-02  4.928430e-01  1.011272e-01  9.650687e-02  3.183118e+01  2.518979e-01
   142  1.610995e-01  1.402050e-01  5.116240e-01  7.227467e-02  9.267562e-02  4.544971e+01  3.040618e-01
   143  2.070485e-01  1.846814e-01  5.308350e-01  5.070066e-02  8.890218e-02  6.615006e+01  3.706592e-01
   144  2.560056e-01  2.322165e-01  5.504739e-01  3.502979e-02  8.522472e-02  9.778668e+01  4.554453e-01
   145  3.076242e-01  2.825813e-01  5.705382e-01  2.396951e-02  8.167642e-02  1.459797e+02  5.624188e-01
   146  3.612647e-01  3.352721e-01  5.910251e-01  1.636643e-02  7.827913e-02  2.183851e+02  6.952448e-01
   147  4.160169e-01  3.895031e-01  6.119315e-01  1.125004e-02  7.503975e-02  3.244892e+02  8.564756e-01
   148  4.708090e-01  4.442765e-01  6.332539e-01  7.853699e-03  7.195233e-02  4.746826e+02  1.046835e+00
   149  5.245745e-01  4.985232e-01  6.549885e-01  5.608711e-03  6.900552e-02  6.787268e+02  1.264924e+00
   150  5.764149e-01  5.512677e-01  6.771312e-01  4.116668e-03  6.619064e-02  9.441823e+02  1.507532e+00
   151  6.256967e-01  6.017544e-01  6.996779e-01  3.111123e-03  6.350551e-02  1.275490e+03  1.770408e+00
   152  6.720675e-01  6.495007e-01  7.226239e-01  2.419605e-03  6.095319e-02  1.674007e+03  2.049119e+00
   153  7.154125e-01  6.942805e-01  7.459645e-01  1.932488e-03  5.853819e-02  2.138767e+03  2.339697e+00
   154  7.557860e-01  7.360682e-01  7.696946e-01  1.580458e-03  5.626322e-02  2.667502e+03  2.638967e+00
   155  7.933477e-01  7.749728e-01  7.938092e-01  1.319474e-03  5.412770e-02  3.257536e+03  2.944608e+00
   156  8.283107e-01  8.111810e-01  8.183029e-01  1.121213e-03  5.212767e-02  3.906411e+03  3.255065e+00
   157  8.609076e-01  8.449149e-01  8.431702e-01  9.671470e-04  5.025660e-02  4.612230e+03  3.569398e+00
   158  8.913695e-01  8.764056e-01  8.684054e-01  8.449245e-04  4.850628e-02  5.373820e+03  3.887137e+00
   159  9.199145e-01  9.058765e-01  8.940028e-01  7.461382e-04  4.686771e-02  6.190758e+03  4.208150e+00
   160  9.467425e-01  9.335356e-01  9.199565e-01  6.649490e-04  4.533169e-02  7.063350e+03  4.532550e+00
   161  9.720329e-01  9.595718e-01  9.462603e-01  5.972196e-04  4.388929e-02  7.992574e+03  4.860618e+00
   162  9.959454e-01  9.841537e-01  9.729084e-01  5.399630e-04  4.253206e-02  8.980029e+03  5.192751e+00
   163  1.018621e+00  1.007431e+00  9.998945e-01  4.909835e-04  4.125220e-02  1.002789e+04  5.529435e+00
   164  1.040185e+00  1.029537e+00  1.027212e+00  4.486398e-04  4.004256e-02  1.113887e+04  5.871214e+00
   165  1.060746e+00  1.050587e+00  1.054856e+00  4.116863e-04  3.889671e-02  1.231621e+04  6.218678e+00
   166  1.080402e+00  1.070685e+00  1.082819e+00  3.791639e-04  3.780885e-02  1.356364e+04  6.572453e+00
   167  1.099237e+00  1.089921e+00  1.111094e+00  3.503240e-04  3.677380e-02  1.488541e+04  6.933197e+00
   168  1.117327e+00  1.108376e+00  1.139677e+00  3.245752e-04  3.578694e-02  1.628629e+04  7.301595e+00
   169  1.134739e+00  1.126120e+00  1.168559e+00  3.014450e-04  3.484416e-02  1.777162e+04  7.678364e+00
   170  1.151533e+00  1.143217e+00  1.197736e+00  2.805517e-04  3.394178e-02  1.934727e+04  8.064250e+00
   171  1.167762e+00  1.159723e+00  1.227200e+00  2.615840e-04  3.307657e-02  2.101980e+04  8.460030e+00
   172  1.183474e+00  1.175689e+00  1.256946e+00  2.442858e-04  3.224565e-02  2.279639e+04  8.866517e+00
   173  1.198713e+00  1.191160e+00  1.286966e+00  2.284445e-04  3.144646e-02  2.468502e+04  9.284566e+00
   174  1.213516e+00  1.206178e+00  1.317256e+00  2.138820e-04  3.067674e-02  2.669446e+04  9.715072e+00
   175  1.227920e+00  1.220778e+00  1.347808e+00  2.004485e-04  2.993453e-02  2.883441e+04  1.015898e+01
   176  1.241957e+00  1.234996e+00  1.378616e+00  1.880167e-04  2.921806e-02  3.111558e+04  1.061729e+01
   177  1.255656e+00  1.248861e+00  1.409675e+00  1.764781e-04  2.852581e-02  3.354983e+04  1.109107e+01
   178  1.269045e+00  1.262402e+00  1.440978e+00  1.657391e-04  2.785645e-02  3.615031e+04  1.158143e+01
   179  1.282148e+00  1.275646e+00  1.472519e+00  1.557193e-04  2.720883e-02  3.893162e+04  1.208959e+01
   180  1.294990e+00  1.288617e+00  1.504292e+00  1.463488e-04  2.658197e-02  4.190997e+04  1.261681e+01
   181  1.307591e+00  1.301336e+00  1.536292e+00  1.375664e-04  2.597504e-02  4.510342e+04  1.316447e+01
   182  1.319972e+00  1.313826e+00  1.568512e+00  1.293189e-04  2.538733e-02  4.853213e+04  1.373404e+01
   183  1.332154e+00  1.326106e+00  1.600947e+00  1.215594e-04  2.481829e-02  5.221863e+04  1.432708e+01
   184  1.344153e+00  1.338195e+00  1.633591e+00  1.142466e-04  2.426745e-02  5.618816e+04  1.494528e+01
   185  1.355988e+00  1.350111e+00  1.666439e+00  1.073439e-04  2.373445e-02  6.046902e+04  1.559048e+01
   186  1.367676e+00  1.361872e+00  1.699484e+00  1.008194e-04  2.321903e-02  6.509297e+04  1.626462e+01
   187  1.379233e+00  1.373493e+00  1.732722e+00  9.464429e-05  2.272099e-02  7.009579e+04  1.696981e+01
   188  1.390675e+00  1.384992e+00  1.766147e+00  8.879357e-05  2.224022e-02  7.551774e+04  1.770832e+01
   189  1.402017e+00  1.396383e+00  1.799754e+00  8.324495e-05  2.177662e-02  8.140421e+04  1.848262e+01
   190  1.413275e+00  1.407683e+00  1.833536e+00  7.797887e-05  2.133013e-02  8.780642e+04  1.929534e+01
   191  1.424463e+00  1.418905e+00  1.867490e+00  7.297815e-05  2.090073e-02  9.478214e+04  2.014933e+01
   192  1.435597e+00  1.430066e+00  1.901609e+00  6.822773e-05  2.048833e-02  1.023967e+05  2.104767e+01
   193  1.446690e+00  1.441179e+00  1.935889e+00  6.371453e-05  2.009284e-02  1.107238e+05  2.199368e+01
   194  1.457757e+00  1.452259e+00  1.970325e+00  5.942719e-05  1.971409e-02  1.198468e+05  2.299094e+01
   195  1.468812e+00  1.463320e+00  2.004912e+00  5.535599e-05  1.935181e-02  1.298597e+05  2.404333e+01
   196  1.479870e+00  1.474376e+00  2.039645e+00  5.149266e-05  1.900564e-02  1.408683e+05  2.515497e+01
   197  1.490942e+00  1.485441e+00  2.074518e+00  4.783011e-05  1.867506e-02  1.529916e+05  2.633031e+01
   198  1.502043e+00  1.496528e+00  2.109526e+00  4.436216e-05  1.835937e-02  1.663636e+05  2.757417e+01
   199  1.513185e+00  1.507650e+00  2.144666e+00  4.108342e-05  1.805772e-02  1.811348e+05  2.889170e+01
   200  1.524380e+00  1.518819e+00  2.179932e+00  3.798906e-05  1.776904e-02  1.974738e+05  3.028841e+01
   201  1.535639e+00  1.530046e+00  2.215319e+00  3.507456e-05  1.749213e-02  2.155691e+05  3.177023e+01
   202  1.546972e+00  1.541343e+00  2.250822e+00  3.233541e-05  1.722559e-02  2.356321e+05  3.334352e+01
   203  1.558389e+00  1.552718e+00  2.286438e+00  2.976702e-05  1.696795e-02  2.578992e+05  3.501510e+01
   204  1.569897e+00  1.564181e+00  2.322160e+00  2.736452e-05  1.671764e-02  2.826342e+05  3.679225e+01
   205  1.581503e+00  1.575739e+00  2.357985e+00  2.512259e-05  1.647311e-02  3.101329e+05  3.868279e+01
   206  1.593213e+00  1.587397e+00  2.393907e+00  2.303545e-05  1.623285e-02  3.407266e+05  4.069509e+01
   207  1.605032e+00  1.599163e+00  2.429923e+00  2.109680e-05  1.599548e-02  3.747873e+05  4.283817e+01
   208  1.616962e+00  1.611038e+00  2.466027e+00  1.929990e-05  1.575978e-02  4.127335e+05  4.512166e+01
   209  1.629008e+00  1.623027e+00  2.502214e+00  1.763769e-05  1.552475e-02  4.550362e+05  4.755591e+01
   210  1.641169e+00  1.635131e+00  2.538480e+00  1.610281e-05  1.528959e-02  5.022275e+05  5.015209e+01
   211  1.653448e+00  1.647352e+00  2.574820e+00  1.468781e-05  1.505369e-02  5.549088e+05  5.292219e+01
   212  1.665845e+00  1.659691e+00  2.611229e+00  1.338523e-05  1.481665e-02  6.137606e+05  5.587914e+01
   213  1.678359e+00  1.672147e+00  2.647704e+00  1.218775e-05  1.457824e-02  6.795541e+05  5.903690e+01
   214  1.690990e+00  1.684720e+00  2.684236e+00  1.108824e-05  1.433832e-02  7.531614e+05  6.241043e+01
   215  1.703738e+00  1.697411e+00  2.720824e+00  1.007986e-05  1.409689e-02  8.355721e+05  6.601595e+01
   216  1.716601e+00  1.710217e+00  2.757461e+00  9.156028e-06  1.385398e-02  9.279094e+05  6.987099e+01
   217  1.729578e+00  1.723138e+00  2.794143e+00  8.310533e-06  1.360970e-02  1.031447e+06  7.399443e+01
   218  1.742669e+00  1.736173e+00  2.830864e+00  7.537494e-06  1.336418e-02  1.147630e+06  7.840670e+01
   219  1.755870e+00  1.749320e+00  2.867619e+00  6.831375e-06  1.311757e-02  1.278101e+06  8.312984e+01
   220  1.769182e+00  1.762577e+00  2.904402e+00  6.186972e-06  1.287007e-02  1.424726e+06  8.818775e+01
   221  1.782601e+00  1.775943e+00  2.941208e+00  5.599414e-06  1.262185e-02  1.589630e+06  9.360629e+01
   222  1.796127e+00  1.789417e+00  2.978032e+00  5.064153e-06  1.237311e-02  1.775226e+06  9.941339e+01
   223  1.809757e+00  1.802995e+00  3.014867e+00  4.576949e-06  1.212406e-02  1.984266e+06  1.056393e+02
   224  1.823488e+00  1.816677e+00  3.051708e+00  4.133854e-06  1.187490e-02  2.219881e+06  1.123169e+02
   225  1.837320e+00  1.830460e+00  3.088549e+00  3.731195e-06  1.162585e-02  2.485649e+06  1.194817e+02
   226  1.851251e+00  1.844341e+00  3.125383e+00  3.365564e-06  1.137710e-02  2.785648e+06  1.271724e+02
   227  1.865276e+00  1.858320e+00  3.162204e+00  3.033816e-06  1.112889e-02  3.124531e+06  1.354307e+02
   228  1.879396e+00  1.872393e+00  3.199004e+00  2.733042e-06  1.088139e-02  3.507611e+06  1.443020e+02
   229  1.893606e+00  1.886559e+00  3.235778e+00  2.460553e-06  1.063477e-02  3.940970e+06  1.538358e+02
   230  1.907906e+00  1.900815e+00  3.272518e+00  2.213865e-06  1.038923e-02  4.431567e+06  1.640857e+02
   231  1.922293e+00  1.915159e+00  3.309218e+00  1.990684e-06  1.014497e-02  4.987379e+06  1.751101e+02
   232  1.936764e+00  1.929589e+00  3.345867e+00  1.788910e-06  9.902200e-03  5.617532e+06  1.869724e+02
   233  1.951317e+00  1.944102e+00  3.382461e+00  1.606624e-06  9.661022e-03  6.332486e+06  1.997419e+02
   234  1.965951e+00  1.958696e+00  3.418989e+00  1.442042e-06  9.421648e-03  7.144282e+06  2.134938e+02
   235  1.980662e+00  1.973369e+00  3.455443e+00  1.293549e-06  9.184201e-03  8.066711e+06  2.283104e+02
   236  1.995449e+00  1.988118e+00  3.491816e+00  1.159653e-06  8.948843e-03  9.115669e+06  2.442813e+02
   237  2.010309e+00  2.002942e+00  3.528096e+00  1.038991e-06  8.715763e-03  1.030945e+07  2.615045e+02
   238  2.025239e+00  2.017838e+00  3.564275e+00  9.303342e-07  8.484987e-03  1.166905e+07  2.800868e+02
   239  2.040239e+00  2.032804e+00  3.600342e+00  8.325427e-07  8.256673e-03  1.321877e+07  3.001456e+02
   240  2.055306e+00  2.047838e+00  3.636288e+00  7.445833e-07  8.030927e-03  1.498663e+07  3.218091e+02
   241  2.070436e+00  2.062937e+00  3.672101e+00  6.655049e-07  7.807979e-03  1.700511e+07  3.452175e+02
   242  2.085630e+00  2.078099e+00  3.707770e+00  5.944704e-07  7.587705e-03  1.931143e+07  3.705249e+02
   243  2.100883e+00  2.093323e+00  3.743285e+00  5.306943e-07  7.370226e-03  2.194902e+07  3.979011e+02
   244  2.116195e+00  2.108607e+00  3.778631e+00  4.734485e-07  7.155932e-03  2.496860e+07  4.275317e+02
   245  2.131564e+00  2.123948e+00  3.813796e+00  4.221134e-07  6.944604e-03  2.842805e+07  4.596206e+02
   246  2.146987e+00  2.139344e+00  3.848769e+00  3.761061e-07  6.736266e-03  3.239515e+07  4.943938e+02
   247  2.162462e+00  2.154793e+00  3.883532e+00  3.348805e-07  6.531314e-03  3.694962e+07  5.320992e+02
   248  2.177988e+00  2.170294e+00  3.918075e+00  2.979857e-07  6.329276e-03  4.218204e+07  5.730111e+02
   249  2.193563e+00  2.185845e+00  3.952381e+00  2.649701e-07  6.130524e-03  4.820081e+07  6.174340e+02
   250  2.209185e+00  2.201444e+00  3.986434e+00  2.354341e-07  5.935351e-03  5.513247e+07  6.657020e+02
   251  2.224853e+00  2.217089e+00  4.020220e+00  2.090487e-07  5.743186e-03  6.312132e+07  7.181871e+02
   252  2.240564e+00  2.232779e+00  4.053721e+00  1.854749e-07  5.554531e-03  7.234211e+07  7.753030e+02
   253  2.256317e+00  2.248512e+00  4.086918e+00  1.644270e-07  5.369400e-03  8.299731e+07  8.375068e+02
   254  2.272112e+00  2.264286e+00  4.119796e+00  1.456587e-07  5.187338e-03  9.532161e+07  9.053100e+02
   255  2.287945e+00  2.280100e+00  4.152333e+00  1.289132e-07  5.009141e-03  1.096026e+08  9.792812e+02
   256  2.303816e+00  2.295953e+00  4.184514e+00  1.140038e-07  4.833912e-03  1.261628e+08  1.060056e+03
   257  2.319723e+00  2.311842e+00  4.216317e+00  1.007251e-07  4.662190e-03  1.454010e+08  1.148349e+03
   258  2.335664e+00  2.327767e+00  4.247720e+00  8.890229e-08  4.494234e-03  1.677873e+08  1.244954e+03
   259  2.351640e+00  2.343726e+00  4.278704e+00  7.839741e-08  4.329247e-03  1.938617e+08  1.350768e+03
   260  2.367648e+00  2.359718e+00  4.309247e+00  6.905876e-08  4.167868e-03  2.242974e+08  1.466802e+03
   261  2.383686e+00  2.375741e+00  4.339327e+00  6.076652e-08  4.009875e-03  2.598784e+08  1.594190e+03
   262  2.399755e+00  2.391795e+00  4.368920e+00  5.340843e-08  3.855297e-03  3.015514e+08  1.734219e+03
   263  2.415852e+00  2.407878e+00  4.398003e+00  4.688512e-08  3.704062e-03  3.504498e+08  1.888344e+03
   264  2.431977e+00  2.423989e+00  4.426551e+00  4.110575e-08  3.556231e-03  4.079458e+08  2.058219e+03
   265  2.448128e+00  2.440128e+00  4.454541e+00  3.599046e-08  3.411734e-03  4.756911e+08  2.245725e+03
   266  2.464305e+00  2.456292e+00  4.481946e+00  3.146669e-08  3.270586e-03  5.556945e+08  2.453011e+03
   267  2.480507e+00  2.472481e+00  4.508746e+00  2.747353e-08  3.132312e-03  6.503588e+08  2.682551e+03
   268  2.496732e+00  2.488695e+00  4.534908e+00  2.394365e-08  2.997969e-03  7.627744e+08  2.937170e+03
   269  2.512980e+00  2.504932e+00  4.560415e+00  2.083734e-08  2.866069e-03  8.964261e+08  3.220129e+03
   270  2.529249e+00  2.521191e+00  4.585232e+00  1.809601e-08  2.738189e-03  1.056052e+09  3.535205e+03
   271  2.545540e+00  2.537471e+00  4.609339e+00  1.568855e-08  2.612873e-03  1.246976e+09  3.886756e+03
   272  2.561851e+00  2.553772e+00  4.632710e+00  1.357242e-08  2.490853e-03  1.476280e+09  4.279914e+03
   273  2.578182e+00  2.570093e+00  4.655317e+00  1.171491e-08  2.372125e-03  1.752637e+09  4.720624e+03
   274  2.594531e+00  2.586433e+00  4.677135e+00  1.008818e-08  2.256356e-03  2.086813e+09  5.215880e+03
   275  2.610899e+00  2.602792e+00  4.698144e+00  8.666271e-09  2.143332e-03  2.492431e+09  5.774002e+03
   276  2.627284e+00  2.619168e+00  4.718316e+00  7.422898e-09  2.033715e-03  2.987318e+09  6.404806e+03
   277  2.643685e+00  2.635562e+00  4.737631e+00  6.340297e-09  1.926664e-03  3.593249e+09  7.119999e+03
   278  2.660103e+00  2.651972e+00  4.756067e+00  5.397777e-09  1.822674e-03  4.339408e+09  7.933700e+03
   279  2.676537e+00  2.668398e+00  4.773601e+00  4.578656e-09  1.721856e-03  5.263367e+09  8.862788e+03
   280  2.692985e+00  2.684839e+00  4.790222e+00  3.870849e-09  1.623101e-03  6.412407e+09  9.928003e+03
   281  2.709448e+00  2.701294e+00  4.805906e+00  3.257177e-09  1.528002e-03  7.854105e+09  1.115463e+04
   282  2.725924e+00  2.717764e+00  4.820645e+00  2.729682e-09  1.434942e-03  9.670989e+09  1.257374e+04
   283  2.742413e+00  2.734247e+00  4.834423e+00  2.275277e-09  1.345192e-03  1.198322e+10  1.422422e+04
   284  2.758914e+00  2.750742e+00  4.847237e+00  1.886843e-09  1.257606e-03  1.494486e+10  1.615465e+04
   285  2.775426e+00  2.767249e+00  4.859082e+00  1.555158e-09  1.172680e-03  1.877741e+10  1.842726e+04
   286  2.791948e+00  2.783765e+00  4.869952e+00  1.272550e-09  1.090882e-03  2.379230e+10  2.112086e+04
   287  2.808477e+00  2.800291e+00  4.879856e+00  1.033906e-09  1.011177e-03  3.041624e+10  2.433794e+04
   288  2.825012e+00  2.816823e+00  4.888804e+00  8.329302e-10  9.339469e-04  3.928532e+10  2.821450e+04
   289  2.841548e+00  2.833359e+00  4.896806e+00  6.644756e-10  8.593861e-04  5.133656e+10  3.293094e+04
   290  2.858082e+00  2.849894e+00  4.903884e+00  5.243413e-10  7.872954e-04  6.796998e+10  3.873128e+04
   291  2.874605e+00  2.866422e+00  4.910061e+00  4.085734e-10  7.177954e-04  9.135443e+10  4.595178e+04
   292  2.891105e+00  2.882933e+00  4.915372e+00  3.137730e-10  6.509488e-04  1.249140e+11  5.506258e+04
   293  2.907562e+00  2.899412e+00  4.919859e+00  2.372466e-10  5.859914e-04  1.741223e+11  6.674092e+04
   294  2.923945e+00  2.915831e+00  4.923565e+00  1.756847e-10  5.246188e-04  2.485102e+11  8.196886e+04
   295  2.940197e+00  2.932147e+00  4.926545e+00  1.272711e-10  4.660382e-04  3.639648e+11  1.021791e+05
   296  2.956217e+00  2.948281e+00  4.928872e+00  9.015038e-11  4.092733e-04  5.483095e+11  1.295529e+05
   297  2.971818e+00  2.964088e+00  4.930605e+00  6.182788e-11  3.579998e-04  8.548193e+11  1.672647e+05
   298  2.986641e+00  2.979293e+00  4.931833e+00  4.151560e-11  3.092967e-04  1.369623e+12  2.196061e+05
   299  3.000000e+00  2.993372e+00  4.932628e+00  2.706102e-11  2.707390e-04  2.245848e+12  2.907302e+05
