     i         log_r      log_rmid             m           rho            v2        trelax            kn
     0  -1.694693e+00  -1.995723e+00  4.936543e-05  1.797315e+01  1.923694e-01  1.268550e-01  1.338313e-02
     1  -1.683629e+00  -1.689126e+00  5.328937e-05  1.798709e+01  1.922204e-01  1.268059e-01  1.338313e-02
     2  -1.672566e+00  -1.678062e+00  5.752323e-05  1.798169e+01  1.922126e-01  1.268465e-01  1.338541e-02
     3  -1.661499e+00  -1.666997e+00  6.209370e-05  1.797601e+01  1.922044e-01  1.268893e-01  1.338781e-02
     4  -1.650434e+00  -1.655931e+00  6.702432e-05  1.797003e+01  1.921958e-01  1.269344e-01  1.339034e-02
     5  -1.639361e+00  -1.644863e+00  7.234881e-05  1.796374e+01  1.921867e-01  1.269819e-01  1.339300e-02
     6  -1.628296e+00  -1.633794e+00  7.809033e-05  1.795712e+01  1.921771e-01  1.270318e-01  1.339580e-02
     7  -1.617233e+00  -1.622729e+00  8.428458e-05  1.795016e+01  1.921671e-01  1.270844e-01  1.339874e-02
     8  -1.606167e+00  -1.611665e+00  9.096964e-05  1.794284e+01  1.921565e-01  1.271397e-01  1.340185e-02
     9  -1.595099e+00  -1.600598e+00  9.818356e-05  1.793514e+01  1.921453e-01  1.271980e-01  1.340511e-02
    10  -1.584030e+00  -1.589529e+00  1.059689e-04  1.792704e+01  1.921336e-01  1.272593e-01  1.340855e-02
    11  -1.572968e+00  -1.578464e+00  1.143624e-04  1.791853e+01  1.921213e-01  1.273239e-01  1.341216e-02
    12  -1.561906e+00  -1.567402e+00  1.234185e-04  1.790958e+01  1.921083e-01  1.273918e-01  1.341597e-02
    13  -1.550842e+00  -1.556339e+00  1.331900e-04  1.790016e+01  1.920947e-01  1.274634e-01  1.341997e-02
    14  -1.539782e+00  -1.545277e+00  1.437275e-04  1.789026e+01  1.920803e-01  1.275386e-01  1.342419e-02
    15  -1.528719e+00  -1.534215e+00  1.550994e-04  1.787986e+01  1.920652e-01  1.276179e-01  1.342862e-02
    16  -1.517661e+00  -1.523155e+00  1.673596e-04  1.786892e+01  1.920493e-01  1.277013e-01  1.343329e-02
    17  -1.506607e+00  -1.512099e+00  1.805806e-04  1.785742e+01  1.920326e-01  1.277891e-01  1.343819e-02
    18  -1.495551e+00  -1.501044e+00  1.948435e-04  1.784533e+01  1.920151e-01  1.278815e-01  1.344336e-02
    19  -1.484500e+00  -1.489990e+00  2.102204e-04  1.783262e+01  1.919966e-01  1.279788e-01  1.344879e-02
    20  -1.473450e+00  -1.478940e+00  2.268022e-04  1.781927e+01  1.919772e-01  1.280812e-01  1.345451e-02
    21  -1.462401e+00  -1.467890e+00  2.446857e-04  1.780524e+01  1.919567e-01  1.281889e-01  1.346053e-02
    22  -1.451350e+00  -1.456840e+00  2.639729e-04  1.779049e+01  1.919352e-01  1.283024e-01  1.346686e-02
    23  -1.440305e+00  -1.445792e+00  2.847617e-04  1.777500e+01  1.919126e-01  1.284218e-01  1.347352e-02
    24  -1.429264e+00  -1.434749e+00  3.071688e-04  1.775872e+01  1.918889e-01  1.285474e-01  1.348053e-02
    25  -1.418223e+00  -1.423708e+00  3.313271e-04  1.774162e+01  1.918639e-01  1.286797e-01  1.348790e-02
    26  -1.407188e+00  -1.412670e+00  3.573620e-04  1.772366e+01  1.918376e-01  1.288189e-01  1.349566e-02
    27  -1.396153e+00  -1.401635e+00  3.854278e-04  1.770480e+01  1.918100e-01  1.289655e-01  1.350382e-02
    28  -1.385118e+00  -1.390600e+00  4.156808e-04  1.768498e+01  1.917809e-01  1.291197e-01  1.351241e-02
    29  -1.374088e+00  -1.379568e+00  4.482776e-04  1.766417e+01  1.917504e-01  1.292821e-01  1.352144e-02
    30  -1.363060e+00  -1.368539e+00  4.834077e-04  1.764232e+01  1.917183e-01  1.294531e-01  1.353094e-02
    31  -1.352034e+00  -1.357512e+00  5.212579e-04  1.761938e+01  1.916846e-01  1.296330e-01  1.354094e-02
    32  -1.341012e+00  -1.346488e+00  5.620357e-04  1.759530e+01  1.916491e-01  1.298225e-01  1.355146e-02
    33  -1.329993e+00  -1.335467e+00  6.059606e-04  1.757002e+01  1.916119e-01  1.300219e-01  1.356252e-02
    34  -1.318977e+00  -1.324450e+00  6.532785e-04  1.754350e+01  1.915727e-01  1.302318e-01  1.357416e-02
    35  -1.307964e+00  -1.313435e+00  7.042385e-04  1.751566e+01  1.915316e-01  1.304528e-01  1.358640e-02
    36  -1.296953e+00  -1.302424e+00  7.591240e-04  1.748645e+01  1.914883e-01  1.306855e-01  1.359928e-02
    37  -1.285946e+00  -1.291415e+00  8.182252e-04  1.745581e+01  1.914429e-01  1.309304e-01  1.361282e-02
    38  -1.274942e+00  -1.280409e+00  8.818583e-04  1.742366e+01  1.913951e-01  1.311883e-01  1.362707e-02
    39  -1.263941e+00  -1.269406e+00  9.503637e-04  1.738995e+01  1.913449e-01  1.314598e-01  1.364206e-02
    40  -1.252941e+00  -1.258406e+00  1.024119e-03  1.735460e+01  1.912922e-01  1.317458e-01  1.365783e-02
    41  -1.241946e+00  -1.247409e+00  1.103493e-03  1.731754e+01  1.912369e-01  1.320469e-01  1.367442e-02
    42  -1.230953e+00  -1.236415e+00  1.188917e-03  1.727868e+01  1.911787e-01  1.323639e-01  1.369187e-02
    43  -1.219965e+00  -1.225424e+00  1.280828e-03  1.723796e+01  1.911176e-01  1.326978e-01  1.371022e-02
    44  -1.208978e+00  -1.214437e+00  1.379723e-03  1.719529e+01  1.910535e-01  1.330494e-01  1.372952e-02
    45  -1.197995e+00  -1.203452e+00  1.486103e-03  1.715059e+01  1.909861e-01  1.334197e-01  1.374983e-02
    46  -1.187015e+00  -1.192471e+00  1.600525e-03  1.710376e+01  1.909154e-01  1.338098e-01  1.377119e-02
    47  -1.176038e+00  -1.181492e+00  1.723575e-03  1.705472e+01  1.908411e-01  1.342207e-01  1.379366e-02
    48  -1.165063e+00  -1.170516e+00  1.855885e-03  1.700337e+01  1.907631e-01  1.346535e-01  1.381730e-02
    49  -1.154092e+00  -1.159543e+00  1.998123e-03  1.694962e+01  1.906812e-01  1.351096e-01  1.384216e-02
    50  -1.143122e+00  -1.148572e+00  2.151017e-03  1.689337e+01  1.905953e-01  1.355900e-01  1.386831e-02
    51  -1.132156e+00  -1.137604e+00  2.315332e-03  1.683451e+01  1.905051e-01  1.360963e-01  1.389582e-02
    52  -1.121191e+00  -1.126639e+00  2.491891e-03  1.677294e+01  1.904104e-01  1.366298e-01  1.392476e-02
    53  -1.110229e+00  -1.115676e+00  2.681574e-03  1.670855e+01  1.903110e-01  1.371922e-01  1.395521e-02
    54  -1.099270e+00  -1.104715e+00  2.885299e-03  1.664123e+01  1.902068e-01  1.377849e-01  1.398724e-02
    55  -1.088312e+00  -1.093756e+00  3.104081e-03  1.657088e+01  1.900974e-01  1.384097e-01  1.402093e-02
    56  -1.077356e+00  -1.082800e+00  3.338977e-03  1.649736e+01  1.899826e-01  1.390684e-01  1.405638e-02
    57  -1.066402e+00  -1.071845e+00  3.591122e-03  1.642057e+01  1.898622e-01  1.397630e-01  1.409368e-02
    58  -1.055449e+00  -1.060891e+00  3.861724e-03  1.634039e+01  1.897360e-01  1.404956e-01  1.413291e-02
    59  -1.044498e+00  -1.049939e+00  4.152066e-03  1.625669e+01  1.896036e-01  1.412683e-01  1.417420e-02
    60  -1.033547e+00  -1.038988e+00  4.463517e-03  1.616934e+01  1.894647e-01  1.420835e-01  1.421764e-02
    61  -1.022596e+00  -1.028037e+00  4.797536e-03  1.607822e+01  1.893191e-01  1.429436e-01  1.426335e-02
    62  -1.011647e+00  -1.017087e+00  5.155655e-03  1.598321e+01  1.891665e-01  1.438513e-01  1.431145e-02
    63  -1.000697e+00  -1.006137e+00  5.539526e-03  1.588418e+01  1.890065e-01  1.448094e-01  1.436207e-02
    64  -9.897457e-01  -9.951866e-01  5.950900e-03  1.578099e+01  1.888389e-01  1.458210e-01  1.441534e-02
    65  -9.787941e-01  -9.842354e-01  6.391610e-03  1.567352e+01  1.886631e-01  1.468893e-01  1.447142e-02
    66  -9.678412e-01  -9.732831e-01  6.863620e-03  1.556163e+01  1.884790e-01  1.480176e-01  1.453044e-02
    67  -9.568862e-01  -9.623292e-01  7.369017e-03  1.544521e+01  1.882861e-01  1.492097e-01  1.459257e-02
    68  -9.459290e-01  -9.513731e-01  7.909987e-03  1.532411e+01  1.880840e-01  1.504696e-01  1.465798e-02
    69  -9.349688e-01  -9.404143e-01  8.488863e-03  1.519822e+01  1.878724e-01  1.518014e-01  1.472685e-02
    70  -9.240047e-01  -9.294521e-01  9.108117e-03  1.506741e+01  1.876508e-01  1.532097e-01  1.479937e-02
    71  -9.130364e-01  -9.184859e-01  9.770334e-03  1.493155e+01  1.874187e-01  1.546994e-01  1.487575e-02
    72  -9.020632e-01  -9.075152e-01  1.047826e-02  1.479053e+01  1.871758e-01  1.562757e-01  1.495619e-02
    73  -8.910842e-01  -8.965390e-01  1.123480e-02  1.464424e+01  1.869215e-01  1.579441e-01  1.504093e-02
    74  -8.800985e-01  -8.855566e-01  1.204299e-02  1.449257e+01  1.866554e-01  1.597108e-01  1.513021e-02
    75  -8.691055e-01  -8.745672e-01  1.290606e-02  1.433541e+01  1.863769e-01  1.615824e-01  1.522428e-02
    76  -8.581040e-01  -8.635699e-01  1.382737e-02  1.417266e+01  1.860856e-01  1.635657e-01  1.532342e-02
    77  -8.470931e-01  -8.525637e-01  1.481049e-02  1.400424e+01  1.857808e-01  1.656686e-01  1.542793e-02
    78  -8.360717e-01  -8.415474e-01  1.585915e-02  1.383006e+01  1.854621e-01  1.678991e-01  1.553811e-02
    79  -8.250385e-01  -8.305201e-01  1.697728e-02  1.365006e+01  1.851289e-01  1.702662e-01  1.565429e-02
    80  -8.139925e-01  -8.194804e-01  1.816896e-02  1.346417e+01  1.847804e-01  1.727796e-01  1.577684e-02
    81  -8.029322e-01  -8.084271e-01  1.943850e-02  1.327234e+01  1.844162e-01  1.754499e-01  1.590613e-02
    82  -7.918563e-01  -7.973589e-01  2.079041e-02  1.307453e+01  1.840356e-01  1.782883e-01  1.604256e-02
    83  -7.807631e-01  -7.862743e-01  2.222937e-02  1.287073e+01  1.836380e-01  1.813075e-01  1.618658e-02
    84  -7.696512e-01  -7.751716e-01  2.376030e-02  1.266092e+01  1.832225e-01  1.845208e-01  1.633863e-02
    85  -7.585189e-01  -7.640494e-01  2.538829e-02  1.244511e+01  1.827886e-01  1.879432e-01  1.649923e-02
    86  -7.473642e-01  -7.529057e-01  2.711870e-02  1.222333e+01  1.823355e-01  1.915909e-01  1.666892e-02
    87  -7.361851e-01  -7.417387e-01  2.895704e-02  1.199563e+01  1.818624e-01  1.954815e-01  1.684825e-02
    88  -7.249798e-01  -7.305464e-01  3.090905e-02  1.176205e+01  1.813686e-01  1.996346e-01  1.703787e-02
    89  -7.137459e-01  -7.193266e-01  3.298073e-02  1.152270e+01  1.808532e-01  2.040716e-01  1.723842e-02
    90  -7.024811e-01  -7.080770e-01  3.517823e-02  1.127767e+01  1.803155e-01  2.088161e-01  1.745064e-02
    91  -6.911828e-01  -6.967952e-01  3.750796e-02  1.102710e+01  1.797546e-01  2.138940e-01  1.767531e-02
    92  -6.798483e-01  -6.854785e-01  3.997652e-02  1.077114e+01  1.791696e-01  2.193341e-01  1.791327e-02
    93  -6.684748e-01  -6.741243e-01  4.259071e-02  1.050997e+01  1.785596e-01  2.251681e-01  1.816542e-02
    94  -6.570593e-01  -6.627295e-01  4.535754e-02  1.024379e+01  1.779237e-01  2.314314e-01  1.843277e-02
    95  -6.455983e-01  -6.512910e-01  4.828429e-02  9.972839e+00  1.772609e-01  2.381632e-01  1.871638e-02
    96  -6.340885e-01  -6.398053e-01  5.137828e-02  9.697368e+00  1.765703e-01  2.454072e-01  1.901744e-02
    97  -6.225263e-01  -6.282690e-01  5.464712e-02  9.417669e+00  1.758508e-01  2.532121e-01  1.933721e-02
    98  -6.109075e-01  -6.166781e-01  5.809861e-02  9.134054e+00  1.751015e-01  2.616324e-01  1.967710e-02
    99  -5.992280e-01  -6.050285e-01  6.174066e-02  8.846867e+00  1.743213e-01  2.707293e-01  2.003862e-02
   100  -5.874831e-01  -5.933158e-01  6.558137e-02  8.556480e+00  1.735090e-01  2.805717e-01  2.042346e-02
   101  -5.756681e-01  -5.815354e-01  6.962896e-02  8.263291e+00  1.726635e-01  2.912371e-01  2.083344e-02
   102  -5.637776e-01  -5.696822e-01  7.389183e-02  7.967727e+00  1.717838e-01  3.028130e-01  2.127058e-02
   103  -5.518063e-01  -5.577507e-01  7.837842e-02  7.670242e+00  1.708687e-01  3.153986e-01  2.173712e-02
   104  -5.397480e-01  -5.457353e-01  8.309731e-02  7.371317e+00  1.699168e-01  3.291067e-01  2.223551e-02
   105  -5.275964e-01  -5.336297e-01  8.805718e-02  7.071458e+00  1.689271e-01  3.440657e-01  2.276846e-02
   106  -5.153445e-01  -5.214272e-01  9.326673e-02  6.771192e+00  1.678982e-01  3.604224e-01  2.333899e-02
   107  -5.029851e-01  -5.091208e-01  9.873473e-02  6.471070e+00  1.668289e-01  3.783452e-01  2.395047e-02
   108  -4.905100e-01  -4.967027e-01  1.044700e-01  6.171664e+00  1.657178e-01  3.980276e-01  2.460662e-02
   109  -4.779107e-01  -4.841647e-01  1.104813e-01  5.873560e+00  1.645636e-01  4.196930e-01  2.531163e-02
   110  -4.651780e-01  -4.714977e-01  1.167774e-01  5.577362e+00  1.633649e-01  4.436003e-01  2.607018e-02
   111  -4.523019e-01  -4.586923e-01  1.233670e-01  5.283686e+00  1.621202e-01  4.700504e-01  2.688752e-02
   112  -4.392715e-01  -4.457378e-01  1.302589e-01  4.993157e+00  1.608282e-01  4.993945e-01  2.776957e-02
   113  -4.260751e-01  -4.326232e-01  1.374615e-01  4.706405e+00  1.594873e-01  5.320441e-01  2.872302e-02
   114  -4.127000e-01  -4.193360e-01  1.449834e-01  4.424064e+00  1.580960e-01  5.684838e-01  2.975545e-02
   115  -3.991323e-01  -4.058632e-01  1.528329e-01  4.146765e+00  1.566529e-01  6.092862e-01  3.087549e-02
   116  -3.853572e-01  -3.921901e-01  1.610180e-01  3.875135e+00  1.551562e-01  6.551315e-01  3.209295e-02
   117  -3.713581e-01  -3.783012e-01  1.695469e-01  3.609790e+00  1.536045e-01  7.068317e-01  3.341910e-02
   118  -3.571172e-01  -3.641793e-01  1.784273e-01  3.351332e+00  1.519961e-01  7.653610e-01  3.486686e-02
   119  -3.426150e-01  -3.498056e-01  1.876667e-01  3.100344e+00  1.503294e-01  8.318945e-01  3.645112e-02
   120  -3.278299e-01  -3.351595e-01  1.972725e-01  2.857386e+00  1.486026e-01  9.078578e-01  3.818916e-02
   121  -3.127384e-01  -3.202186e-01  2.072515e-01  2.622991e+00  1.468142e-01  9.949911e-01  4.010101e-02
   122  -2.973146e-01  -3.049581e-01  2.176105e-01  2.397657e+00  1.449624e-01  1.095432e+00  4.221012e-02
   123  -2.815300e-01  -2.893506e-01  2.283559e-01  2.181845e+00  1.430456e-01  1.211822e+00  4.454393e-02
   124  -2.653528e-01  -2.733661e-01  2.394938e-01  1.975975e+00  1.410621e-01  1.347452e+00  4.713483e-02
   125  -2.487481e-01  -2.569711e-01  2.510298e-01  1.780416e+00  1.390102e-01  1.506451e+00  5.002114e-02
   126  -2.316770e-01  -2.401286e-01  2.629693e-01  1.595489e+00  1.368886e-01  1.694036e+00  5.324849e-02
   127  -2.140962e-01  -2.227976e-01  2.753172e-01  1.421456e+00  1.346955e-01  1.916858e+00  5.687147e-02
   128  -1.959578e-01  -2.049323e-01  2.880780e-01  1.258519e+00  1.324299e-01  2.183471e+00  6.095579e-02
   129  -1.772078e-01  -1.864816e-01  3.012559e-01  1.106815e+00  1.300904e-01  2.504969e+00  6.558093e-02
   130  -1.577863e-01  -1.673885e-01  3.148546e-01  9.664141e-01  1.276762e-01  2.895888e+00  7.084369e-02
   131  -1.376259e-01  -1.475891e-01  3.288774e-01  8.373123e-01  1.251867e-01  3.375464e+00  7.686258e-02
   132  -1.166515e-01  -1.270121e-01  3.433271e-01  7.194323e-01  1.226217e-01  3.969414e+00  8.378361e-02
   133  -9.477881e-02  -1.055775e-01  3.582062e-01  6.126197e-01  1.199818e-01  4.712500e+00  9.178772e-02
   134  -7.191383e-02  -8.319586e-02  3.735166e-01  5.166409e-01  1.172681e-01  5.652249e+00  1.011005e-01
   135  -4.795191e-02  -5.976763e-02  3.892599e-01  4.311834e-01  1.144827e-01  6.854377e+00  1.120048e-01
   136  -2.277719e-02  -3.518216e-02  4.054373e-01  3.558550e-01  1.116290e-01  8.410821e+00  1.248569e-01
   137  3.737357e-03  -9.317602e-03  4.220493e-01  2.901854e-01  1.087120e-01  1.045167e+01  1.401074e-01
   138  3.172896e-02  1.795864e-02  4.390963e-01  2.336296e-01  1.057383e-01  1.316303e+01  1.583280e-01
   139  6.134262e-02  4.678815e-02  4.565780e-01  1.855720e-01  1.027171e-01  1.681382e+01  1.802438e-01
   140  9.272627e-02  7.731787e-02  4.744939e-01  1.453337e-01  9.965986e-02  2.179583e+01  2.067733e-01
   141  1.260223e-01  1.096933e-01  4.928430e-01  1.121827e-01  9.658113e-02  2.868322e+01  2.390720e-01
   142  1.613550e-01  1.440479e-01  5.116240e-01  8.534609e-02  9.349816e-02  3.831906e+01  2.785764e-01
   143  1.988101e-01  1.804862e-01  5.308350e-01  6.402717e-02  9.043067e-02  5.193712e+01  3.270376e-01
   144  2.384112e-01  2.190619e-01  5.504739e-01  4.742518e-02  8.739973e-02  7.132405e+01  3.865256e-01
   145  2.800890e-01  2.597499e-01  5.705382e-01  3.475798e-02  8.442594e-02  9.901650e+01  4.593805e-01
   146  3.236530e-01  3.024170e-01  5.910251e-01  2.528622e-02  8.152711e-02  1.385049e+02  5.480810e-01
   147  3.687716e-01  3.467980e-01  6.119315e-01  1.833640e-02  7.871571e-02  1.943817e+02  6.550132e-01
   148  4.149747e-01  3.924873e-01  6.332539e-01  1.331952e-02  7.599732e-02  2.723406e+02  7.821578e-01
   149  4.616827e-01  4.389563e-01  6.549885e-01  9.742608e-03  7.337085e-02  3.789335e+02  9.307614e-01
   150  5.082650e-01  4.855981e-01  6.771312e-01  7.211103e-03  7.083091e-02  5.210590e+02  1.101097e+00
   151  5.541096e-01  5.317920e-01  6.996779e-01  5.422541e-03  6.837137e-02  7.052774e+02  1.292407e+00
   152  5.986880e-01  5.769705e-01  7.226239e-01  4.153902e-03  6.598842e-02  9.371516e+02  1.503058e+00
   153  6.415963e-01  6.206718e-01  7.459645e-01  3.245931e-03  6.368193e-02  1.220823e+03  1.730852e+00
   154  6.825686e-01  6.625655e-01  7.696946e-01  2.587604e-03  6.145496e-02  1.558920e+03  1.973379e+00
   155  7.214667e-01  7.024530e-01  7.938092e-01  2.102703e-03  5.931205e-02  1.952767e+03  2.228319e+00
   156  7.582554e-01  7.402505e-01  8.183029e-01  1.739293e-03  5.725762e-02  2.402761e+03  2.493645e+00
   157  7.929753e-01  7.759623e-01  8.431702e-01  1.462002e-03  5.529470e-02  2.908777e+03  2.767720e+00
   158  8.257165e-01  8.096544e-01  8.684054e-01  1.246620e-03  5.342440e-02  3.470533e+03  3.049305e+00
   159  8.565980e-01  8.414317e-01  8.940028e-01  1.076431e-03  5.164596e-02  4.087857e+03  3.337540e+00
   160  8.857527e-01  8.714199e-01  9.199565e-01  9.397570e-04  4.995700e-02  4.760869e+03  3.631882e+00
   161  9.133165e-01  8.997532e-01  9.462603e-01  8.283328e-04  4.835397e-02  5.490085e+03  3.932052e+00
   162  9.394226e-01  9.265657e-01  9.729084e-01  7.362247e-04  4.683252e-02  6.276476e+03  4.237979e+00
   163  9.641972e-01  9.519865e-01  9.998945e-01  6.591114e-04  4.538785e-02  7.121498e+03  4.549760e+00
   164  9.877575e-01  9.761371e-01  1.027212e+00  5.938008e-04  4.401502e-02  8.027102e+03  4.867623e+00
   165  1.010211e+00  9.991294e-01  1.054856e+00  5.379019e-04  4.270910e-02  8.995736e+03  5.191896e+00
   166  1.031656e+00  1.021066e+00  1.082819e+00  4.896000e-04  4.146532e-02  1.003035e+04  5.522994e+00
   167  1.052181e+00  1.042040e+00  1.111094e+00  4.474997e-04  4.027915e-02  1.113441e+04  5.861398e+00
   168  1.071867e+00  1.062135e+00  1.139677e+00  4.105154e-04  3.914637e-02  1.231189e+04  6.207651e+00
   169  1.090785e+00  1.081429e+00  1.168559e+00  3.777926e-04  3.806305e-02  1.356734e+04  6.562347e+00
   170  1.109001e+00  1.099989e+00  1.197736e+00  3.486519e-04  3.702560e-02  1.490586e+04  6.926131e+00
   171  1.126575e+00  1.117877e+00  1.227200e+00  3.225470e-04  3.603074e-02  1.633317e+04  7.299694e+00
   172  1.143558e+00  1.135150e+00  1.256946e+00  2.990353e-04  3.507549e-02  1.785565e+04  7.683775e+00
   173  1.160001e+00  1.151858e+00  1.286966e+00  2.777542e-04  3.415717e-02  1.948042e+04  8.079165e+00
   174  1.175946e+00  1.168047e+00  1.317256e+00  2.584048e-04  3.327337e-02  2.121539e+04  8.486704e+00
   175  1.191434e+00  1.183759e+00  1.347808e+00  2.407386e-04  3.242193e-02  2.306932e+04  8.907287e+00
   176  1.206502e+00  1.199034e+00  1.378616e+00  2.245474e-04  3.160093e-02  2.505198e+04  9.341871e+00
   177  1.221183e+00  1.213904e+00  1.409675e+00  2.096556e-04  3.080866e-02  2.717422e+04  9.791474e+00
   178  1.235508e+00  1.228404e+00  1.440978e+00  1.959144e-04  3.004364e-02  2.944810e+04  1.025719e+01
   179  1.249505e+00  1.242563e+00  1.472519e+00  1.831967e-04  2.930455e-02  3.188708e+04  1.074018e+01
   180  1.263202e+00  1.256408e+00  1.504292e+00  1.713935e-04  2.859026e-02  3.450615e+04  1.124169e+01
   181  1.276624e+00  1.269965e+00  1.536292e+00  1.604108e-04  2.789980e-02  3.732208e+04  1.176306e+01
   182  1.289793e+00  1.283259e+00  1.568512e+00  1.501672e-04  2.723234e-02  4.035360e+04  1.230574e+01
   183  1.302732e+00  1.296311e+00  1.600947e+00  1.405920e-04  2.658721e-02  4.362174e+04  1.287126e+01
   184  1.315462e+00  1.309144e+00  1.633591e+00  1.316234e-04  2.596383e-02  4.715009e+04  1.346130e+01
   185  1.328003e+00  1.321778e+00  1.666439e+00  1.232074e-04  2.536174e-02  5.096518e+04  1.407764e+01
   186  1.340373e+00  1.334232e+00  1.699484e+00  1.152968e-04  2.478058e-02  5.509686e+04  1.472222e+01
   187  1.352592e+00  1.346525e+00  1.732722e+00  1.078501e-04  2.422007e-02  5.957879e+04  1.539713e+01
   188  1.364676e+00  1.358676e+00  1.766147e+00  1.008308e-04  2.367999e-02  6.444894e+04  1.610461e+01
   189  1.376644e+00  1.370702e+00  1.799754e+00  9.420709e-05  2.316016e-02  6.975023e+04  1.684710e+01
   190  1.388512e+00  1.382619e+00  1.833536e+00  8.795087e-05  2.266042e-02  7.553111e+04  1.762722e+01
   191  1.400297e+00  1.394445e+00  1.867490e+00  8.203777e-05  2.218062e-02  8.184635e+04  1.844777e+01
   192  1.412015e+00  1.406196e+00  1.901609e+00  7.644644e-05  2.172057e-02  8.875791e+04  1.931183e+01
   193  1.423681e+00  1.417887e+00  1.935889e+00  7.115831e-05  2.128004e-02  9.633590e+04  2.022268e+01
   194  1.435312e+00  1.429536e+00  1.970325e+00  6.615728e-05  2.085868e-02  1.046596e+05  2.118388e+01
   195  1.446923e+00  1.441156e+00  2.004912e+00  6.142946e-05  2.045606e-02  1.138183e+05  2.219925e+01
   196  1.458527e+00  1.452764e+00  2.039645e+00  5.696295e-05  2.007160e-02  1.239129e+05  2.327290e+01
   197  1.470141e+00  1.464373e+00  2.074518e+00  5.274736e-05  1.970456e-02  1.350566e+05  2.440923e+01
   198  1.481776e+00  1.475997e+00  2.109526e+00  4.877353e-05  1.935399e-02  1.473773e+05  2.561299e+01
   199  1.493447e+00  1.487651e+00  2.144666e+00  4.503328e-05  1.901879e-02  1.610182e+05  2.688930e+01
   200  1.505165e+00  1.499345e+00  2.179932e+00  4.151913e-05  1.869764e-02  1.761402e+05  2.824361e+01
   201  1.516941e+00  1.511093e+00  2.215319e+00  3.822395e-05  1.838909e-02  1.929231e+05  2.968178e+01
   202  1.528786e+00  1.522904e+00  2.250822e+00  3.514070e-05  1.809152e-02  2.115690e+05  3.121009e+01
   203  1.540709e+00  1.534788e+00  2.286438e+00  3.226220e-05  1.780327e-02  2.323037e+05  3.283529e+01
   204  1.552716e+00  1.546754e+00  2.322160e+00  2.958101e-05  1.752266e-02  2.553800e+05  3.456457e+01
   205  1.564815e+00  1.558808e+00  2.357985e+00  2.708927e-05  1.724805e-02  2.810818e+05  3.640568e+01
   206  1.577011e+00  1.570956e+00  2.393907e+00  2.477866e-05  1.697792e-02  3.097276e+05  3.836689e+01
   207  1.589307e+00  1.583203e+00  2.429923e+00  2.264046e-05  1.671091e-02  3.416762e+05  4.045713e+01
   208  1.601708e+00  1.595552e+00  2.466027e+00  2.066561e-05  1.644589e-02  3.773315e+05  4.268595e+01
   209  1.614214e+00  1.608006e+00  2.502214e+00  1.884487e-05  1.618194e-02  4.171494e+05  4.506361e+01
   210  1.626828e+00  1.620567e+00  2.538480e+00  1.716889e-05  1.591835e-02  4.616457e+05  4.760117e+01
   211  1.639549e+00  1.633235e+00  2.574820e+00  1.562840e-05  1.565463e-02  5.114038e+05  5.031054e+01
   212  1.652380e+00  1.646012e+00  2.611229e+00  1.421432e-05  1.539047e-02  5.670850e+05  5.320456e+01
   213  1.665318e+00  1.658897e+00  2.647704e+00  1.291782e-05  1.512566e-02  6.294388e+05  5.629708e+01
   214  1.678364e+00  1.671890e+00  2.684236e+00  1.173049e-05  1.486015e-02  6.993138e+05  5.960298e+01
   215  1.691518e+00  1.684991e+00  2.720824e+00  1.064429e-05  1.459393e-02  7.776735e+05  6.313836e+01
   216  1.704777e+00  1.698198e+00  2.757461e+00  9.651571e-06  1.432706e-02  8.656123e+05  6.692065e+01
   217  1.718141e+00  1.711510e+00  2.794143e+00  8.745168e-06  1.405965e-02  9.643718e+05  7.096862e+01
   218  1.731608e+00  1.724927e+00  2.830864e+00  7.918337e-06  1.379184e-02  1.075363e+06  7.530255e+01
   219  1.745177e+00  1.738446e+00  2.867619e+00  7.164765e-06  1.352376e-02  1.200188e+06  7.994438e+01
   220  1.758847e+00  1.752066e+00  2.904402e+00  6.478549e-06  1.325560e-02  1.340672e+06  8.491787e+01
   221  1.772615e+00  1.765786e+00  2.941208e+00  5.854189e-06  1.298753e-02  1.498891e+06  9.024872e+01
   222  1.786481e+00  1.779603e+00  2.978032e+00  5.286570e-06  1.271974e-02  1.677208e+06  9.596472e+01
   223  1.800441e+00  1.793517e+00  3.014867e+00  4.770947e-06  1.245241e-02  1.878316e+06  1.020960e+02
   224  1.814494e+00  1.807524e+00  3.051708e+00  4.302921e-06  1.218574e-02  2.105284e+06  1.086751e+02
   225  1.828639e+00  1.821624e+00  3.088549e+00  3.878411e-06  1.191991e-02  2.361618e+06  1.157376e+02
   226  1.842872e+00  1.835814e+00  3.125383e+00  3.493649e-06  1.165513e-02  2.651321e+06  1.233217e+02
   227  1.857193e+00  1.850092e+00  3.162204e+00  3.145165e-06  1.139159e-02  2.978958e+06  1.314692e+02
   228  1.871598e+00  1.864455e+00  3.199004e+00  2.829767e-06  1.112945e-02  3.349750e+06  1.402250e+02
   229  1.886086e+00  1.878903e+00  3.235778e+00  2.544512e-06  1.086887e-02  3.769670e+06  1.496385e+02
   230  1.900655e+00  1.893432e+00  3.272518e+00  2.286689e-06  1.061001e-02  4.245560e+06  1.597630e+02
   231  1.915302e+00  1.908040e+00  3.309218e+00  2.053804e-06  1.035308e-02  4.785268e+06  1.706568e+02
   232  1.930026e+00  1.922727e+00  3.345867e+00  1.843579e-06  1.009826e-02  5.397777e+06  1.823827e+02
   233  1.944824e+00  1.937488e+00  3.382461e+00  1.653942e-06  9.845613e-03  6.093381e+06  1.950097e+02
   234  1.959694e+00  1.952323e+00  3.418989e+00  1.482969e-06  9.595352e-03  6.883945e+06  2.086129e+02
   235  1.974634e+00  1.967228e+00  3.455443e+00  1.328925e-06  9.347567e-03  7.783056e+06  2.232740e+02
   236  1.989642e+00  1.982203e+00  3.491816e+00  1.190211e-06  9.102405e-03  8.806388e+06  2.390824e+02
   237  2.004716e+00  1.997244e+00  3.528096e+00  1.065370e-06  8.860041e-03  9.971984e+06  2.561354e+02
   238  2.019853e+00  2.012350e+00  3.564275e+00  9.530921e-07  8.620466e-03  1.130056e+07  2.745396e+02
   239  2.035052e+00  2.027519e+00  3.600342e+00  8.521642e-07  8.383826e-03  1.281609e+07  2.944116e+02
   240  2.050311e+00  2.042749e+00  3.636288e+00  7.614908e-07  8.150204e-03  1.454625e+07  3.158793e+02
   241  2.065628e+00  2.058037e+00  3.672101e+00  6.800639e-07  7.919825e-03  1.652314e+07  3.390823e+02
   242  2.081000e+00  2.073382e+00  3.707770e+00  6.070005e-07  7.692524e-03  1.878350e+07  3.641739e+02
   243  2.096427e+00  2.088782e+00  3.743285e+00  5.414723e-07  7.468406e-03  2.137026e+07  3.913233e+02
   244  2.111905e+00  2.104235e+00  3.778631e+00  4.827128e-07  7.247869e-03  2.433358e+07  4.207152e+02
   245  2.127434e+00  2.119739e+00  3.813796e+00  4.300724e-07  7.030649e-03  2.773069e+07  4.525528e+02
   246  2.143012e+00  2.135293e+00  3.848769e+00  3.829401e-07  6.816753e-03  3.162863e+07  4.870612e+02
   247  2.158636e+00  2.150894e+00  3.883532e+00  3.407442e-07  6.606585e-03  3.610631e+07  5.244874e+02
   248  2.174305e+00  2.166541e+00  3.918075e+00  3.030147e-07  6.399623e-03  4.125334e+07  5.651044e+02
   249  2.190018e+00  2.182233e+00  3.952381e+00  2.692805e-07  6.196243e-03  4.717706e+07  6.092157e+02
   250  2.205773e+00  2.197967e+00  3.986434e+00  2.391258e-07  5.996733e-03  5.400279e+07  6.571540e+02
   251  2.221568e+00  2.213743e+00  4.020220e+00  2.122091e-07  5.800478e-03  6.187341e+07  7.092900e+02
   252  2.237402e+00  2.229558e+00  4.053721e+00  1.881786e-07  5.607989e-03  7.096206e+07  7.660358e+02
   253  2.253274e+00  2.245411e+00  4.086918e+00  1.667383e-07  5.419264e-03  8.146940e+07  8.278467e+02
   254  2.269182e+00  2.261301e+00  4.119796e+00  1.476336e-07  5.233820e-03  9.362796e+07  8.952325e+02
   255  2.285124e+00  2.277226e+00  4.152333e+00  1.305991e-07  5.052465e-03  1.077230e+08  9.687597e+02
   256  2.301099e+00  2.293185e+00  4.184514e+00  1.154422e-07  4.874264e-03  1.240740e+08  1.049061e+03
   257  2.317107e+00  2.309177e+00  4.216317e+00  1.019515e-07  4.699759e-03  1.430766e+08  1.136850e+03
   258  2.333146e+00  2.325200e+00  4.247720e+00  8.994690e-08  4.529205e-03  1.651973e+08  1.232917e+03
   259  2.349214e+00  2.341254e+00  4.278704e+00  7.928666e-08  4.361775e-03  1.909714e+08  1.338154e+03
   260  2.365311e+00  2.357337e+00  4.309247e+00  6.981503e-08  4.198115e-03  2.210670e+08  1.453571e+03
   261  2.381435e+00  2.373448e+00  4.339327e+00  6.140914e-08  4.037986e-03  2.562622e+08  1.580298e+03
   262  2.397586e+00  2.389585e+00  4.368920e+00  5.395396e-08  3.881410e-03  2.974966e+08  1.719615e+03
   263  2.413762e+00  2.405749e+00  4.398003e+00  4.734777e-08  3.728307e-03  3.458953e+08  1.872976e+03
   264  2.429962e+00  2.421938e+00  4.426551e+00  4.149769e-08  3.578730e-03  4.028205e+08  2.042026e+03
   265  2.446186e+00  2.438150e+00  4.454541e+00  3.632213e-08  3.432601e-03  4.699125e+08  2.228643e+03
   266  2.462433e+00  2.454386e+00  4.481946e+00  3.174702e-08  3.289929e-03  5.491662e+08  2.434967e+03
   267  2.478701e+00  2.470643e+00  4.508746e+00  2.771019e-08  3.150228e-03  6.429682e+08  2.663465e+03
   268  2.494991e+00  2.486922e+00  4.534908e+00  2.414311e-08  3.014558e-03  7.543884e+08  2.916952e+03
   269  2.511300e+00  2.503222e+00  4.560415e+00  2.100526e-08  2.881412e-03  8.868890e+08  3.198682e+03
   270  2.527629e+00  2.519541e+00  4.585232e+00  1.823710e-08  2.752376e-03  1.045178e+09  3.512417e+03
   271  2.543976e+00  2.535880e+00  4.609339e+00  1.580692e-08  2.625975e-03  1.234547e+09  3.862503e+03
   272  2.560342e+00  2.552236e+00  4.632710e+00  1.367153e-08  2.502944e-03  1.462033e+09  4.254059e+03
   273  2.576725e+00  2.568611e+00  4.655317e+00  1.179773e-08  2.383274e-03  1.736259e+09  4.693011e+03
   274  2.593124e+00  2.585002e+00  4.677135e+00  1.015722e-08  2.266624e-03  2.067927e+09  5.186334e+03
   275  2.609540e+00  2.601410e+00  4.698144e+00  8.723702e-09  2.152777e-03  2.470584e+09  5.742325e+03
   276  2.625971e+00  2.617834e+00  4.718316e+00  7.470529e-09  2.042395e-03  2.961957e+09  6.370775e+03
   277  2.642418e+00  2.634272e+00  4.737631e+00  6.379691e-09  1.934627e-03  3.563705e+09  7.083360e+03
   278  2.658879e+00  2.650726e+00  4.756067e+00  5.430247e-09  1.829968e-03  4.304856e+09  7.894164e+03
   279  2.675353e+00  2.667194e+00  4.773601e+00  4.605316e-09  1.728526e-03  5.222790e+09  8.820029e+03
   280  2.691841e+00  2.683676e+00  4.790222e+00  3.892659e-09  1.629186e-03  6.364560e+09  9.881646e+03
   281  2.708343e+00  2.700170e+00  4.805906e+00  3.274925e-09  1.533543e-03  7.797417e+09  1.110425e+04
   282  2.724856e+00  2.716678e+00  4.820645e+00  2.744055e-09  1.439970e-03  9.603520e+09  1.251885e+04
   283  2.741381e+00  2.733197e+00  4.834423e+00  2.286841e-09  1.349743e-03  1.190251e+10  1.416427e+04
   284  2.757917e+00  2.749728e+00  4.847237e+00  1.896084e-09  1.261707e-03  1.484783e+10  1.608902e+04
   285  2.774463e+00  2.766269e+00  4.859082e+00  1.562482e-09  1.176356e-03  1.866017e+10  1.835527e+04
   286  2.791018e+00  2.782820e+00  4.869952e+00  1.278294e-09  1.094160e-03  2.364988e+10  2.104176e+04
   287  2.807581e+00  2.799378e+00  4.879856e+00  1.038358e-09  1.014076e-03  3.024248e+10  2.425095e+04
   288  2.824149e+00  2.815944e+00  4.888804e+00  8.363300e-10  9.364852e-04  3.907256e+10  2.811891e+04
   289  2.840719e+00  2.832513e+00  4.896806e+00  6.670207e-10  8.615779e-04  5.107559e+10  3.282622e+04
   290  2.857287e+00  2.849082e+00  4.903884e+00  5.261972e-10  7.891510e-04  6.765056e+10  3.861743e+04
   291  2.873846e+00  2.865645e+00  4.910061e+00  4.098770e-10  7.193206e-04  9.096729e+10  4.582999e+04
   292  2.890385e+00  2.882194e+00  4.915372e+00  3.146372e-10  6.521428e-04  1.244568e+11  5.493655e+04
   293  2.906886e+00  2.898714e+00  4.919859e+00  2.377646e-10  5.868435e-04  1.736168e+11  6.661975e+04
   294  2.923319e+00  2.915180e+00  4.923565e+00  1.759309e-10  5.251085e-04  2.480466e+11  8.187327e+04
   295  2.939633e+00  2.931553e+00  4.926545e+00  1.273068e-10  4.661251e-04  3.638288e+11  1.021552e+05
   296  2.955734e+00  2.947758e+00  4.928872e+00  9.002367e-11  4.088894e-04  5.493389e+11  1.297049e+05
   297  2.971445e+00  2.963660e+00  4.930605e+00  6.157708e-11  3.570308e-04  8.594648e+11  1.678322e+05
   298  2.986423e+00  2.978999e+00  4.931833e+00  4.116875e-11  3.075714e-04  1.385031e+12  2.211469e+05
   299  3.000000e+00  2.993265e+00  4.932628e+00  2.664637e-11  2.679660e-04  2.292568e+12  2.944957e+05
