     i         log_r      log_rmid             m           rho            v2        trelax            kn
     0  -1.777813e+00  -2.078843e+00  4.936543e-05  3.191411e+01  2.557718e-02  1.959255e-01  2.754356e-02
     1  -1.765253e+00  -1.771488e+00  5.328937e-05  2.798870e+01  2.916438e-02  2.092141e-01  2.754356e-02
     2  -1.752702e+00  -1.758932e+00  5.752323e-05  2.770965e+01  2.936790e-02  2.105875e-01  2.758581e-02
     3  -1.740149e+00  -1.746380e+00  6.209370e-05  2.742411e+01  2.957911e-02  2.120191e-01  2.762988e-02
     4  -1.727597e+00  -1.733828e+00  6.702432e-05  2.713207e+01  2.979830e-02  2.135115e-01  2.767582e-02
     5  -1.715032e+00  -1.721269e+00  7.234881e-05  2.683346e+01  3.002582e-02  2.150681e-01  2.772375e-02
     6  -1.702465e+00  -1.708703e+00  7.809033e-05  2.652833e+01  3.026194e-02  2.166914e-01  2.777374e-02
     7  -1.689888e+00  -1.696131e+00  8.428458e-05  2.621685e+01  3.050686e-02  2.183839e-01  2.782587e-02
     8  -1.677292e+00  -1.683544e+00  9.096964e-05  2.589893e+01  3.076100e-02  2.201496e-01  2.788025e-02
     9  -1.664675e+00  -1.670937e+00  9.818356e-05  2.557459e+01  3.102472e-02  2.219921e-01  2.793698e-02
    10  -1.652032e+00  -1.658307e+00  1.059689e-04  2.524391e+01  3.129834e-02  2.239148e-01  2.799618e-02
    11  -1.639374e+00  -1.645657e+00  1.143624e-04  2.490715e+01  3.158204e-02  2.259206e-01  2.805793e-02
    12  -1.626687e+00  -1.632984e+00  1.234185e-04  2.456449e+01  3.187612e-02  2.280130e-01  2.812232e-02
    13  -1.613967e+00  -1.620280e+00  1.331900e-04  2.421592e+01  3.218102e-02  2.301967e-01  2.818950e-02
    14  -1.601218e+00  -1.607546e+00  1.437275e-04  2.386171e+01  3.249698e-02  2.324753e-01  2.825956e-02
    15  -1.588429e+00  -1.594777e+00  1.550994e-04  2.350203e+01  3.282432e-02  2.348533e-01  2.833265e-02
    16  -1.575609e+00  -1.581972e+00  1.673596e-04  2.313714e+01  3.316333e-02  2.373347e-01  2.840886e-02
    17  -1.562752e+00  -1.569133e+00  1.805806e-04  2.276741e+01  3.351418e-02  2.399232e-01  2.848831e-02
    18  -1.549851e+00  -1.556254e+00  1.948435e-04  2.239297e+01  3.387726e-02  2.426242e-01  2.857115e-02
    19  -1.536910e+00  -1.543332e+00  2.102204e-04  2.201415e+01  3.425284e-02  2.454425e-01  2.865751e-02
    20  -1.523925e+00  -1.530369e+00  2.268022e-04  2.163133e+01  3.464110e-02  2.483825e-01  2.874751e-02
    21  -1.510892e+00  -1.517360e+00  2.446857e-04  2.124474e+01  3.504239e-02  2.514500e-01  2.884132e-02
    22  -1.497807e+00  -1.504300e+00  2.639729e-04  2.085469e+01  3.545699e-02  2.546510e-01  2.893909e-02
    23  -1.484678e+00  -1.491193e+00  2.847617e-04  2.046164e+01  3.588503e-02  2.579900e-01  2.904096e-02
    24  -1.471501e+00  -1.478039e+00  3.071688e-04  2.006605e+01  3.632660e-02  2.614723e-01  2.914704e-02
    25  -1.458270e+00  -1.464835e+00  3.313271e-04  1.966824e+01  3.678198e-02  2.651044e-01  2.925751e-02
    26  -1.444989e+00  -1.451578e+00  3.573620e-04  1.926860e+01  3.725134e-02  2.688926e-01  2.937255e-02
    27  -1.431652e+00  -1.438269e+00  3.854278e-04  1.886754e+01  3.773483e-02  2.728434e-01  2.949232e-02
    28  -1.418258e+00  -1.424903e+00  4.156808e-04  1.846539e+01  3.823267e-02  2.769645e-01  2.961700e-02
    29  -1.404811e+00  -1.411483e+00  4.482776e-04  1.806265e+01  3.874490e-02  2.812622e-01  2.974677e-02
    30  -1.391306e+00  -1.398006e+00  4.834077e-04  1.765972e+01  3.927158e-02  2.857439e-01  2.988179e-02
    31  -1.377745e+00  -1.384472e+00  5.212579e-04  1.725701e+01  3.981283e-02  2.904177e-01  3.002227e-02
    32  -1.364126e+00  -1.370882e+00  5.620357e-04  1.685495e+01  4.036863e-02  2.952912e-01  3.016838e-02
    33  -1.350451e+00  -1.357235e+00  6.059606e-04  1.645397e+01  4.093899e-02  3.003729e-01  3.032033e-02
    34  -1.336717e+00  -1.343530e+00  6.532785e-04  1.605444e+01  4.152395e-02  3.056720e-01  3.047831e-02
    35  -1.322925e+00  -1.329766e+00  7.042385e-04  1.565675e+01  4.212345e-02  3.111977e-01  3.064255e-02
    36  -1.309074e+00  -1.315945e+00  7.591240e-04  1.526129e+01  4.273747e-02  3.169600e-01  3.081327e-02
    37  -1.295165e+00  -1.302064e+00  8.182252e-04  1.486840e+01  4.336593e-02  3.229694e-01  3.099069e-02
    38  -1.281197e+00  -1.288125e+00  8.818583e-04  1.447847e+01  4.400870e-02  3.292364e-01  3.117504e-02
    39  -1.267172e+00  -1.274128e+00  9.503637e-04  1.409184e+01  4.466567e-02  3.357727e-01  3.136656e-02
    40  -1.253086e+00  -1.260071e+00  1.024119e-03  1.370880e+01  4.533672e-02  3.425907e-01  3.156553e-02
    41  -1.238943e+00  -1.245957e+00  1.103493e-03  1.332967e+01  4.602166e-02  3.497031e-01  3.177217e-02
    42  -1.224743e+00  -1.231785e+00  1.188917e-03  1.295477e+01  4.672025e-02  3.571229e-01  3.198677e-02
    43  -1.210487e+00  -1.217557e+00  1.280828e-03  1.258437e+01  4.743226e-02  3.648645e-01  3.220958e-02
    44  -1.196174e+00  -1.203272e+00  1.379723e-03  1.221871e+01  4.815748e-02  3.729432e-01  3.244092e-02
    45  -1.181805e+00  -1.188930e+00  1.486103e-03  1.185803e+01  4.889565e-02  3.813752e-01  3.268108e-02
    46  -1.167381e+00  -1.174533e+00  1.600525e-03  1.150255e+01  4.964645e-02  3.901772e-01  3.293037e-02
    47  -1.152902e+00  -1.160081e+00  1.723575e-03  1.115246e+01  5.040959e-02  3.993674e-01  3.318912e-02
    48  -1.138369e+00  -1.145574e+00  1.855885e-03  1.080796e+01  5.118472e-02  4.089650e-01  3.345767e-02
    49  -1.123783e+00  -1.131015e+00  1.998123e-03  1.046920e+01  5.197149e-02  4.189901e-01  3.373637e-02
    50  -1.109144e+00  -1.116402e+00  2.151017e-03  1.013634e+01  5.276951e-02  4.294646e-01  3.402559e-02
    51  -1.094454e+00  -1.101737e+00  2.315332e-03  9.809491e+00  5.357841e-02  4.404115e-01  3.432572e-02
    52  -1.079713e+00  -1.087021e+00  2.491891e-03  9.488775e+00  5.439775e-02  4.518553e-01  3.463715e-02
    53  -1.064922e+00  -1.072255e+00  2.681574e-03  9.174287e+00  5.522710e-02  4.638222e-01  3.496032e-02
    54  -1.050083e+00  -1.057439e+00  2.885299e-03  8.866121e+00  5.606597e-02  4.763396e-01  3.529565e-02
    55  -1.035195e+00  -1.042575e+00  3.104081e-03  8.564343e+00  5.691388e-02  4.894370e-01  3.564361e-02
    56  -1.020260e+00  -1.027663e+00  3.338977e-03  8.269000e+00  5.777034e-02  5.031466e-01  3.600467e-02
    57  -1.005279e+00  -1.012705e+00  3.591122e-03  7.980137e+00  5.863481e-02  5.175018e-01  3.637934e-02
    58  -9.902529e-01  -9.977011e-01  3.861724e-03  7.697783e+00  5.950674e-02  5.325388e-01  3.676816e-02
    59  -9.751823e-01  -9.826522e-01  4.152066e-03  7.421954e+00  6.038557e-02  5.482961e-01  3.717167e-02
    60  -9.600681e-01  -9.675594e-01  4.463517e-03  7.152660e+00  6.127070e-02  5.648147e-01  3.759045e-02
    61  -9.449111e-01  -9.524235e-01  4.797536e-03  6.889892e+00  6.216153e-02  5.821390e-01  3.802513e-02
    62  -9.297128e-01  -9.372454e-01  5.155655e-03  6.633643e+00  6.305740e-02  6.003159e-01  3.847633e-02
    63  -9.144735e-01  -9.220263e-01  5.539526e-03  6.383892e+00  6.395764e-02  6.193958e-01  3.894474e-02
    64  -8.991940e-01  -9.067666e-01  5.950900e-03  6.140602e+00  6.486161e-02  6.394332e-01  3.943106e-02
    65  -8.838756e-01  -8.914673e-01  6.391610e-03  5.903739e+00  6.576857e-02  6.604861e-01  3.993604e-02
    66  -8.685192e-01  -8.761295e-01  6.863620e-03  5.673262e+00  6.667779e-02  6.826161e-01  4.046045e-02
    67  -8.531251e-01  -8.607540e-01  7.369017e-03  5.449117e+00  6.758853e-02  7.058906e-01  4.100513e-02
    68  -8.376947e-01  -8.453414e-01  7.909987e-03  5.231247e+00  6.850001e-02  7.303810e-01  4.157094e-02
    69  -8.222287e-01  -8.298929e-01  8.488863e-03  5.019591e+00  6.941142e-02  7.561644e-01  4.215879e-02
    70  -8.067274e-01  -8.144089e-01  9.108117e-03  4.814079e+00  7.032196e-02  7.833239e-01  4.276965e-02
    71  -7.911922e-01  -7.988904e-01  9.770334e-03  4.614638e+00  7.123077e-02  8.119486e-01  4.340453e-02
    72  -7.756236e-01  -7.833381e-01  1.047826e-02  4.421195e+00  7.213700e-02  8.421342e-01  4.406450e-02
    73  -7.600225e-01  -7.677530e-01  1.123480e-02  4.233667e+00  7.303976e-02  8.739843e-01  4.475069e-02
    74  -7.443896e-01  -7.521357e-01  1.204299e-02  4.051971e+00  7.393814e-02  9.076102e-01  4.546428e-02
    75  -7.287256e-01  -7.364869e-01  1.290606e-02  3.876020e+00  7.483123e-02  9.431321e-01  4.620652e-02
    76  -7.130313e-01  -7.208076e-01  1.382737e-02  3.705724e+00  7.571808e-02  9.806795e-01  4.697874e-02
    77  -6.973074e-01  -7.050982e-01  1.481049e-02  3.540990e+00  7.659773e-02  1.020393e+00  4.778234e-02
    78  -6.815544e-01  -6.893595e-01  1.585915e-02  3.381722e+00  7.746922e-02  1.062423e+00  4.861880e-02
    79  -6.657732e-01  -6.735922e-01  1.697728e-02  3.227822e+00  7.833157e-02  1.106935e+00  4.948967e-02
    80  -6.499645e-01  -6.577969e-01  1.816896e-02  3.079194e+00  7.918376e-02  1.154104e+00  5.039659e-02
    81  -6.341287e-01  -6.419744e-01  1.943850e-02  2.935735e+00  8.002480e-02  1.204123e+00  5.134132e-02
    82  -6.182666e-01  -6.261252e-01  2.079041e-02  2.797343e+00  8.085366e-02  1.257200e+00  5.232570e-02
    83  -6.023788e-01  -6.102501e-01  2.222937e-02  2.663916e+00  8.166933e-02  1.313560e+00  5.335167e-02
    84  -5.864659e-01  -5.943494e-01  2.376030e-02  2.535348e+00  8.247077e-02  1.373448e+00  5.442130e-02
    85  -5.705286e-01  -5.784241e-01  2.538829e-02  2.411537e+00  8.325695e-02  1.437129e+00  5.553676e-02
    86  -5.545672e-01  -5.624746e-01  2.711870e-02  2.292375e+00  8.402683e-02  1.504892e+00  5.670037e-02
    87  -5.385825e-01  -5.465013e-01  2.895704e-02  2.177757e+00  8.477939e-02  1.577050e+00  5.791458e-02
    88  -5.225751e-01  -5.305050e-01  3.090905e-02  2.067575e+00  8.551358e-02  1.653945e+00  5.918199e-02
    89  -5.065453e-01  -5.144862e-01  3.298073e-02  1.961724e+00  8.622839e-02  1.735949e+00  6.050533e-02
    90  -4.904939e-01  -4.984454e-01  3.517823e-02  1.860097e+00  8.692279e-02  1.823466e+00  6.188753e-02
    91  -4.744212e-01  -4.823832e-01  3.750796e-02  1.762586e+00  8.759579e-02  1.916938e+00  6.333167e-02
    92  -4.583277e-01  -4.662999e-01  3.997652e-02  1.669086e+00  8.824638e-02  2.016847e+00  6.484104e-02
    93  -4.422141e-01  -4.501962e-01  4.259071e-02  1.579489e+00  8.887358e-02  2.123718e+00  6.641911e-02
    94  -4.260808e-01  -4.340725e-01  4.535754e-02  1.493691e+00  8.947644e-02  2.238128e+00  6.806957e-02
    95  -4.099279e-01  -4.179292e-01  4.828429e-02  1.411585e+00  9.005401e-02  2.360704e+00  6.979636e-02
    96  -3.937563e-01  -4.017668e-01  5.137828e-02  1.333065e+00  9.060538e-02  2.492135e+00  7.160363e-02
    97  -3.775664e-01  -3.855859e-01  5.464712e-02  1.258030e+00  9.112964e-02  2.633173e+00  7.349580e-02
    98  -3.613584e-01  -3.693868e-01  5.809861e-02  1.186373e+00  9.162592e-02  2.784643e+00  7.547757e-02
    99  -3.451328e-01  -3.531698e-01  6.174066e-02  1.117993e+00  9.209340e-02  2.947451e+00  7.755395e-02
   100  -3.288899e-01  -3.369354e-01  6.558137e-02  1.052787e+00  9.253127e-02  3.122591e+00  7.973025e-02
   101  -3.126303e-01  -3.206840e-01  6.962896e-02  9.906550e-01  9.293875e-02  3.311152e+00  8.201213e-02
   102  -2.963541e-01  -3.044160e-01  7.389183e-02  9.314957e-01  9.331512e-02  3.514335e+00  8.440561e-02
   103  -2.800618e-01  -2.881315e-01  7.837842e-02  8.752104e-01  9.365967e-02  3.733457e+00  8.691709e-02
   104  -2.637537e-01  -2.718312e-01  8.309731e-02  8.217015e-01  9.397176e-02  3.969970e+00  8.955339e-02
   105  -2.474300e-01  -2.555152e-01  8.805718e-02  7.708721e-01  9.425078e-02  4.225472e+00  9.232177e-02
   106  -2.310911e-01  -2.391837e-01  9.326673e-02  7.226267e-01  9.449615e-02  4.501724e+00  9.522997e-02
   107  -2.147373e-01  -2.228373e-01  9.873473e-02  6.768714e-01  9.470738e-02  4.800671e+00  9.828625e-02
   108  -1.983688e-01  -2.064760e-01  1.044700e-01  6.335134e-01  9.488399e-02  5.124455e+00  1.014994e-01
   109  -1.819858e-01  -1.901001e-01  1.104813e-01  5.924614e-01  9.502556e-02  5.475449e+00  1.048788e-01
   110  -1.655887e-01  -1.737099e-01  1.167774e-01  5.536257e-01  9.513174e-02  5.856269e+00  1.084344e-01
   111  -1.491775e-01  -1.573056e-01  1.233670e-01  5.169182e-01  9.520221e-02  6.269814e+00  1.121769e-01
   112  -1.327524e-01  -1.408873e-01  1.302589e-01  4.822523e-01  9.523673e-02  6.719291e+00  1.161177e-01
   113  -1.163136e-01  -1.244552e-01  1.374615e-01  4.495431e-01  9.523510e-02  7.208255e+00  1.202690e-01
   114  -9.986120e-02  -1.080095e-01  1.449834e-01  4.187076e-01  9.519718e-02  7.740645e+00  1.246437e-01
   115  -8.339535e-02  -9.155024e-02  1.528329e-01  3.896643e-01  9.512292e-02  8.320833e+00  1.292557e-01
   116  -6.691615e-02  -7.507759e-02  1.610180e-01  3.623339e-01  9.501228e-02  8.953672e+00  1.341200e-01
   117  -5.042359e-02  -5.859158e-02  1.695469e-01  3.366387e-01  9.486532e-02  9.644557e+00  1.392522e-01
   118  -3.391768e-02  -4.209222e-02  1.784273e-01  3.125029e-01  9.468216e-02  1.039949e+01  1.446694e-01
   119  -1.739845e-02  -2.557952e-02  1.876667e-01  2.898529e-01  9.446297e-02  1.122513e+01  1.503897e-01
   120  -8.658530e-04  -9.053485e-03  1.972725e-01  2.686171e-01  9.420799e-02  1.212893e+01  1.564325e-01
   121  1.568016e-02  7.485948e-03  2.072515e-01  2.487256e-01  9.391755e-02  1.311916e+01  1.628186e-01
   122  3.223977e-02  2.403889e-02  2.176105e-01  2.301109e-01  9.359201e-02  1.420507e+01  1.695703e-01
   123  4.881304e-02  4.060546e-02  2.283559e-01  2.127076e-01  9.323182e-02  1.539696e+01  1.767113e-01
   124  6.540019e-02  5.718580e-02  2.394938e-01  1.964521e-01  9.283749e-02  1.670635e+01  1.842671e-01
   125  8.200150e-02  7.378017e-02  2.510298e-01  1.812832e-01  9.240959e-02  1.814612e+01  1.922651e-01
   126  9.861718e-02  9.038880e-02  2.629693e-01  1.671418e-01  9.194878e-02  1.973067e+01  2.007346e-01
   127  1.152476e-01  1.070120e-01  2.753172e-01  1.539709e-01  9.145577e-02  2.147612e+01  2.097070e-01
   128  1.318930e-01  1.236500e-01  2.880780e-01  1.417156e-01  9.093134e-02  2.340051e+01  2.192159e-01
   129  1.485539e-01  1.403033e-01  3.012559e-01  1.303233e-01  9.037633e-02  2.552411e+01  2.292975e-01
   130  1.652307e-01  1.569723e-01  3.148546e-01  1.197433e-01  8.979165e-02  2.786960e+01  2.399905e-01
   131  1.819240e-01  1.736575e-01  3.288774e-01  1.099272e-01  8.917826e-02  3.046247e+01  2.513365e-01
   132  1.986342e-01  1.903594e-01  3.433271e-01  1.008287e-01  8.853720e-02  3.333136e+01  2.633800e-01
   133  2.153619e-01  2.070785e-01  3.582062e-01  9.240336e-02  8.786953e-02  3.650842e+01  2.761689e-01
   134  2.321078e-01  2.238155e-01  3.735166e-01  8.460900e-02  8.717639e-02  4.002985e+01  2.897544e-01
   135  2.488725e-01  2.405710e-01  3.892599e-01  7.740536e-02  8.645895e-02  4.393635e+01  3.041916e-01
   136  2.656568e-01  2.573457e-01  4.054373e-01  7.075414e-02  8.571843e-02  4.827375e+01  3.195396e-01
   137  2.824613e-01  2.741403e-01  4.220493e-01  6.461895e-02  8.495606e-02  5.309369e+01  3.358618e-01
   138  2.992868e-01  2.909555e-01  4.390963e-01  5.896531e-02  8.417311e-02  5.845434e+01  3.532261e-01
   139  3.161341e-01  3.077921e-01  4.565780e-01  5.376053e-02  8.337086e-02  6.442128e+01  3.717054e-01
   140  3.330038e-01  3.246508e-01  4.744939e-01  4.897369e-02  8.255059e-02  7.106848e+01  3.913778e-01
   141  3.498967e-01  3.415324e-01  4.928430e-01  4.457561e-02  8.171359e-02  7.847938e+01  4.123272e-01
   142  3.668136e-01  3.584375e-01  5.116240e-01  4.053871e-02  8.086112e-02  8.674813e+01  4.346432e-01
   143  3.837549e-01  3.753669e-01  5.308350e-01  3.683706e-02  7.999442e-02  9.598099e+01  4.584220e-01
   144  4.007214e-01  3.923210e-01  5.504739e-01  3.344622e-02  7.911468e-02  1.062978e+02  4.837664e-01
   145  4.177134e-01  4.093005e-01  5.705382e-01  3.034323e-02  7.822304e-02  1.178340e+02  5.107866e-01
   146  4.347314e-01  4.263058e-01  5.910251e-01  2.750655e-02  7.732059e-02  1.307424e+02  5.396002e-01
   147  4.517755e-01  4.433371e-01  6.119315e-01  2.491595e-02  7.640833e-02  1.451952e+02  5.703332e-01
   148  4.688459e-01  4.603946e-01  6.332539e-01  2.255251e-02  7.548718e-02  1.613870e+02  6.031199e-01
   149  4.859422e-01  4.774781e-01  6.549885e-01  2.039852e-02  7.455798e-02  1.795371e+02  6.381038e-01
   150  5.030641e-01  4.945875e-01  6.771312e-01  1.843743e-02  7.362145e-02  1.998930e+02  6.754379e-01
   151  5.202111e-01  5.117222e-01  6.996779e-01  1.665377e-02  7.267821e-02  2.227334e+02  7.152854e-01
   152  5.373821e-01  5.288815e-01  7.226239e-01  1.503314e-02  7.172878e-02  2.483725e+02  7.578201e-01
   153  5.545761e-01  5.460642e-01  7.459645e-01  1.356212e-02  7.077356e-02  2.771641e+02  8.032273e-01
   154  5.717914e-01  5.632690e-01  7.696946e-01  1.222821e-02  6.981288e-02  3.095063e+02  8.517038e-01
   155  5.890263e-01  5.804943e-01  7.938092e-01  1.101980e-02  6.884693e-02  3.458471e+02  9.034595e-01
   156  6.062785e-01  5.977380e-01  8.183029e-01  9.926111e-03  6.787584e-02  3.866903e+02  9.587174e-01
   157  6.235456e-01  6.149979e-01  8.431702e-01  8.937161e-03  6.689967e-02  4.326019e+02  1.017715e+00
   158  6.408248e-01  6.322711e-01  8.684054e-01  8.043699e-03  6.591844e-02  4.842178e+02  1.080703e+00
   159  6.581128e-01  6.495548e-01  8.940028e-01  7.237174e-03  6.493213e-02  5.422520e+02  1.147951e+00
   160  6.754064e-01  6.668457e-01  9.199565e-01  6.509693e-03  6.394071e-02  6.075062e+02  1.219744e+00
   161  6.927019e-01  6.841402e-01  9.462603e-01  5.853981e-03  6.294421e-02  6.808803e+02  1.296386e+00
   162  7.099954e-01  7.014347e-01  9.729084e-01  5.263348e-03  6.194268e-02  7.633838e+02  1.378198e+00
   163  7.272831e-01  7.187253e-01  9.998945e-01  4.731644e-03  6.093627e-02  8.561504e+02  1.465527e+00
   164  7.445609e-01  7.360079e-01  1.027212e+00  4.253234e-03  5.992522e-02  9.604527e+02  1.558739e+00
   165  7.618249e-01  7.532787e-01  1.054856e+00  3.822961e-03  5.890992e-02  1.077720e+03  1.658226e+00
   166  7.790712e-01  7.705337e-01  1.082819e+00  3.436118e-03  5.789089e-02  1.209558e+03  1.764406e+00
   167  7.962961e-01  7.877690e-01  1.111094e+00  3.088412e-03  5.686885e-02  1.357774e+03  1.877729e+00
   168  8.134961e-01  8.049812e-01  1.139677e+00  2.775943e-03  5.584463e-02  1.524399e+03  1.998673e+00
   169  8.306681e-01  8.221669e-01  1.168559e+00  2.495169e-03  5.481928e-02  1.711723e+03  2.127753e+00
   170  8.478093e-01  8.393233e-01  1.197736e+00  2.242882e-03  5.379395e-02  1.922325e+03  2.265520e+00
   171  8.649176e-01  8.564477e-01  1.227200e+00  2.016184e-03  5.276997e-02  2.159118e+03  2.412566e+00
   172  8.819911e-01  8.735382e-01  1.256946e+00  1.812462e-03  5.174873e-02  2.425389e+03  2.569529e+00
   173  8.990286e-01  8.905934e-01  1.286966e+00  1.629361e-03  5.073170e-02  2.724853e+03  2.737092e+00
   174  9.160294e-01  9.076121e-01  1.317256e+00  1.464767e-03  4.972036e-02  3.061713e+03  2.915992e+00
   175  9.329933e-01  9.245941e-01  1.347808e+00  1.316781e-03  4.871619e-02  3.440724e+03  3.107022e+00
   176  9.499207e-01  9.415395e-01  1.378616e+00  1.183703e-03  4.772056e-02  3.867270e+03  3.311034e+00
   177  9.668125e-01  9.584487e-01  1.409675e+00  1.064009e-03  4.673477e-02  4.347451e+03  3.528946e+00
   178  9.836699e-01  9.753230e-01  1.440978e+00  9.563361e-04  4.575996e-02  4.888174e+03  3.761747e+00
   179  1.000494e+00  9.921636e-01  1.472519e+00  8.594647e-04  4.479713e-02  5.497267e+03  4.010501e+00
   180  1.017288e+00  1.008972e+00  1.504292e+00  7.723039e-04  4.384706e-02  6.183602e+03  4.276351e+00
   181  1.034053e+00  1.025751e+00  1.536292e+00  6.938768e-04  4.291039e-02  6.957230e+03  4.560530e+00
   182  1.050791e+00  1.042502e+00  1.568512e+00  6.233085e-04  4.198759e-02  7.829545e+03  4.864361e+00
   183  1.067504e+00  1.059228e+00  1.600947e+00  5.598143e-04  4.107893e-02  8.813460e+03  5.189269e+00
   184  1.084196e+00  1.075930e+00  1.633591e+00  5.026901e-04  4.018459e-02  9.923616e+03  5.536787e+00
   185  1.100868e+00  1.092612e+00  1.666439e+00  4.513028e-04  3.930460e-02  1.117661e+04  5.908565e+00
   186  1.117522e+00  1.109275e+00  1.699484e+00  4.050834e-04  3.843895e-02  1.259128e+04  6.306375e+00
   187  1.134161e+00  1.125921e+00  1.732722e+00  3.635195e-04  3.758753e-02  1.418896e+04  6.732123e+00
   188  1.150787e+00  1.142553e+00  1.766147e+00  3.261494e-04  3.675020e-02  1.599387e+04  7.187861e+00
   189  1.167401e+00  1.159173e+00  1.799754e+00  2.925569e-04  3.592680e-02  1.803351e+04  7.675793e+00
   190  1.184005e+00  1.175782e+00  1.833536e+00  2.623672e-04  3.511716e-02  2.033906e+04  8.198290e+00
   191  1.200601e+00  1.192382e+00  1.867490e+00  2.352420e-04  3.432107e-02  2.294588e+04  8.757899e+00
   192  1.217191e+00  1.208975e+00  1.901609e+00  2.108763e-04  3.353828e-02  2.589416e+04  9.357363e+00
   193  1.233775e+00  1.225562e+00  1.935889e+00  1.889946e-04  3.276858e-02  2.922952e+04  9.999636e+00
   194  1.250355e+00  1.242144e+00  1.970325e+00  1.693482e-04  3.201178e-02  3.300384e+04  1.068790e+01
   195  1.266932e+00  1.258722e+00  2.004912e+00  1.517125e-04  3.126778e-02  3.727607e+04  1.142559e+01
   196  1.283507e+00  1.275298e+00  2.039645e+00  1.358855e-04  3.053649e-02  4.211312e+04  1.221636e+01
   197  1.300080e+00  1.291873e+00  2.074518e+00  1.216851e-04  2.981774e-02  4.759104e+04  1.306417e+01
   198  1.316654e+00  1.308446e+00  2.109526e+00  1.089473e-04  2.911134e-02  5.379631e+04  1.397328e+01
   199  1.333227e+00  1.325019e+00  2.144666e+00  9.752393e-05  2.841716e-02  6.082729e+04  1.494830e+01
   200  1.349801e+00  1.341593e+00  2.179932e+00  8.728162e-05  2.773511e-02  6.879585e+04  1.599416e+01
   201  1.366377e+00  1.358168e+00  2.215319e+00  7.810046e-05  2.706503e-02  7.782912e+04  1.711617e+01
   202  1.382954e+00  1.374745e+00  2.250822e+00  6.987242e-05  2.640672e-02  8.807182e+04  1.832009e+01
   203  1.399534e+00  1.391323e+00  2.286438e+00  6.249985e-05  2.576017e-02  9.968887e+04  1.961209e+01
   204  1.416116e+00  1.407904e+00  2.322160e+00  5.589525e-05  2.512525e-02  1.128678e+05  2.099883e+01
   205  1.432701e+00  1.424488e+00  2.357985e+00  4.997984e-05  2.450183e-02  1.278221e+05  2.248749e+01
   206  1.449289e+00  1.441074e+00  2.393907e+00  4.468273e-05  2.388984e-02  1.447950e+05  2.408581e+01
   207  1.465880e+00  1.457663e+00  2.429923e+00  3.994041e-05  2.328902e-02  1.640634e+05  2.580215e+01
   208  1.482474e+00  1.474256e+00  2.466027e+00  3.569518e-05  2.269953e-02  1.859439e+05  2.764550e+01
   209  1.499072e+00  1.490852e+00  2.502214e+00  3.189580e-05  2.212118e-02  2.107960e+05  2.962558e+01
   210  1.515673e+00  1.507452e+00  2.538480e+00  2.849619e-05  2.155374e-02  2.390297e+05  3.175287e+01
   211  1.532278e+00  1.524055e+00  2.574820e+00  2.545470e-05  2.099723e-02  2.711134e+05  3.403868e+01
   212  1.548886e+00  1.540662e+00  2.611229e+00  2.273431e-05  2.045130e-02  3.075797e+05  3.649525e+01
   213  1.565499e+00  1.557272e+00  2.647704e+00  2.030132e-05  1.991605e-02  3.490392e+05  3.913579e+01
   214  1.582114e+00  1.573886e+00  2.684236e+00  1.812546e-05  1.939166e-02  3.961899e+05  4.197451e+01
   215  1.598734e+00  1.590504e+00  2.720824e+00  1.618045e-05  1.887739e-02  4.498197e+05  4.502684e+01
   216  1.615357e+00  1.607125e+00  2.757461e+00  1.444175e-05  1.837349e-02  5.108395e+05  4.830945e+01
   217  1.631984e+00  1.623750e+00  2.794143e+00  1.288779e-05  1.787975e-02  5.802843e+05  5.184034e+01
   218  1.648614e+00  1.640379e+00  2.830864e+00  1.149908e-05  1.739619e-02  6.593409e+05  5.563899e+01
   219  1.665248e+00  1.657011e+00  2.867619e+00  1.025829e-05  1.692259e-02  7.493617e+05  5.972646e+01
   220  1.681885e+00  1.673646e+00  2.904402e+00  9.149942e-06  1.645866e-02  8.518918e+05  6.412559e+01
   221  1.698525e+00  1.690285e+00  2.941208e+00  8.159941e-06  1.600444e-02  9.687076e+05  6.886110e+01
   222  1.715169e+00  1.706927e+00  2.978032e+00  7.275778e-06  1.555984e-02  1.101839e+06  7.395976e+01
   223  1.731816e+00  1.723572e+00  3.014867e+00  6.486280e-06  1.512466e-02  1.253607e+06  7.945057e+01
   224  1.748466e+00  1.740221e+00  3.051708e+00  5.781385e-06  1.469888e-02  1.426678e+06  8.536497e+01
   225  1.765119e+00  1.756873e+00  3.088549e+00  5.152291e-06  1.428186e-02  1.624079e+06  9.173712e+01
   226  1.781776e+00  1.773527e+00  3.125383e+00  4.590699e-06  1.387415e-02  1.849345e+06  9.860413e+01
   227  1.798435e+00  1.790185e+00  3.162204e+00  4.089494e-06  1.347548e-02  2.106484e+06  1.060061e+02
   228  1.815096e+00  1.806845e+00  3.199004e+00  3.642332e-06  1.308543e-02  2.400084e+06  1.139866e+02
   229  1.831761e+00  1.823509e+00  3.235778e+00  3.243431e-06  1.270390e-02  2.735437e+06  1.225933e+02
   230  1.848428e+00  1.840175e+00  3.272518e+00  2.887626e-06  1.233079e-02  3.118629e+06  1.318779e+02
   231  1.865098e+00  1.856843e+00  3.309218e+00  2.570301e-06  1.196598e-02  3.556656e+06  1.418965e+02
   232  1.881770e+00  1.873514e+00  3.345867e+00  2.287263e-06  1.160976e-02  4.057628e+06  1.527102e+02
   233  1.898445e+00  1.890188e+00  3.382461e+00  2.035019e-06  1.126105e-02  4.630653e+06  1.643857e+02
   234  1.915122e+00  1.906863e+00  3.418989e+00  1.810093e-06  1.092064e-02  5.286582e+06  1.769959e+02
   235  1.931801e+00  1.923542e+00  3.455443e+00  1.609657e-06  1.058781e-02  6.037590e+06  1.906198e+02
   236  1.948483e+00  1.940222e+00  3.491816e+00  1.431044e-06  1.026260e-02  6.897923e+06  2.053442e+02
   237  1.965166e+00  1.956905e+00  3.528096e+00  1.271879e-06  9.945117e-03  7.884051e+06  2.212636e+02
   238  1.981852e+00  1.973589e+00  3.564275e+00  1.130123e-06  9.634768e-03  9.014753e+06  2.384813e+02
   239  1.998540e+00  1.990276e+00  3.600342e+00  1.003863e-06  9.331703e-03  1.031206e+07  2.571107e+02
   240  2.015230e+00  2.006965e+00  3.636288e+00  8.914438e-07  9.035611e-03  1.180123e+07  2.772758e+02
   241  2.031921e+00  2.023656e+00  3.672101e+00  7.913328e-07  8.746764e-03  1.351192e+07  2.991124e+02
   242  2.048615e+00  2.040348e+00  3.707770e+00  7.022472e-07  8.464481e-03  1.547782e+07  3.227696e+02
   243  2.065310e+00  2.057042e+00  3.743285e+00  6.229795e-07  8.188729e-03  1.773855e+07  3.484116e+02
   244  2.082007e+00  2.073739e+00  3.778631e+00  5.524232e-07  7.919970e-03  2.034072e+07  3.762184e+02
   245  2.098705e+00  2.090436e+00  3.813796e+00  4.896759e-07  7.657481e-03  2.333718e+07  4.063876e+02
   246  2.115406e+00  2.107136e+00  3.848769e+00  4.338866e-07  7.401110e-03  2.679016e+07  4.391382e+02
   247  2.132108e+00  2.123837e+00  3.883532e+00  3.842649e-07  7.151331e-03  3.077342e+07  4.747106e+02
   248  2.148811e+00  2.140540e+00  3.918075e+00  3.401846e-07  6.907140e-03  3.537009e+07  5.133709e+02
   249  2.165516e+00  2.157244e+00  3.952381e+00  3.010117e-07  6.668952e-03  4.068065e+07  5.554146e+02
   250  2.182223e+00  2.173950e+00  3.986434e+00  2.661977e-07  6.436983e-03  4.682249e+07  6.011660e+02
   251  2.198931e+00  2.190657e+00  4.020220e+00  2.353003e-07  6.210256e-03  5.392906e+07  6.509862e+02
   252  2.215640e+00  2.207366e+00  4.053721e+00  2.078629e-07  5.989335e-03  6.216324e+07  7.052773e+02
   253  2.232351e+00  2.224076e+00  4.086918e+00  1.835090e-07  5.774075e-03  7.171360e+07  7.644831e+02
   254  2.249063e+00  2.240787e+00  4.119796e+00  1.619173e-07  5.563748e-03  8.279862e+07  8.291010e+02
   255  2.265777e+00  2.257500e+00  4.152333e+00  1.427547e-07  5.359265e-03  9.568786e+07  8.996837e+02
   256  2.282492e+00  2.274215e+00  4.184514e+00  1.257835e-07  5.159374e-03  1.106822e+08  9.768491e+02
   257  2.299209e+00  2.290931e+00  4.216317e+00  1.107432e-07  4.964642e-03  1.281560e+08  1.061293e+03
   258  2.315926e+00  2.307648e+00  4.247720e+00  9.741532e-08  4.775257e-03  1.485506e+08  1.153787e+03
   259  2.332646e+00  2.324366e+00  4.278704e+00  8.562799e-08  4.590192e-03  1.723728e+08  1.255204e+03
   260  2.349366e+00  2.341086e+00  4.309247e+00  7.519480e-08  4.410111e-03  2.002569e+08  1.366530e+03
   261  2.366088e+00  2.357808e+00  4.339327e+00  6.596971e-08  4.234658e-03  2.329411e+08  1.488868e+03
   262  2.382812e+00  2.374530e+00  4.368920e+00  5.781680e-08  4.063795e-03  2.713189e+08  1.623472e+03
   263  2.399537e+00  2.391255e+00  4.398003e+00  5.061677e-08  3.897367e-03  3.164608e+08  1.771760e+03
   264  2.416263e+00  2.407980e+00  4.426551e+00  4.426143e-08  3.735371e-03  3.696644e+08  1.935344e+03
   265  2.432991e+00  2.424707e+00  4.454541e+00  3.865631e-08  3.577665e-03  4.324937e+08  2.116059e+03
   266  2.449720e+00  2.441436e+00  4.481946e+00  3.371616e-08  3.424209e-03  5.068527e+08  2.316000e+03
   267  2.466451e+00  2.458166e+00  4.508746e+00  2.936971e-08  3.274429e-03  5.950214e+08  2.537582e+03
   268  2.483183e+00  2.474897e+00  4.534908e+00  2.553943e-08  3.129413e-03  6.999345e+08  2.783561e+03
   269  2.499917e+00  2.491631e+00  4.560415e+00  2.217892e-08  2.987511e-03  8.249068e+08  3.057122e+03
   270  2.516653e+00  2.508366e+00  4.585232e+00  1.922171e-08  2.850363e-03  9.744463e+08  3.361953e+03
   271  2.533390e+00  2.525102e+00  4.609339e+00  1.663182e-08  2.716374e-03  1.153627e+09  3.702313e+03
   272  2.550130e+00  2.541841e+00  4.632710e+00  1.436131e-08  2.586283e-03  1.369203e+09  4.083219e+03
   273  2.566871e+00  2.558581e+00  4.655317e+00  1.237334e-08  2.460044e-03  1.629453e+09  4.510482e+03
   274  2.583615e+00  2.575324e+00  4.677135e+00  1.063654e-08  2.337271e-03  1.944666e+09  4.990947e+03
   275  2.600360e+00  2.592068e+00  4.698144e+00  9.121949e-09  2.217709e-03  2.327877e+09  5.532758e+03
   276  2.617108e+00  2.608815e+00  4.718316e+00  7.800473e-09  2.102017e-03  2.796153e+09  6.145528e+03
   277  2.633858e+00  2.625564e+00  4.737631e+00  6.652315e-09  1.989288e-03  3.370376e+09  6.840731e+03
   278  2.650611e+00  2.642315e+00  4.756067e+00  5.654764e-09  1.880008e-03  4.078548e+09  7.632215e+03
   279  2.667367e+00  2.659070e+00  4.773601e+00  4.789517e-09  1.774268e-03  4.956770e+09  8.536549e+03
   280  2.684125e+00  2.675827e+00  4.790222e+00  4.043248e-09  1.670893e-03  6.050556e+09  9.574106e+03
   281  2.700887e+00  2.692587e+00  4.805906e+00  3.397402e-09  1.571509e-03  7.424969e+09  1.076976e+04
   282  2.717652e+00  2.709350e+00  4.820645e+00  2.843204e-09  1.474421e-03  9.159700e+09  1.215411e+04
   283  2.734420e+00  2.726117e+00  4.834423e+00  2.366593e-09  1.380920e-03  1.137083e+10  1.376549e+04
   284  2.751193e+00  2.742887e+00  4.847237e+00  1.959819e-09  1.289803e-03  1.420765e+10  1.565193e+04
   285  2.767969e+00  2.759662e+00  4.859082e+00  1.613003e-09  1.201561e-03  1.788512e+10  1.787505e+04
   286  2.784749e+00  2.776440e+00  4.869952e+00  1.317939e-09  1.116653e-03  2.270627e+10  2.051309e+04
   287  2.801534e+00  2.793223e+00  4.879856e+00  1.069122e-09  1.033995e-03  2.908798e+10  2.366818e+04
   288  2.818323e+00  2.810010e+00  4.888804e+00  8.598583e-10  9.539576e-04  3.765378e+10  2.747640e+04
   289  2.835115e+00  2.826800e+00  4.896806e+00  6.846815e-10  8.767112e-04  4.932682e+10  3.211923e+04
   290  2.851911e+00  2.843594e+00  4.903884e+00  5.391310e-10  8.020231e-04  6.549562e+10  3.784401e+04
   291  2.868707e+00  2.860390e+00  4.910061e+00  4.190255e-10  7.299791e-04  8.832920e+10  4.499480e+04
   292  2.885500e+00  2.877185e+00  4.915372e+00  3.207769e-10  6.605946e-04  1.212912e+11  5.405909e+04
   293  2.902285e+00  2.893974e+00  4.919859e+00  2.415363e-10  5.930294e-04  1.700120e+11  6.575192e+04
   294  2.919047e+00  2.910746e+00  4.923565e+00  1.778450e-10  5.289072e-04  2.444942e+11  8.113854e+04
   295  2.935763e+00  2.927485e+00  4.926545e+00  1.277827e-10  4.672834e-04  3.620244e+11  1.018384e+05
   296  2.952387e+00  2.944154e+00  4.928872e+00  8.939056e-11  4.069679e-04  5.545341e+11  1.304704e+05
   297  2.968820e+00  2.960681e+00  4.930605e+00  6.009366e-11  3.512720e-04  8.878704e+11  1.712780e+05
   298  2.984852e+00  2.976910e+00  4.931833e+00  3.902139e-11  2.967795e-04  1.487580e+12  2.312434e+05
   299  3.000000e+00  2.992492e+00  4.932628e+00  2.401080e-11  2.499897e-04  2.634100e+12  3.211984e+05
