     i         log_r      log_rmid             m           rho            v2        trelax            kn
     0  -2.012484e+00  -2.313514e+00  4.936543e-05  1.614345e+02  3.554966e-01  1.038929e-02  3.284898e-03
     1  -2.001425e+00  -2.006919e+00  5.328937e-05  1.616336e+02  3.550586e-01  1.038289e-02  3.284898e-03
     2  -1.990366e+00  -1.995860e+00  5.752323e-05  1.615821e+02  3.550357e-01  1.038654e-02  3.285527e-03
     3  -1.979302e+00  -1.984799e+00  6.209370e-05  1.615279e+02  3.550116e-01  1.039038e-02  3.286190e-03
     4  -1.968241e+00  -1.973737e+00  6.702432e-05  1.614708e+02  3.549863e-01  1.039442e-02  3.286889e-03
     5  -1.957171e+00  -1.962671e+00  7.234881e-05  1.614107e+02  3.549596e-01  1.039868e-02  3.287624e-03
     6  -1.946109e+00  -1.951605e+00  7.809033e-05  1.613476e+02  3.549315e-01  1.040316e-02  3.288397e-03
     7  -1.935047e+00  -1.940543e+00  8.428458e-05  1.612811e+02  3.549020e-01  1.040788e-02  3.289211e-03
     8  -1.923982e+00  -1.929479e+00  9.096964e-05  1.612113e+02  3.548709e-01  1.041285e-02  3.290068e-03
     9  -1.912916e+00  -1.918414e+00  9.818356e-05  1.611378e+02  3.548381e-01  1.041808e-02  3.290970e-03
    10  -1.901847e+00  -1.907346e+00  1.059689e-04  1.610604e+02  3.548037e-01  1.042358e-02  3.291920e-03
    11  -1.890786e+00  -1.896281e+00  1.143624e-04  1.609791e+02  3.547675e-01  1.042938e-02  3.292919e-03
    12  -1.879724e+00  -1.885220e+00  1.234185e-04  1.608936e+02  3.547294e-01  1.043548e-02  3.293971e-03
    13  -1.868659e+00  -1.874156e+00  1.331900e-04  1.608037e+02  3.546893e-01  1.044191e-02  3.295078e-03
    14  -1.857599e+00  -1.863094e+00  1.437275e-04  1.607092e+02  3.546472e-01  1.044867e-02  3.296242e-03
    15  -1.846535e+00  -1.852032e+00  1.550994e-04  1.606098e+02  3.546028e-01  1.045579e-02  3.297468e-03
    16  -1.835476e+00  -1.840970e+00  1.673596e-04  1.605053e+02  3.545562e-01  1.046329e-02  3.298759e-03
    17  -1.824420e+00  -1.829913e+00  1.805806e-04  1.603955e+02  3.545071e-01  1.047118e-02  3.300116e-03
    18  -1.813362e+00  -1.818856e+00  1.948435e-04  1.602800e+02  3.544555e-01  1.047948e-02  3.301545e-03
    19  -1.802308e+00  -1.807800e+00  2.102204e-04  1.601586e+02  3.544012e-01  1.048823e-02  3.303049e-03
    20  -1.791256e+00  -1.796747e+00  2.268022e-04  1.600311e+02  3.543442e-01  1.049743e-02  3.304631e-03
    21  -1.780203e+00  -1.785694e+00  2.446857e-04  1.598971e+02  3.542841e-01  1.050712e-02  3.306296e-03
    22  -1.769149e+00  -1.774641e+00  2.639729e-04  1.597562e+02  3.542210e-01  1.051732e-02  3.308048e-03
    23  -1.758100e+00  -1.763589e+00  2.847617e-04  1.596081e+02  3.541546e-01  1.052807e-02  3.309892e-03
    24  -1.747055e+00  -1.752542e+00  3.071688e-04  1.594526e+02  3.540848e-01  1.053937e-02  3.311832e-03
    25  -1.736010e+00  -1.741497e+00  3.313271e-04  1.592892e+02  3.540115e-01  1.055128e-02  3.313873e-03
    26  -1.724970e+00  -1.730455e+00  3.573620e-04  1.591176e+02  3.539343e-01  1.056381e-02  3.316021e-03
    27  -1.713929e+00  -1.719415e+00  3.854278e-04  1.589373e+02  3.538533e-01  1.057700e-02  3.318282e-03
    28  -1.702889e+00  -1.708374e+00  4.156808e-04  1.587479e+02  3.537680e-01  1.059089e-02  3.320660e-03
    29  -1.691854e+00  -1.697337e+00  4.482776e-04  1.585491e+02  3.536784e-01  1.060552e-02  3.323163e-03
    30  -1.680819e+00  -1.686301e+00  4.834077e-04  1.583402e+02  3.535842e-01  1.062092e-02  3.325797e-03
    31  -1.669786e+00  -1.675267e+00  5.212579e-04  1.581210e+02  3.534852e-01  1.063714e-02  3.328568e-03
    32  -1.658757e+00  -1.664236e+00  5.620357e-04  1.578908e+02  3.533811e-01  1.065422e-02  3.331484e-03
    33  -1.647730e+00  -1.653209e+00  6.059606e-04  1.576492e+02  3.532717e-01  1.067220e-02  3.334552e-03
    34  -1.636706e+00  -1.642183e+00  6.532785e-04  1.573956e+02  3.531568e-01  1.069113e-02  3.337780e-03
    35  -1.625684e+00  -1.631160e+00  7.042385e-04  1.571294e+02  3.530360e-01  1.071107e-02  3.341177e-03
    36  -1.614664e+00  -1.620139e+00  7.591240e-04  1.568501e+02  3.529092e-01  1.073207e-02  3.344751e-03
    37  -1.603647e+00  -1.609121e+00  8.182252e-04  1.565571e+02  3.527758e-01  1.075419e-02  3.348512e-03
    38  -1.592633e+00  -1.598105e+00  8.818583e-04  1.562498e+02  3.526358e-01  1.077749e-02  3.352470e-03
    39  -1.581621e+00  -1.587092e+00  9.503637e-04  1.559274e+02  3.524886e-01  1.080202e-02  3.356634e-03
    40  -1.570610e+00  -1.576080e+00  1.024119e-03  1.555893e+02  3.523341e-01  1.082787e-02  3.361016e-03
    41  -1.559602e+00  -1.565071e+00  1.103493e-03  1.552348e+02  3.521717e-01  1.085510e-02  3.365627e-03
    42  -1.548597e+00  -1.554065e+00  1.188917e-03  1.548631e+02  3.520012e-01  1.088379e-02  3.370480e-03
    43  -1.537594e+00  -1.543061e+00  1.280828e-03  1.544736e+02  3.518221e-01  1.091401e-02  3.375585e-03
    44  -1.526593e+00  -1.532059e+00  1.379723e-03  1.540653e+02  3.516341e-01  1.094585e-02  3.380958e-03
    45  -1.515595e+00  -1.521059e+00  1.486103e-03  1.536376e+02  3.514366e-01  1.097941e-02  3.386613e-03
    46  -1.504599e+00  -1.510062e+00  1.600525e-03  1.531894e+02  3.512293e-01  1.101478e-02  3.392563e-03
    47  -1.493604e+00  -1.499067e+00  1.723575e-03  1.527201e+02  3.510117e-01  1.105205e-02  3.398825e-03
    48  -1.482612e+00  -1.488073e+00  1.855885e-03  1.522286e+02  3.507832e-01  1.109135e-02  3.405416e-03
    49  -1.471621e+00  -1.477082e+00  1.998123e-03  1.517141e+02  3.505434e-01  1.113277e-02  3.412352e-03
    50  -1.460632e+00  -1.466092e+00  2.151017e-03  1.511755e+02  3.502918e-01  1.117644e-02  3.419653e-03
    51  -1.449644e+00  -1.455103e+00  2.315332e-03  1.506120e+02  3.500277e-01  1.122249e-02  3.427337e-03
    52  -1.438657e+00  -1.444116e+00  2.491891e-03  1.500224e+02  3.497505e-01  1.127106e-02  3.435426e-03
    53  -1.427672e+00  -1.433130e+00  2.681574e-03  1.494057e+02  3.494597e-01  1.132229e-02  3.443940e-03
    54  -1.416687e+00  -1.422145e+00  2.885299e-03  1.487609e+02  3.491547e-01  1.137633e-02  3.452903e-03
    55  -1.405703e+00  -1.411161e+00  3.104081e-03  1.480868e+02  3.488347e-01  1.143335e-02  3.462340e-03
    56  -1.394720e+00  -1.400177e+00  3.338977e-03  1.473824e+02  3.484991e-01  1.149353e-02  3.472274e-03
    57  -1.383736e+00  -1.389193e+00  3.591122e-03  1.466466e+02  3.481472e-01  1.155704e-02  3.482735e-03
    58  -1.372752e+00  -1.378209e+00  3.861724e-03  1.458780e+02  3.477781e-01  1.162409e-02  3.493749e-03
    59  -1.361768e+00  -1.367225e+00  4.152066e-03  1.450756e+02  3.473912e-01  1.169490e-02  3.505349e-03
    60  -1.350782e+00  -1.356240e+00  4.463517e-03  1.442381e+02  3.469856e-01  1.176967e-02  3.517565e-03
    61  -1.339796e+00  -1.345254e+00  4.797536e-03  1.433642e+02  3.465604e-01  1.184867e-02  3.530432e-03
    62  -1.328807e+00  -1.334267e+00  5.155655e-03  1.424529e+02  3.461148e-01  1.193215e-02  3.543986e-03
    63  -1.317816e+00  -1.323277e+00  5.539526e-03  1.415028e+02  3.456479e-01  1.202038e-02  3.558265e-03
    64  -1.306822e+00  -1.312284e+00  5.950900e-03  1.405126e+02  3.451587e-01  1.211366e-02  3.573310e-03
    65  -1.295825e+00  -1.301288e+00  6.391610e-03  1.394811e+02  3.446461e-01  1.221231e-02  3.589165e-03
    66  -1.284823e+00  -1.290289e+00  6.863620e-03  1.384070e+02  3.441093e-01  1.231668e-02  3.605874e-03
    67  -1.273817e+00  -1.279285e+00  7.369017e-03  1.372890e+02  3.435471e-01  1.242713e-02  3.623487e-03
    68  -1.262806e+00  -1.268276e+00  7.909987e-03  1.361260e+02  3.429584e-01  1.254406e-02  3.642055e-03
    69  -1.251788e+00  -1.257262e+00  8.488863e-03  1.349166e+02  3.423421e-01  1.266790e-02  3.661634e-03
    70  -1.240763e+00  -1.246241e+00  9.108117e-03  1.336596e+02  3.416969e-01  1.279910e-02  3.682283e-03
    71  -1.229730e+00  -1.235212e+00  9.770334e-03  1.323538e+02  3.410217e-01  1.293816e-02  3.704065e-03
    72  -1.218689e+00  -1.224174e+00  1.047826e-02  1.309980e+02  3.403151e-01  1.308563e-02  3.727046e-03
    73  -1.207637e+00  -1.213128e+00  1.123480e-02  1.295912e+02  3.395759e-01  1.324208e-02  3.751298e-03
    74  -1.196575e+00  -1.202071e+00  1.204299e-02  1.281322e+02  3.388026e-01  1.340814e-02  3.776898e-03
    75  -1.185500e+00  -1.191002e+00  1.290606e-02  1.266200e+02  3.379938e-01  1.358449e-02  3.803928e-03
    76  -1.174412e+00  -1.179921e+00  1.382737e-02  1.250536e+02  3.371481e-01  1.377189e-02  3.832475e-03
    77  -1.163309e+00  -1.168825e+00  1.481049e-02  1.234321e+02  3.362639e-01  1.397114e-02  3.862634e-03
    78  -1.152190e+00  -1.157714e+00  1.585915e-02  1.217548e+02  3.353397e-01  1.418311e-02  3.894505e-03
    79  -1.141053e+00  -1.146585e+00  1.697728e-02  1.200208e+02  3.343738e-01  1.440879e-02  3.928198e-03
    80  -1.129896e+00  -1.135438e+00  1.816896e-02  1.182296e+02  3.333645e-01  1.464921e-02  3.963830e-03
    81  -1.118718e+00  -1.124271e+00  1.943850e-02  1.163806e+02  3.323102e-01  1.490554e-02  4.001526e-03
    82  -1.107517e+00  -1.113081e+00  2.079041e-02  1.144735e+02  3.312089e-01  1.517903e-02  4.041423e-03
    83  -1.096290e+00  -1.101867e+00  2.222937e-02  1.125080e+02  3.300589e-01  1.547108e-02  4.083667e-03
    84  -1.085036e+00  -1.090626e+00  2.376030e-02  1.104841e+02  3.288582e-01  1.578323e-02  4.128417e-03
    85  -1.073751e+00  -1.079357e+00  2.538829e-02  1.084017e+02  3.276049e-01  1.611717e-02  4.175847e-03
    86  -1.062435e+00  -1.068056e+00  2.711870e-02  1.062612e+02  3.262969e-01  1.647476e-02  4.226142e-03
    87  -1.051082e+00  -1.056721e+00  2.895704e-02  1.040628e+02  3.249321e-01  1.685808e-02  4.279506e-03
    88  -1.039692e+00  -1.045350e+00  3.090905e-02  1.018074e+02  3.235083e-01  1.726942e-02  4.336160e-03
    89  -1.028260e+00  -1.033938e+00  3.298073e-02  9.949571e+01  3.220234e-01  1.771136e-02  4.396346e-03
    90  -1.016783e+00  -1.022484e+00  3.517823e-02  9.712880e+01  3.204749e-01  1.818674e-02  4.460327e-03
    91  -1.005258e+00  -1.010983e+00  3.750796e-02  9.470798e+01  3.188606e-01  1.869877e-02  4.528392e-03
    92  -9.936804e-01  -9.994307e-01  3.997652e-02  9.223481e+01  3.171779e-01  1.925102e-02  4.600858e-03
    93  -9.820459e-01  -9.878242e-01  4.259071e-02  8.971113e+01  3.154243e-01  1.984751e-02  4.678073e-03
    94  -9.703501e-01  -9.761586e-01  4.535754e-02  8.713904e+01  3.135973e-01  2.049279e-02  4.760419e-03
    95  -9.585878e-01  -9.644291e-01  4.828429e-02  8.452090e+01  3.116941e-01  2.119198e-02  4.848322e-03
    96  -9.467539e-01  -9.526305e-01  5.137828e-02  8.185941e+01  3.097118e-01  2.195091e-02  4.942248e-03
    97  -9.348427e-01  -9.407575e-01  5.464712e-02  7.915758e+01  3.076478e-01  2.277617e-02  5.042717e-03
    98  -9.228476e-01  -9.288037e-01  5.809861e-02  7.641868e+01  3.054988e-01  2.367531e-02  5.150308e-03
    99  -9.107620e-01  -9.167628e-01  6.174066e-02  7.364633e+01  3.032620e-01  2.465698e-02  5.265665e-03
   100  -8.985785e-01  -9.046275e-01  6.558137e-02  7.084446e+01  3.009340e-01  2.573110e-02  5.389508e-03
   101  -8.862890e-01  -8.923903e-01  6.962896e-02  6.801734e+01  2.985116e-01  2.690913e-02  5.522647e-03
   102  -8.738848e-01  -8.800427e-01  7.389183e-02  6.516954e+01  2.959914e-01  2.820433e-02  5.665991e-03
   103  -8.613564e-01  -8.675754e-01  7.837842e-02  6.230595e+01  2.933697e-01  2.963213e-02  5.820568e-03
   104  -8.486932e-01  -8.549787e-01  8.309731e-02  5.943181e+01  2.906428e-01  3.121054e-02  5.987541e-03
   105  -8.358839e-01  -8.422414e-01  8.805718e-02  5.655264e+01  2.878068e-01  3.296071e-02  6.168233e-03
   106  -8.229159e-01  -8.293515e-01  9.326673e-02  5.367425e+01  2.848578e-01  3.490760e-02  6.364154e-03
   107  -8.097754e-01  -8.162960e-01  9.873473e-02  5.080278e+01  2.817913e-01  3.708077e-02  6.577036e-03
   108  -7.964470e-01  -8.030601e-01  1.044700e-01  4.794459e+01  2.786031e-01  3.951549e-02  6.808869e-03
   109  -7.829138e-01  -7.896277e-01  1.104813e-01  4.510632e+01  2.752882e-01  4.225409e-02  7.061959e-03
   110  -7.691572e-01  -7.759811e-01  1.167774e-01  4.229484e+01  2.718419e-01  4.534761e-02  7.338983e-03
   111  -7.551562e-01  -7.621003e-01  1.233670e-01  3.951721e+01  2.682588e-01  4.885812e-02  7.643067e-03
   112  -7.408873e-01  -7.479632e-01  1.302589e-01  3.678067e+01  2.645332e-01  5.286159e-02  7.977886e-03
   113  -7.263243e-01  -7.335448e-01  1.374615e-01  3.409259e+01  2.606594e-01  5.745176e-02  8.347782e-03
   114  -7.114377e-01  -7.188172e-01  1.449834e-01  3.146046e+01  2.566307e-01  6.274522e-02  8.757919e-03
   115  -6.961938e-01  -7.037488e-01  1.528329e-01  2.889181e+01  2.524404e-01  6.888835e-02  9.214482e-03
   116  -6.805545e-01  -6.883038e-01  1.610180e-01  2.639420e+01  2.480811e-01  7.606671e-02  9.724934e-03
   117  -6.644763e-01  -6.724410e-01  1.695469e-01  2.397515e+01  2.435446e-01  8.451804e-02  1.029835e-02
   118  -6.479087e-01  -6.561135e-01  1.784273e-01  2.164208e+01  2.388222e-01  9.455047e-02  1.094589e-02
   119  -6.307937e-01  -6.392669e-01  1.876667e-01  1.940227e+01  2.339042e-01  1.065684e-01  1.168134e-02
   120  -6.130634e-01  -6.218381e-01  1.972725e-01  1.726278e+01  2.287801e-01  1.211101e-01  1.252199e-02
   121  -5.946379e-01  -6.037529e-01  2.072515e-01  1.523039e+01  2.234380e-01  1.389026e-01  1.348974e-02
   122  -5.754225e-01  -5.849239e-01  2.176105e-01  1.331153e+01  2.178650e-01  1.609453e-01  1.461268e-02
   123  -5.553042e-01  -5.652469e-01  2.283559e-01  1.151217e+01  2.120463e-01  1.886373e-01  1.592736e-02
   124  -5.341460e-01  -5.445963e-01  2.394938e-01  9.837744e+00  2.059657e-01  2.239789e-01  1.748206e-02
   125  -5.117803e-01  -5.228192e-01  2.510298e-01  8.293057e+00  1.996043e-01  2.698985e-01  1.934174e-02
   126  -4.879995e-01  -4.997271e-01  2.629693e-01  6.882162e+00  1.929412e-01  3.307978e-01  2.159548e-02
   127  -4.625427e-01  -4.750846e-01  2.753172e-01  5.608234e+00  1.859522e-01  4.134978e-01  2.436823e-02
   128  -4.350763e-01  -4.485924e-01  2.880780e-01  4.473422e+00  1.786098e-01  5.289413e-01  2.783974e-02
   129  -4.051668e-01  -4.198641e-01  3.012559e-01  3.478672e+00  1.708827e-01  6.954044e-01  3.227617e-02
   130  -3.722386e-01  -3.883907e-01  3.148546e-01  2.623525e+00  1.627356e-01  9.448733e-01  3.808500e-02
   131  -3.355112e-01  -3.534868e-01  3.288774e-01  1.905855e+00  1.541294e-01  1.336495e+00  4.591452e-02
   132  -2.939026e-01  -3.142088e-01  3.433271e-01  1.321561e+00  1.450235e-01  1.986981e+00  5.684275e-02
   133  -2.458793e-01  -2.692275e-01  3.582062e-01  8.641551e-01  1.353814e-01  3.145059e+00  7.275493e-02
   134  -1.892384e-01  -2.166361e-01  3.735166e-01  5.242660e-01  1.251856e-01  5.391023e+00  9.713702e-02
   135  -1.208439e-01  -1.536962e-01  3.892599e-01  2.890357e-01  1.144745e-01  1.022572e+01  1.368068e-01
   136  -3.655964e-02  -7.666034e-02  4.054373e-01  1.415576e-01  1.034250e-01  2.196616e+01  2.056641e-01
   137  6.764835e-02  1.866244e-02  4.220493e-01  6.086061e-02  9.249834e-02  5.402524e+01  3.316673e-01
   138  1.914437e-01  1.339421e-01  4.390963e-01  2.371023e-02  8.250886e-02  1.468297e+02  5.626257e-01
   139  3.240685e-01  2.627992e-01  4.565780e-01  9.319501e-03  7.413558e-02  3.940887e+02  9.467342e-01
   140  4.481295e-01  3.905140e-01  4.744939e-01  4.225534e-03  6.722261e-02  9.127687e+02  1.476520e+00
   141  5.532721e-01  5.038750e-01  4.928430e-01  2.333531e-03  6.136231e-02  1.729958e+03  2.079602e+00
   142  6.391435e-01  5.983267e-01  5.116240e-01  1.522940e-03  5.644891e-02  2.763690e+03  2.683914e+00
   143  7.094104e-01  6.756965e-01  5.308350e-01  1.115570e-03  5.240196e-02  3.915879e+03  3.254734e+00
   144  7.678878e-01  7.396326e-01  5.504739e-01  8.810840e-04  4.907189e-02  5.123495e+03  3.784536e+00
   145  8.175367e-01  7.934213e-01  5.705382e-01  7.311998e-04  4.630209e-02  6.355703e+03  4.276804e+00
   146  8.604905e-01  8.395444e-01  5.910251e-01  6.275191e-04  4.396340e-02  7.600242e+03  4.737821e+00
   147  8.982690e-01  8.797904e-01  6.119315e-01  5.513770e-04  4.195796e-02  8.854096e+03  5.173760e+00
   148  9.319661e-01  9.154443e-01  6.332539e-01  4.928264e-04  4.021344e-02  1.011860e+04  5.589914e+00
   149  9.623839e-01  9.474413e-01  6.549885e-01  4.461535e-04  3.867636e-02  1.139706e+04  5.990634e+00
   150  9.901218e-01  9.764742e-01  6.771312e-01  4.078684e-04  3.730672e-02  1.269365e+04  6.379464e+00
   151  1.015637e+00  1.003067e+00  6.996779e-01  3.757294e-04  3.607418e-02  1.401285e+04  6.759303e+00
   152  1.039283e+00  1.027620e+00  7.226239e-01  3.482350e-04  3.495537e-02  1.535927e+04  7.132547e+00
   153  1.061339e+00  1.050451e+00  7.459645e-01  3.243427e-04  3.393201e-02  1.673752e+04  7.501203e+00
   154  1.082030e+00  1.071808e+00  7.696946e-01  3.033071e-04  3.298960e-02  1.815219e+04  7.866979e+00
   155  1.101537e+00  1.091893e+00  7.938092e-01  2.845808e-04  3.211649e-02  1.960787e+04  8.231348e+00
   156  1.120008e+00  1.110870e+00  8.183029e-01  2.677528e-04  3.130319e-02  2.110920e+04  8.595605e+00
   157  1.137567e+00  1.128876e+00  8.431702e-01  2.525085e-04  3.054190e-02  2.266084e+04  8.960902e+00
   158  1.154318e+00  1.146023e+00  8.684054e-01  2.386027e-04  2.982614e-02  2.426757e+04  9.328281e+00
   159  1.170349e+00  1.162408e+00  8.940028e-01  2.258412e-04  2.915046e-02  2.593428e+04  9.698700e+00
   160  1.185734e+00  1.178110e+00  9.199565e-01  2.140682e-04  2.851027e-02  2.766605e+04  1.007305e+01
   161  1.200538e+00  1.193199e+00  9.462603e-01  2.031572e-04  2.790165e-02  2.946815e+04  1.045218e+01
   162  1.214816e+00  1.207736e+00  9.729084e-01  1.930040e-04  2.732125e-02  3.134609e+04  1.083688e+01
   163  1.228618e+00  1.221772e+00  9.998945e-01  1.835223e-04  2.676616e-02  3.330567e+04  1.122795e+01
   164  1.241985e+00  1.235353e+00  1.027212e+00  1.746394e-04  2.623388e-02  3.535301e+04  1.162613e+01
   165  1.254955e+00  1.248518e+00  1.054856e+00  1.662941e-04  2.572221e-02  3.749462e+04  1.203220e+01
   166  1.267562e+00  1.261304e+00  1.082819e+00  1.584340e-04  2.522924e-02  3.973742e+04  1.244691e+01
   167  1.279835e+00  1.273741e+00  1.111094e+00  1.510140e-04  2.475329e-02  4.208877e+04  1.287101e+01
   168  1.291801e+00  1.285859e+00  1.139677e+00  1.439953e-04  2.429289e-02  4.455661e+04  1.330528e+01
   169  1.303484e+00  1.297682e+00  1.168559e+00  1.373438e-04  2.384673e-02  4.714943e+04  1.375051e+01
   170  1.314906e+00  1.309233e+00  1.197736e+00  1.310298e-04  2.341368e-02  4.987640e+04  1.420751e+01
   171  1.326087e+00  1.320533e+00  1.227200e+00  1.250270e-04  2.299272e-02  5.274741e+04  1.467712e+01
   172  1.337045e+00  1.331601e+00  1.256946e+00  1.193120e-04  2.258296e-02  5.577317e+04  1.516021e+01
   173  1.347796e+00  1.342454e+00  1.286966e+00  1.138641e-04  2.218363e-02  5.896533e+04  1.565770e+01
   174  1.358356e+00  1.353108e+00  1.317256e+00  1.086646e-04  2.179405e-02  6.233654e+04  1.617054e+01
   175  1.368739e+00  1.363579e+00  1.347808e+00  1.036968e-04  2.141363e-02  6.590061e+04  1.669975e+01
   176  1.378958e+00  1.373879e+00  1.378616e+00  9.894543e-05  2.104187e-02  6.967261e+04  1.724637e+01
   177  1.389026e+00  1.384022e+00  1.409675e+00  9.439674e-05  2.067834e-02  7.366907e+04  1.781154e+01
   178  1.398955e+00  1.394019e+00  1.440978e+00  9.003820e-05  2.032268e-02  7.790813e+04  1.839645e+01
   179  1.408755e+00  1.403883e+00  1.472519e+00  8.585834e-05  1.997459e-02  8.240973e+04  1.900236e+01
   180  1.418437e+00  1.413623e+00  1.504292e+00  8.184669e-05  1.963387e-02  8.719587e+04  1.963063e+01
   181  1.428012e+00  1.423251e+00  1.536292e+00  7.799360e-05  1.930034e-02  9.229082e+04  2.028270e+01
   182  1.437489e+00  1.432776e+00  1.568512e+00  7.429024e-05  1.897390e-02  9.772145e+04  2.096011e+01
   183  1.446877e+00  1.442208e+00  1.600947e+00  7.072846e-05  1.865449e-02  1.035176e+05  2.166451e+01
   184  1.456186e+00  1.451556e+00  1.633591e+00  6.730077e-05  1.834212e-02  1.097123e+05  2.239768e+01
   185  1.465424e+00  1.460830e+00  1.666439e+00  6.400025e-05  1.803682e-02  1.163425e+05  2.316151e+01
   186  1.474602e+00  1.470038e+00  1.699484e+00  6.082060e-05  1.773869e-02  1.234493e+05  2.395806e+01
   187  1.483728e+00  1.479189e+00  1.732722e+00  5.775603e-05  1.744787e-02  1.310785e+05  2.478951e+01
   188  1.492810e+00  1.488292e+00  1.766147e+00  5.480125e-05  1.716451e-02  1.392816e+05  2.565823e+01
   189  1.501857e+00  1.497357e+00  1.799754e+00  5.195150e-05  1.688883e-02  1.481161e+05  2.656678e+01
   190  1.510880e+00  1.506392e+00  1.833536e+00  4.920250e-05  1.662103e-02  1.576463e+05  2.751789e+01
   191  1.519886e+00  1.515406e+00  1.867490e+00  4.655047e-05  1.636135e-02  1.679447e+05  2.851452e+01
   192  1.528884e+00  1.524408e+00  1.901609e+00  4.399207e-05  1.611003e-02  1.790925e+05  2.955986e+01
   193  1.537885e+00  1.533408e+00  1.935889e+00  4.152441e-05  1.586730e-02  1.911811e+05  3.065734e+01
   194  1.546899e+00  1.542415e+00  1.970325e+00  3.914506e-05  1.563336e-02  2.043134e+05  3.181069e+01
   195  1.555933e+00  1.551439e+00  2.004912e+00  3.685207e-05  1.540837e-02  2.186048e+05  3.302390e+01
   196  1.565000e+00  1.560490e+00  2.039645e+00  3.464393e-05  1.519245e-02  2.341849e+05  3.430127e+01
   197  1.574107e+00  1.569577e+00  2.074518e+00  3.251954e-05  1.498563e-02  2.511991e+05  3.564742e+01
   198  1.583266e+00  1.578711e+00  2.109526e+00  3.047811e-05  1.478784e-02  2.698109e+05  3.706733e+01
   199  1.592486e+00  1.587900e+00  2.144666e+00  2.851921e-05  1.459891e-02  2.902033e+05  3.856638e+01
   200  1.601778e+00  1.597157e+00  2.179932e+00  2.664262e-05  1.441852e-02  3.125811e+05  4.015031e+01
   201  1.611150e+00  1.606489e+00  2.215319e+00  2.484836e-05  1.424621e-02  3.371729e+05  4.182532e+01
   202  1.620614e+00  1.615908e+00  2.250822e+00  2.313646e-05  1.408137e-02  3.642342e+05  4.359804e+01
   203  1.630176e+00  1.625421e+00  2.286438e+00  2.150695e-05  1.392322e-02  3.940499e+05  4.547560e+01
   204  1.639847e+00  1.635038e+00  2.322160e+00  1.995979e-05  1.377086e-02  4.269366e+05  4.746562e+01
   205  1.649633e+00  1.644768e+00  2.357985e+00  1.849467e-05  1.362325e-02  4.632473e+05  4.957629e+01
   206  1.659542e+00  1.654616e+00  2.393907e+00  1.711100e-05  1.347927e-02  5.033747e+05  5.181635e+01
   207  1.669580e+00  1.664590e+00  2.429923e+00  1.580780e-05  1.333774e-02  5.477565e+05  5.419522e+01
   208  1.679751e+00  1.674695e+00  2.466027e+00  1.458366e-05  1.319749e-02  5.968810e+05  5.672294e+01
   209  1.690061e+00  1.684937e+00  2.502214e+00  1.343676e-05  1.305742e-02  6.512934e+05  5.941030e+01
   210  1.700511e+00  1.695317e+00  2.538480e+00  1.236484e-05  1.291650e-02  7.116050e+05  6.226887e+01
   211  1.711106e+00  1.705841e+00  2.574820e+00  1.136525e-05  1.277387e-02  7.785021e+05  6.531110e+01
   212  1.721845e+00  1.716508e+00  2.611229e+00  1.043502e-05  1.262882e-02  8.527570e+05  6.855035e+01
   213  1.732730e+00  1.727322e+00  2.647704e+00  9.570955e-06  1.248080e-02  9.352407e+05  7.200105e+01
   214  1.743762e+00  1.738281e+00  2.684236e+00  8.769709e-06  1.232945e-02  1.026935e+06  7.567863e+01
   215  1.754940e+00  1.749387e+00  2.720824e+00  8.027845e-06  1.217455e-02  1.128950e+06  7.959978e+01
   216  1.766263e+00  1.760639e+00  2.757461e+00  7.341914e-06  1.201597e-02  1.242542e+06  8.378256e+01
   217  1.777732e+00  1.772035e+00  2.794143e+00  6.708517e-06  1.185374e-02  1.369134e+06  8.824637e+01
   218  1.789344e+00  1.783577e+00  2.830864e+00  6.124339e-06  1.168790e-02  1.510332e+06  9.301220e+01
   219  1.801098e+00  1.795261e+00  2.867619e+00  5.586179e-06  1.151858e-02  1.667960e+06  9.810268e+01
   220  1.812993e+00  1.807087e+00  2.904402e+00  5.090955e-06  1.134594e-02  1.844084e+06  1.035423e+02
   221  1.825028e+00  1.819052e+00  2.941208e+00  4.635728e-06  1.117015e-02  2.041045e+06  1.093577e+02
   222  1.837200e+00  1.831157e+00  2.978032e+00  4.217705e-06  1.099141e-02  2.261503e+06  1.155774e+02
   223  1.849508e+00  1.843398e+00  3.014867e+00  3.834236e-06  1.080994e-02  2.508473e+06  1.222325e+02
   224  1.861949e+00  1.855773e+00  3.051708e+00  3.482817e-06  1.062596e-02  2.785386e+06  1.293565e+02
   225  1.874522e+00  1.868281e+00  3.088549e+00  3.161078e-06  1.043969e-02  3.096142e+06  1.369860e+02
   226  1.887224e+00  1.880920e+00  3.125383e+00  2.866793e-06  1.025138e-02  3.445185e+06  1.451605e+02
   227  1.900053e+00  1.893686e+00  3.162204e+00  2.597878e-06  1.006125e-02  3.837562e+06  1.539226e+02
   228  1.913007e+00  1.906579e+00  3.199004e+00  2.352373e-06  9.869529e-03  4.279033e+06  1.633189e+02
   229  1.926083e+00  1.919594e+00  3.235778e+00  2.128444e-06  9.676445e-03  4.776172e+06  1.733999e+02
   230  1.939279e+00  1.932731e+00  3.272518e+00  1.924375e-06  9.482225e-03  5.336483e+06  1.842204e+02
   231  1.952593e+00  1.945987e+00  3.309218e+00  1.738566e-06  9.287108e-03  5.968548e+06  1.958402e+02
   232  1.966021e+00  1.959359e+00  3.345867e+00  1.569529e-06  9.091329e-03  6.682161e+06  2.083240e+02
   233  1.979561e+00  1.972844e+00  3.382461e+00  1.415883e-06  8.895086e-03  7.488546e+06  2.217425e+02
   234  1.993211e+00  1.986440e+00  3.418989e+00  1.276341e-06  8.698602e-03  8.400568e+06  2.361727e+02
   235  2.006968e+00  2.000144e+00  3.455443e+00  1.149713e-06  8.502080e-03  9.432958e+06  2.516984e+02
   236  2.020829e+00  2.013953e+00  3.491816e+00  1.034895e-06  8.305730e-03  1.060266e+07  2.684112e+02
   237  2.034791e+00  2.027866e+00  3.528096e+00  9.308676e-07  8.109768e-03  1.192910e+07  2.864109e+02
   238  2.048853e+00  2.041879e+00  3.564275e+00  8.366952e-07  7.914330e-03  1.343463e+07  3.058067e+02
   239  2.063011e+00  2.055989e+00  3.600342e+00  7.515084e-07  7.719605e-03  1.514498e+07  3.267182e+02
   240  2.077262e+00  2.070195e+00  3.636288e+00  6.745073e-07  7.525776e-03  1.708983e+07  3.492760e+02
   241  2.091605e+00  2.084493e+00  3.672101e+00  6.049530e-07  7.333072e-03  1.930347e+07  3.736233e+02
   242  2.106036e+00  2.098880e+00  3.707770e+00  5.421825e-07  7.141515e-03  2.182525e+07  3.999170e+02
   243  2.120553e+00  2.113355e+00  3.743285e+00  4.855726e-07  6.951271e-03  2.470095e+07  4.283300e+02
   244  2.135153e+00  2.127914e+00  3.778631e+00  4.345428e-07  6.762700e-03  2.798385e+07  4.590515e+02
   245  2.149833e+00  2.142555e+00  3.813796e+00  3.885891e-07  6.575735e-03  3.173491e+07  4.922892e+02
   246  2.164592e+00  2.157275e+00  3.848769e+00  3.472372e-07  6.390458e-03  3.602531e+07  5.282732e+02
   247  2.179426e+00  2.172073e+00  3.883532e+00  3.100413e-07  6.207231e-03  4.093846e+07  5.672559e+02
   248  2.194334e+00  2.186944e+00  3.918075e+00  2.766254e-07  6.025769e-03  4.656952e+07  6.095165e+02
   249  2.209313e+00  2.201888e+00  3.952381e+00  2.466147e-07  5.846421e-03  5.303175e+07  6.553650e+02
   250  2.224360e+00  2.216902e+00  3.986434e+00  2.196742e-07  5.669496e-03  6.045731e+07  7.051411e+02
   251  2.239474e+00  2.231983e+00  4.020220e+00  1.955246e-07  5.494585e-03  6.899714e+07  7.592234e+02
   252  2.254651e+00  2.247129e+00  4.053721e+00  1.738788e-07  5.322153e-03  7.883329e+07  8.180328e+02
   253  2.269891e+00  2.262338e+00  4.086918e+00  1.544920e-07  5.152275e-03  9.017675e+07  8.820339e+02
   254  2.285190e+00  2.277608e+00  4.119796e+00  1.371518e-07  4.984608e-03  1.032721e+08  9.517470e+02
   255  2.300546e+00  2.292936e+00  4.152333e+00  1.216364e-07  4.819889e-03  1.184181e+08  1.027750e+03
   256  2.315959e+00  2.308321e+00  4.184514e+00  1.077828e-07  4.657374e-03  1.359502e+08  1.110689e+03
   257  2.331424e+00  2.323760e+00  4.216317e+00  9.541139e-08  4.497584e-03  1.562824e+08  1.201290e+03
   258  2.346942e+00  2.339252e+00  4.247720e+00  8.436800e-08  4.340803e-03  1.799025e+08  1.300361e+03
   259  2.362509e+00  2.354795e+00  4.278704e+00  7.453085e-08  4.186340e-03  2.073704e+08  1.408810e+03
   260  2.378124e+00  2.370387e+00  4.309247e+00  6.576497e-08  4.034814e-03  2.393832e+08  1.527667e+03
   261  2.393785e+00  2.386025e+00  4.339327e+00  5.796329e-08  3.886064e-03  2.767528e+08  1.658083e+03
   262  2.409491e+00  2.401709e+00  4.368920e+00  5.102512e-08  3.740147e-03  3.204584e+08  1.801364e+03
   263  2.425240e+00  2.417437e+00  4.398003e+00  4.486096e-08  3.597030e-03  3.716717e+08  1.958987e+03
   264  2.441030e+00  2.433206e+00  4.426551e+00  3.938857e-08  3.456799e-03  4.318101e+08  2.132631e+03
   265  2.456859e+00  2.449016e+00  4.454541e+00  3.453542e-08  3.319418e-03  5.025789e+08  2.324205e+03
   266  2.472727e+00  2.464865e+00  4.481946e+00  3.023537e-08  3.184927e-03  5.860503e+08  2.535889e+03
   267  2.488631e+00  2.480752e+00  4.508746e+00  2.643274e-08  3.052901e-03  6.847018e+08  2.770195e+03
   268  2.504571e+00  2.496674e+00  4.534908e+00  2.306544e-08  2.924374e-03  8.017181e+08  3.029984e+03
   269  2.520544e+00  2.512631e+00  4.560415e+00  2.009719e-08  2.797946e-03  9.406869e+08  3.318566e+03
   270  2.536551e+00  2.528621e+00  4.585232e+00  1.747349e-08  2.675152e-03  1.106486e+09  3.639768e+03
   271  2.552588e+00  2.544644e+00  4.609339e+00  1.516575e-08  2.554610e-03  1.304589e+09  3.998007e+03
   272  2.568656e+00  2.560697e+00  4.632710e+00  1.313426e-08  2.437047e-03  1.542278e+09  4.398484e+03
   273  2.584753e+00  2.576779e+00  4.655317e+00  1.134849e-08  2.322480e-03  1.828462e+09  4.847219e+03
   274  2.600878e+00  2.592891e+00  4.677135e+00  9.782433e-09  2.210602e-03  2.174192e+09  5.351297e+03
   275  2.617030e+00  2.609029e+00  4.698144e+00  8.411762e-09  2.101221e-03  2.593446e+09  5.919138e+03
   276  2.633207e+00  2.625194e+00  4.718316e+00  7.211671e-09  1.994999e-03  3.104508e+09  6.560675e+03
   277  2.649409e+00  2.641384e+00  4.737631e+00  6.165486e-09  1.891129e-03  3.729684e+09  7.287750e+03
   278  2.665635e+00  2.657598e+00  4.756067e+00  5.253606e-09  1.790110e-03  4.498862e+09  8.114638e+03
   279  2.681883e+00  2.673835e+00  4.773601e+00  4.460221e-09  1.692064e-03  5.450486e+09  9.058394e+03
   280  2.698152e+00  2.690094e+00  4.790222e+00  3.773919e-09  1.595918e-03  6.632881e+09  1.013996e+04
   281  2.714442e+00  2.706373e+00  4.805906e+00  3.178271e-09  1.503245e-03  8.115104e+09  1.138485e+04
   282  2.730751e+00  2.722673e+00  4.820645e+00  2.665763e-09  1.412472e-03  9.981331e+09  1.282440e+04
   283  2.747077e+00  2.738991e+00  4.834423e+00  2.223845e-09  1.324859e-03  1.235409e+10  1.449775e+04
   284  2.763420e+00  2.755325e+00  4.847237e+00  1.845740e-09  1.239289e-03  1.539016e+10  1.645380e+04
   285  2.779777e+00  2.771675e+00  4.859082e+00  1.522592e-09  1.156262e-03  1.931472e+10  1.875504e+04
   286  2.796146e+00  2.788039e+00  4.869952e+00  1.247021e-09  1.076252e-03  2.444382e+10  2.148047e+04
   287  2.812525e+00  2.804413e+00  4.879856e+00  1.014134e-09  9.982515e-04  3.120935e+10  2.473262e+04
   288  2.828909e+00  2.820794e+00  4.888804e+00  8.178546e-10  9.226500e-04  4.025366e+10  2.864714e+04
   289  2.845293e+00  2.837178e+00  4.896806e+00  6.532144e-10  8.496543e-04  5.251980e+10  3.340325e+04
   290  2.861669e+00  2.853558e+00  4.903884e+00  5.161576e-10  7.790866e-04  6.941044e+10  3.924223e+04
   291  2.878025e+00  2.869924e+00  4.910061e+00  4.028575e-10  7.110890e-04  9.308646e+10  4.649433e+04
   292  2.894345e+00  2.886262e+00  4.915372e+00  3.100218e-10  6.457532e-04  1.269330e+11  5.561711e+04
   293  2.910601e+00  2.902549e+00  4.919859e+00  2.350439e-10  5.823614e-04  1.763010e+11  6.726156e+04
   294  2.926747e+00  2.918749e+00  4.923565e+00  1.746983e-10  5.226554e-04  2.503823e+11  8.235419e+04
   295  2.942709e+00  2.934802e+00  4.926545e+00  1.272274e-10  4.659331e-04  3.641311e+11  1.022082e+05
   296  2.958356e+00  2.950603e+00  4.928872e+00  9.083388e-11  4.113408e-04  5.428142e+11  1.287398e+05
   297  2.973453e+00  2.965970e+00  4.930605e+00  6.306497e-11  3.627604e-04  8.325337e+11  1.645257e+05
   298  2.987580e+00  2.980574e+00  4.931833e+00  4.317798e-11  3.175003e-04  1.299767e+12  2.125370e+05
   299  3.000000e+00  2.993834e+00  4.932628e+00  2.901407e-11  2.836152e-04  2.046570e+12  2.743271e+05
