     i         log_r      log_rmid             m           rho            v2        trelax            kn
     0  -2.399245e+00  -2.700275e+00  4.936543e-05  2.334961e+03  6.848827e-01  5.175022e-04  6.222857e-04
     1  -2.388193e+00  -2.393684e+00  5.328937e-05  2.339535e+03  6.835438e-01  5.169962e-04  6.222857e-04
     2  -2.377141e+00  -2.382632e+00  5.752323e-05  2.338640e+03  6.834739e-01  5.172205e-04  6.224366e-04
     3  -2.366083e+00  -2.371577e+00  6.209370e-05  2.337698e+03  6.834003e-01  5.174568e-04  6.225955e-04
     4  -2.355026e+00  -2.360519e+00  6.702432e-05  2.336707e+03  6.833228e-01  5.177056e-04  6.227629e-04
     5  -2.343959e+00  -2.349457e+00  7.234881e-05  2.335664e+03  6.832412e-01  5.179677e-04  6.229391e-04
     6  -2.332898e+00  -2.338393e+00  7.809033e-05  2.334566e+03  6.831553e-01  5.182437e-04  6.231246e-04
     7  -2.321838e+00  -2.327333e+00  8.428458e-05  2.333412e+03  6.830650e-01  5.185343e-04  6.233199e-04
     8  -2.310773e+00  -2.316270e+00  9.096964e-05  2.332199e+03  6.829699e-01  5.188403e-04  6.235255e-04
     9  -2.299706e+00  -2.305204e+00  9.818356e-05  2.330921e+03  6.828699e-01  5.191626e-04  6.237420e-04
    10  -2.288635e+00  -2.294135e+00  1.059689e-04  2.329578e+03  6.827646e-01  5.195021e-04  6.239699e-04
    11  -2.277571e+00  -2.283067e+00  1.143624e-04  2.328165e+03  6.826538e-01  5.198595e-04  6.242098e-04
    12  -2.266505e+00  -2.272002e+00  1.234185e-04  2.326680e+03  6.825373e-01  5.202357e-04  6.244623e-04
    13  -2.255436e+00  -2.260935e+00  1.331900e-04  2.325118e+03  6.824148e-01  5.206320e-04  6.247282e-04
    14  -2.244370e+00  -2.249867e+00  1.437275e-04  2.323475e+03  6.822858e-01  5.210493e-04  6.250080e-04
    15  -2.233298e+00  -2.238799e+00  1.550994e-04  2.321748e+03  6.821501e-01  5.214888e-04  6.253026e-04
    16  -2.222232e+00  -2.227730e+00  1.673596e-04  2.319932e+03  6.820074e-01  5.219516e-04  6.256128e-04
    17  -2.211168e+00  -2.216665e+00  1.805806e-04  2.318023e+03  6.818574e-01  5.224388e-04  6.259391e-04
    18  -2.200100e+00  -2.205599e+00  1.948435e-04  2.316017e+03  6.816995e-01  5.229520e-04  6.262827e-04
    19  -2.189037e+00  -2.194533e+00  2.102204e-04  2.313908e+03  6.815335e-01  5.234924e-04  6.266444e-04
    20  -2.177973e+00  -2.183470e+00  2.268022e-04  2.311691e+03  6.813589e-01  5.240614e-04  6.270250e-04
    21  -2.166908e+00  -2.172405e+00  2.446857e-04  2.309362e+03  6.811753e-01  5.246607e-04  6.274257e-04
    22  -2.155841e+00  -2.161339e+00  2.639729e-04  2.306913e+03  6.809821e-01  5.252921e-04  6.278476e-04
    23  -2.144777e+00  -2.150274e+00  2.847617e-04  2.304340e+03  6.807790e-01  5.259570e-04  6.282917e-04
    24  -2.133717e+00  -2.139212e+00  3.071688e-04  2.301638e+03  6.805655e-01  5.266572e-04  6.287591e-04
    25  -2.122656e+00  -2.128151e+00  3.313271e-04  2.298799e+03  6.803411e-01  5.273947e-04  6.292510e-04
    26  -2.111598e+00  -2.117091e+00  3.573620e-04  2.295816e+03  6.801051e-01  5.281714e-04  6.297689e-04
    27  -2.100539e+00  -2.106033e+00  3.854278e-04  2.292684e+03  6.798570e-01  5.289896e-04  6.303140e-04
    28  -2.089479e+00  -2.094973e+00  4.156808e-04  2.289393e+03  6.795961e-01  5.298516e-04  6.308878e-04
    29  -2.078422e+00  -2.083915e+00  4.482776e-04  2.285937e+03  6.793219e-01  5.307597e-04  6.314920e-04
    30  -2.067364e+00  -2.072858e+00  4.834077e-04  2.282308e+03  6.790336e-01  5.317164e-04  6.321279e-04
    31  -2.056308e+00  -2.061801e+00  5.212579e-04  2.278498e+03  6.787306e-01  5.327243e-04  6.327974e-04
    32  -2.045253e+00  -2.050745e+00  5.620357e-04  2.274499e+03  6.784122e-01  5.337863e-04  6.335021e-04
    33  -2.034200e+00  -2.039691e+00  6.059606e-04  2.270301e+03  6.780775e-01  5.349053e-04  6.342440e-04
    34  -2.023147e+00  -2.028638e+00  6.532785e-04  2.265895e+03  6.777259e-01  5.360845e-04  6.350250e-04
    35  -2.012095e+00  -2.017586e+00  7.042385e-04  2.261271e+03  6.773563e-01  5.373271e-04  6.358473e-04
    36  -2.001044e+00  -2.006534e+00  7.591240e-04  2.256420e+03  6.769680e-01  5.386369e-04  6.367130e-04
    37  -1.989993e+00  -1.995483e+00  8.182252e-04  2.251330e+03  6.765601e-01  5.400174e-04  6.376246e-04
    38  -1.978943e+00  -1.984433e+00  8.818583e-04  2.245990e+03  6.761314e-01  5.414726e-04  6.385843e-04
    39  -1.967894e+00  -1.973383e+00  9.503637e-04  2.240391e+03  6.756812e-01  5.430068e-04  6.395948e-04
    40  -1.956843e+00  -1.962333e+00  1.024119e-03  2.234519e+03  6.752082e-01  5.446245e-04  6.406590e-04
    41  -1.945794e+00  -1.951283e+00  1.103493e-03  2.228362e+03  6.747113e-01  5.463304e-04  6.417796e-04
    42  -1.934744e+00  -1.940234e+00  1.188917e-03  2.221907e+03  6.741895e-01  5.481293e-04  6.429597e-04
    43  -1.923696e+00  -1.929185e+00  1.280828e-03  2.215143e+03  6.736416e-01  5.500267e-04  6.442025e-04
    44  -1.912646e+00  -1.918136e+00  1.379723e-03  2.208055e+03  6.730661e-01  5.520282e-04  6.455115e-04
    45  -1.901596e+00  -1.907086e+00  1.486103e-03  2.200628e+03  6.724619e-01  5.541400e-04  6.468902e-04
    46  -1.890545e+00  -1.896036e+00  1.600525e-03  2.192849e+03  6.718275e-01  5.563683e-04  6.483425e-04
    47  -1.879494e+00  -1.884984e+00  1.723575e-03  2.184702e+03  6.711615e-01  5.587201e-04  6.498725e-04
    48  -1.868441e+00  -1.873932e+00  1.855885e-03  2.176172e+03  6.704623e-01  5.612026e-04  6.514843e-04
    49  -1.857387e+00  -1.862878e+00  1.998123e-03  2.167242e+03  6.697285e-01  5.638235e-04  6.531826e-04
    50  -1.846330e+00  -1.851823e+00  2.151017e-03  2.157897e+03  6.689583e-01  5.665911e-04  6.549722e-04
    51  -1.835272e+00  -1.840766e+00  2.315332e-03  2.148119e+03  6.681501e-01  5.695143e-04  6.568581e-04
    52  -1.824210e+00  -1.829706e+00  2.491891e-03  2.137891e+03  6.673019e-01  5.726026e-04  6.588458e-04
    53  -1.813146e+00  -1.818643e+00  2.681574e-03  2.127194e+03  6.664121e-01  5.758660e-04  6.609411e-04
    54  -1.802078e+00  -1.807577e+00  2.885299e-03  2.116012e+03  6.654785e-01  5.793152e-04  6.631499e-04
    55  -1.791007e+00  -1.796507e+00  3.104081e-03  2.104324e+03  6.644993e-01  5.829618e-04  6.654787e-04
    56  -1.779931e+00  -1.785434e+00  3.338977e-03  2.092112e+03  6.634722e-01  5.868182e-04  6.679345e-04
    57  -1.768850e+00  -1.774355e+00  3.591122e-03  2.079357e+03  6.623951e-01  5.908978e-04  6.705245e-04
    58  -1.757764e+00  -1.763272e+00  3.861724e-03  2.066038e+03  6.612656e-01  5.952148e-04  6.732566e-04
    59  -1.746671e+00  -1.752182e+00  4.152066e-03  2.052135e+03  6.600814e-01  5.997847e-04  6.761391e-04
    60  -1.735572e+00  -1.741086e+00  4.463517e-03  2.037628e+03  6.588399e-01  6.046238e-04  6.791808e-04
    61  -1.724464e+00  -1.729982e+00  4.797536e-03  2.022495e+03  6.575386e-01  6.097501e-04  6.823911e-04
    62  -1.713348e+00  -1.718871e+00  5.155655e-03  2.006717e+03  6.561748e-01  6.151828e-04  6.857802e-04
    63  -1.702223e+00  -1.707750e+00  5.539526e-03  1.990272e+03  6.547455e-01  6.209425e-04  6.893588e-04
    64  -1.691087e+00  -1.696620e+00  5.950900e-03  1.973138e+03  6.532480e-01  6.270519e-04  6.931384e-04
    65  -1.679940e+00  -1.685478e+00  6.391610e-03  1.955295e+03  6.516792e-01  6.335353e-04  6.971315e-04
    66  -1.668781e+00  -1.674325e+00  6.863620e-03  1.936722e+03  6.500359e-01  6.404189e-04  7.013511e-04
    67  -1.657608e+00  -1.663158e+00  7.369017e-03  1.917397e+03  6.483148e-01  6.477315e-04  7.058116e-04
    68  -1.646420e+00  -1.651978e+00  7.909987e-03  1.897300e+03  6.465125e-01  6.555042e-04  7.105281e-04
    69  -1.635215e+00  -1.640781e+00  8.488863e-03  1.876412e+03  6.446255e-01  6.637708e-04  7.155170e-04
    70  -1.623993e+00  -1.629568e+00  9.108117e-03  1.854711e+03  6.426501e-01  6.725686e-04  7.207961e-04
    71  -1.612752e+00  -1.618336e+00  9.770334e-03  1.832178e+03  6.405824e-01  6.819379e-04  7.263842e-04
    72  -1.601489e+00  -1.607084e+00  1.047826e-02  1.808796e+03  6.384186e-01  6.919230e-04  7.323021e-04
    73  -1.590204e+00  -1.595810e+00  1.123480e-02  1.784546e+03  6.361544e-01  7.025724e-04  7.385717e-04
    74  -1.578893e+00  -1.584512e+00  1.204299e-02  1.759411e+03  6.337858e-01  7.139395e-04  7.452172e-04
    75  -1.567557e+00  -1.573188e+00  1.290606e-02  1.733377e+03  6.313081e-01  7.260831e-04  7.522645e-04
    76  -1.556190e+00  -1.561836e+00  1.382737e-02  1.706428e+03  6.287169e-01  7.390679e-04  7.597420e-04
    77  -1.544793e+00  -1.550454e+00  1.481049e-02  1.678553e+03  6.260074e-01  7.529655e-04  7.676804e-04
    78  -1.533361e+00  -1.539039e+00  1.585915e-02  1.649741e+03  6.231747e-01  7.678554e-04  7.761131e-04
    79  -1.521892e+00  -1.527588e+00  1.697728e-02  1.619981e+03  6.202136e-01  7.838256e-04  7.850768e-04
    80  -1.510382e+00  -1.516099e+00  1.816896e-02  1.589268e+03  6.171189e-01  8.009741e-04  7.946114e-04
    81  -1.498830e+00  -1.504568e+00  1.943850e-02  1.557596e+03  6.138851e-01  8.194104e-04  8.047606e-04
    82  -1.487230e+00  -1.492991e+00  2.079041e-02  1.524965e+03  6.105066e-01  8.392570e-04  8.155726e-04
    83  -1.475580e+00  -1.481366e+00  2.222937e-02  1.491374e+03  6.069773e-01  8.606510e-04  8.271003e-04
    84  -1.463874e+00  -1.469687e+00  2.376030e-02  1.456829e+03  6.032913e-01  8.837471e-04  8.394020e-04
    85  -1.452109e+00  -1.457952e+00  2.538829e-02  1.421336e+03  5.994421e-01  9.087193e-04  8.525420e-04
    86  -1.440279e+00  -1.446154e+00  2.711870e-02  1.384906e+03  5.954233e-01  9.357649e-04  8.665920e-04
    87  -1.428380e+00  -1.434289e+00  2.895704e-02  1.347555e+03  5.912279e-01  9.651082e-04  8.816314e-04
    88  -1.416405e+00  -1.422351e+00  3.090905e-02  1.309302e+03  5.868488e-01  9.970042e-04  8.977485e-04
    89  -1.404347e+00  -1.410334e+00  3.298073e-02  1.270171e+03  5.822788e-01  1.031745e-03  9.150422e-04
    90  -1.392201e+00  -1.398232e+00  3.517823e-02  1.230191e+03  5.775100e-01  1.069665e-03  9.336234e-04
    91  -1.379959e+00  -1.386037e+00  3.750796e-02  1.189395e+03  5.725346e-01  1.111151e-03  9.536167e-04
    92  -1.367611e+00  -1.373741e+00  3.997652e-02  1.147822e+03  5.673441e-01  1.156650e-03  9.751628e-04
    93  -1.355150e+00  -1.361336e+00  4.259071e-02  1.105519e+03  5.619298e-01  1.206682e-03  9.984208e-04
    94  -1.342565e+00  -1.348812e+00  4.535754e-02  1.062535e+03  5.562826e-01  1.261854e-03  1.023572e-03
    95  -1.329844e+00  -1.336158e+00  4.828429e-02  1.018928e+03  5.503928e-01  1.322879e-03  1.050823e-03
    96  -1.316977e+00  -1.323363e+00  5.137828e-02  9.747622e+02  5.442504e-01  1.390599e-03  1.080411e-03
    97  -1.303949e+00  -1.310414e+00  5.464712e-02  9.301082e+02  5.378448e-01  1.466014e-03  1.112609e-03
    98  -1.290744e+00  -1.297296e+00  5.809861e-02  8.850438e+02  5.311647e-01  1.550318e-03  1.147733e-03
    99  -1.277347e+00  -1.283994e+00  6.174066e-02  8.396539e+02  5.241982e-01  1.644947e-03  1.186151e-03
   100  -1.263738e+00  -1.270489e+00  6.558137e-02  7.940312e+02  5.169325e-01  1.751643e-03  1.228293e-03
   101  -1.249896e+00  -1.256762e+00  6.962896e-02  7.482762e+02  5.093542e-01  1.872527e-03  1.274667e-03
   102  -1.235796e+00  -1.242789e+00  7.389183e-02  7.024967e+02  5.014485e-01  2.010215e-03  1.325875e-03
   103  -1.221412e+00  -1.228545e+00  7.837842e-02  6.568089e+02  4.931997e-01  2.167951e-03  1.382633e-03
   104  -1.206711e+00  -1.213999e+00  8.309731e-02  6.113370e+02  4.845907e-01  2.349805e-03  1.445805e-03
   105  -1.191658e+00  -1.199119e+00  8.805718e-02  5.662131e+02  4.756028e-01  2.560931e-03  1.516441e-03
   106  -1.176210e+00  -1.183865e+00  9.326673e-02  5.215772e+02  4.662154e-01  2.807942e-03  1.595825e-03
   107  -1.160319e+00  -1.168192e+00  9.873473e-02  4.775775e+02  4.564057e-01  3.099421e-03  1.685545e-03
   108  -1.143928e+00  -1.152046e+00  1.044700e-01  4.343702e+02  4.461482e-01  3.446675e-03  1.787591e-03
   109  -1.126968e+00  -1.135365e+00  1.104813e-01  3.921189e+02  4.354141e-01  3.864836e-03  1.904485e-03
   110  -1.109357e+00  -1.118073e+00  1.167774e-01  3.509948e+02  4.241706e-01  4.374506e-03  2.039469e-03
   111  -1.090997e+00  -1.100080e+00  1.233670e-01  3.111766e+02  4.123801e-01  5.004310e-03  2.196774e-03
   112  -1.071765e+00  -1.081275e+00  1.302589e-01  2.728492e+02  3.999986e-01  5.794928e-03  2.382030e-03
   113  -1.051509e+00  -1.061519e+00  1.374615e-01  2.362043e+02  3.869742e-01  6.805674e-03  2.602872e-03
   114  -1.030037e+00  -1.040640e+00  1.449834e-01  2.014393e+02  3.732445e-01  8.125667e-03  2.869914e-03
   115  -1.007096e+00  -1.018415e+00  1.528329e-01  1.687566e+02  3.587335e-01  9.893575e-03  3.198316e-03
   116  -9.823537e-01  -9.945486e-01  1.610180e-01  1.383628e+02  3.433465e-01  1.233429e-02  3.610453e-03
   117  -9.553531e-01  -9.686436e-01  1.695469e-01  1.104678e+02  3.269624e-01  1.583125e-02  4.140673e-03
   118  -9.254455e-01  -9.401419e-01  1.784273e-01  8.528280e+01  3.094225e-01  2.107961e-02  4.844300e-03
   119  -8.916669e-01  -9.082279e-01  1.876667e-01  6.301881e+01  2.905106e-01  2.944075e-02  5.815964e-03
   120  -8.524981e-01  -8.716411e-01  1.972725e-01  4.388312e+01  2.699183e-01  4.386179e-02  7.230575e-03
   121  -8.053538e-01  -8.282865e-01  2.072515e-01  2.807389e+01  2.471783e-01  7.164605e-02  9.446726e-03
   122  -7.453424e-01  -7.743124e-01  2.176105e-01  1.576921e+01  2.215182e-01  1.347365e-01  1.331460e-02
   123  -6.617362e-01  -7.015306e-01  2.283559e-01  7.101795e+00  1.914927e-01  3.217775e-01  2.133917e-02
   124  -5.261390e-01  -5.886669e-01  2.394938e-01  2.081547e+00  1.539747e-01  1.224303e+00  4.395618e-02
   125  -2.644097e-01  -3.758492e-01  2.510298e-01  2.571544e-01  1.047225e-01  1.201672e+01  1.516425e-01
   126  1.699756e-01  4.969005e-03  2.629693e-01  1.165050e-02  6.362557e-02  3.402826e+02  9.140074e-01
   127  5.262348e-01  3.836554e-01  2.753172e-01  1.068454e-03  5.248223e-02  4.085431e+03  3.323178e+00
   128  6.909039e-01  6.163277e-01  2.880780e-01  4.766246e-04  4.386722e-02  1.001737e+04  5.442262e+00
   129  7.877522e-01  7.420221e-01  3.012559e-01  3.511445e-04  3.901785e-02  1.441725e+04  6.723001e+00
   130  8.553189e-01  8.228482e-01  3.148546e-01  2.971714e-04  3.601509e-02  1.773171e+04  7.606625e+00
   131  9.070752e-01  8.819676e-01  3.288774e-01  2.659217e-04  3.387323e-02  2.043233e+04  8.291490e+00
   132  9.490554e-01  9.285724e-01  3.433271e-01  2.448401e-04  3.221136e-02  2.275689e+04  8.861189e+00
   133  9.844388e-01  9.671074e-01  3.582062e-01  2.292130e-04  3.085519e-02  2.483686e+04  9.357375e+00
   134  1.015092e+00  1.000036e+00  3.735166e-01  2.168659e-04  2.971096e-02  2.675164e+04  9.803559e+00
   135  1.042198e+00  1.028856e+00  3.892599e-01  2.066557e-04  2.872204e-02  2.855256e+04  1.021425e+01
   136  1.066551e+00  1.054545e+00  4.054373e-01  1.979226e-04  2.785155e-02  3.027471e+04  1.059901e+01
   137  1.088710e+00  1.077772e+00  4.220493e-01  1.902574e-04  2.707421e-02  3.194335e+04  1.096451e+01
   138  1.109081e+00  1.099015e+00  4.390963e-01  1.833923e-04  2.637202e-02  3.357742e+04  1.131555e+01
   139  1.127968e+00  1.118627e+00  4.565780e-01  1.771435e-04  2.573173e-02  3.519170e+04  1.165576e+01
   140  1.145605e+00  1.136876e+00  4.744939e-01  1.713811e-04  2.514333e-02  3.679812e+04  1.198795e+01
   141  1.162176e+00  1.153970e+00  4.928430e-01  1.660102e-04  2.459907e-02  3.840660e+04  1.231434e+01
   142  1.177828e+00  1.170073e+00  5.116240e-01  1.609602e-04  2.409280e-02  4.002561e+04  1.263674e+01
   143  1.192680e+00  1.185317e+00  5.308350e-01  1.561772e-04  2.361959e-02  4.166257e+04  1.295665e+01
   144  1.206828e+00  1.199811e+00  5.504739e-01  1.516201e-04  2.317539e-02  4.332412e+04  1.327535e+01
   145  1.220355e+00  1.213644e+00  5.705382e-01  1.472563e-04  2.275683e-02  4.501636e+04  1.359393e+01
   146  1.233329e+00  1.226890e+00  5.910251e-01  1.430602e-04  2.236109e-02  4.674495e+04  1.391335e+01
   147  1.245808e+00  1.239613e+00  6.119315e-01  1.390114e-04  2.198577e-02  4.851529e+04  1.423448e+01
   148  1.257841e+00  1.251866e+00  6.332539e-01  1.350935e-04  2.162880e-02  5.033258e+04  1.455809e+01
   149  1.269472e+00  1.263695e+00  6.549885e-01  1.312932e-04  2.128840e-02  5.220189e+04  1.488487e+01
   150  1.280737e+00  1.275141e+00  6.771312e-01  1.275996e-04  2.096300e-02  5.412824e+04  1.521550e+01
   151  1.291670e+00  1.286238e+00  6.996779e-01  1.240038e-04  2.065125e-02  5.611666e+04  1.555060e+01
   152  1.302298e+00  1.297016e+00  7.226239e-01  1.204985e-04  2.035191e-02  5.817223e+04  1.589075e+01
   153  1.312647e+00  1.307503e+00  7.459645e-01  1.170777e-04  2.006392e-02  6.030010e+04  1.623651e+01
   154  1.322740e+00  1.317723e+00  7.696946e-01  1.137363e-04  1.978630e-02  6.250556e+04  1.658845e+01
   155  1.332597e+00  1.327696e+00  7.938092e-01  1.104702e-04  1.951818e-02  6.479406e+04  1.694711e+01
   156  1.342235e+00  1.337443e+00  8.183029e-01  1.072760e-04  1.925876e-02  6.717125e+04  1.731300e+01
   157  1.351672e+00  1.346979e+00  8.431702e-01  1.041506e-04  1.900734e-02  6.964301e+04  1.768667e+01
   158  1.360921e+00  1.356321e+00  8.684054e-01  1.010917e-04  1.876326e-02  7.221548e+04  1.806865e+01
   159  1.369997e+00  1.365483e+00  8.940028e-01  9.809716e-05  1.852593e-02  7.489513e+04  1.845948e+01
   160  1.378911e+00  1.374477e+00  9.199565e-01  9.516520e-05  1.829479e-02  7.768875e+04  1.885971e+01
   161  1.387674e+00  1.383315e+00  9.462603e-01  9.229428e-05  1.806935e-02  8.060350e+04  1.926988e+01
   162  1.396298e+00  1.392008e+00  9.729084e-01  8.948307e-05  1.784916e-02  8.364698e+04  1.969058e+01
   163  1.404791e+00  1.400565e+00  9.998945e-01  8.673038e-05  1.763377e-02  8.682726e+04  2.012239e+01
   164  1.413162e+00  1.408997e+00  1.027212e+00  8.403516e-05  1.742282e-02  9.015291e+04  2.056591e+01
   165  1.421419e+00  1.417310e+00  1.054856e+00  8.139644e-05  1.721593e-02  9.363308e+04  2.102179e+01
   166  1.429571e+00  1.425514e+00  1.082819e+00  7.881333e-05  1.701279e-02  9.727753e+04  2.149068e+01
   167  1.437623e+00  1.433615e+00  1.111094e+00  7.628499e-05  1.681309e-02  1.010967e+05  2.197326e+01
   168  1.445583e+00  1.441621e+00  1.139677e+00  7.381063e-05  1.661656e-02  1.051019e+05  2.247024e+01
   169  1.453456e+00  1.449537e+00  1.168559e+00  7.138946e-05  1.642295e-02  1.093051e+05  2.298239e+01
   170  1.461250e+00  1.457370e+00  1.197736e+00  6.902072e-05  1.623203e-02  1.137193e+05  2.351049e+01
   171  1.468968e+00  1.465126e+00  1.227200e+00  6.670366e-05  1.604360e-02  1.183585e+05  2.405536e+01
   172  1.476618e+00  1.472810e+00  1.256946e+00  6.443752e-05  1.585750e-02  1.232378e+05  2.461790e+01
   173  1.484203e+00  1.480427e+00  1.286966e+00  6.222151e-05  1.567355e-02  1.283736e+05  2.519903e+01
   174  1.491730e+00  1.487983e+00  1.317256e+00  6.005487e-05  1.549162e-02  1.337837e+05  2.579973e+01
   175  1.499201e+00  1.495482e+00  1.347808e+00  5.793680e-05  1.531162e-02  1.394874e+05  2.642104e+01
   176  1.506623e+00  1.502928e+00  1.378616e+00  5.586650e-05  1.513344e-02  1.455056e+05  2.706407e+01
   177  1.514000e+00  1.510327e+00  1.409675e+00  5.384313e-05  1.495703e-02  1.518613e+05  2.773001e+01
   178  1.521336e+00  1.517683e+00  1.440978e+00  5.186586e-05  1.478234e-02  1.585794e+05  2.842009e+01
   179  1.528635e+00  1.525000e+00  1.472519e+00  4.993384e-05  1.460934e-02  1.656875e+05  2.913566e+01
   180  1.535901e+00  1.532283e+00  1.504292e+00  4.804621e-05  1.443806e-02  1.732154e+05  2.987815e+01
   181  1.543140e+00  1.539536e+00  1.536292e+00  4.620211e-05  1.426851e-02  1.811961e+05  3.064908e+01
   182  1.550355e+00  1.546763e+00  1.568512e+00  4.440068e-05  1.410076e-02  1.896659e+05  3.145008e+01
   183  1.557551e+00  1.553968e+00  1.600947e+00  4.264104e-05  1.393487e-02  1.986647e+05  3.228289e+01
   184  1.564731e+00  1.561156e+00  1.633591e+00  4.092235e-05  1.377095e-02  2.082368e+05  3.314939e+01
   185  1.571901e+00  1.568331e+00  1.666439e+00  3.924377e-05  1.360912e-02  2.184310e+05  3.405159e+01
   186  1.579065e+00  1.575498e+00  1.699484e+00  3.760448e-05  1.344954e-02  2.293014e+05  3.499164e+01
   187  1.586228e+00  1.582662e+00  1.732722e+00  3.600371e-05  1.329238e-02  2.409081e+05  3.597185e+01
   188  1.593395e+00  1.589826e+00  1.766147e+00  3.444072e-05  1.313784e-02  2.533179e+05  3.699471e+01
   189  1.600570e+00  1.596997e+00  1.799754e+00  3.291484e-05  1.298613e-02  2.666050e+05  3.806291e+01
   190  1.607759e+00  1.604179e+00  1.833536e+00  3.142547e-05  1.283749e-02  2.808524e+05  3.917932e+01
   191  1.614967e+00  1.611378e+00  1.867490e+00  2.997208e-05  1.269216e-02  2.961524e+05  4.034702e+01
   192  1.622200e+00  1.618598e+00  1.901609e+00  2.855424e-05  1.255042e-02  3.126081e+05  4.156936e+01
   193  1.629464e+00  1.625847e+00  1.935889e+00  2.717161e-05  1.241252e-02  3.303351e+05  4.284993e+01
   194  1.636765e+00  1.633129e+00  1.970325e+00  2.582395e-05  1.227873e-02  3.494626e+05  4.419262e+01
   195  1.644109e+00  1.640453e+00  2.004912e+00  2.451117e-05  1.214929e-02  3.701353e+05  4.560162e+01
   196  1.651504e+00  1.647823e+00  2.039645e+00  2.323333e-05  1.202446e-02  3.925144e+05  4.708138e+01
   197  1.658957e+00  1.655247e+00  2.074518e+00  2.199064e-05  1.190444e-02  4.167808e+05  4.863673e+01
   198  1.666474e+00  1.662732e+00  2.109526e+00  2.078341e-05  1.178938e-02  4.431368e+05  5.027290e+01
   199  1.674063e+00  1.670285e+00  2.144666e+00  1.961209e-05  1.167940e-02  4.718087e+05  5.199548e+01
   200  1.681733e+00  1.677915e+00  2.179932e+00  1.847729e-05  1.157452e-02  5.030488e+05  5.381050e+01
   201  1.689490e+00  1.685628e+00  2.215319e+00  1.737971e-05  1.147472e-02  5.371389e+05  5.572442e+01
   202  1.697343e+00  1.693434e+00  2.250822e+00  1.632011e-05  1.137982e-02  5.743930e+05  5.774421e+01
   203  1.705299e+00  1.701339e+00  2.286438e+00  1.529934e-05  1.128958e-02  6.151606e+05  5.987736e+01
   204  1.713368e+00  1.709352e+00  2.322160e+00  1.431822e-05  1.120361e-02  6.598299e+05  6.213185e+01
   205  1.721555e+00  1.717481e+00  2.357985e+00  1.337756e-05  1.112140e-02  7.088319e+05  6.451630e+01
   206  1.729869e+00  1.725732e+00  2.393907e+00  1.247806e-05  1.104235e-02  7.626446e+05  6.703992e+01
   207  1.738316e+00  1.734113e+00  2.429923e+00  1.162027e-05  1.096571e-02  8.217985e+05  6.971259e+01
   208  1.746903e+00  1.742631e+00  2.466027e+00  1.080456e-05  1.089067e-02  8.868815e+05  7.254490e+01
   209  1.755635e+00  1.751291e+00  2.502214e+00  1.003107e-05  1.081635e-02  9.585453e+05  7.554816e+01
   210  1.764517e+00  1.760099e+00  2.538480e+00  9.299646e-06  1.074184e-02  1.037515e+06  7.873453e+01
   211  1.773554e+00  1.769059e+00  2.574820e+00  8.609883e-06  1.066625e-02  1.124597e+06  8.211704e+01
   212  1.782748e+00  1.778175e+00  2.611229e+00  7.961071e-06  1.058874e-02  1.220693e+06  8.570969e+01
   213  1.792102e+00  1.787450e+00  2.647704e+00  7.352236e-06  1.050856e-02  1.326811e+06  8.952750e+01
   214  1.801618e+00  1.796886e+00  2.684236e+00  6.782179e-06  1.042508e-02  1.444079e+06  9.358656e+01
   215  1.811296e+00  1.806484e+00  2.720824e+00  6.249497e-06  1.033779e-02  1.573770e+06  9.790423e+01
   216  1.821139e+00  1.816245e+00  2.757461e+00  5.752630e-06  1.024632e-02  1.717314e+06  1.024992e+02
   217  1.831145e+00  1.826171e+00  2.794143e+00  5.289925e-06  1.015043e-02  1.876326e+06  1.073917e+02
   218  1.841315e+00  1.836260e+00  2.830864e+00  4.859671e-06  1.005000e-02  2.052627e+06  1.126033e+02
   219  1.851648e+00  1.846512e+00  2.867619e+00  4.460134e-06  9.944991e-03  2.248277e+06  1.181576e+02
   220  1.862142e+00  1.856927e+00  2.904402e+00  4.089590e-06  9.835442e-03  2.465604e+06  1.240797e+02
   221  1.872798e+00  1.867503e+00  2.941208e+00  3.746346e-06  9.721446e-03  2.707240e+06  1.303972e+02
   222  1.883614e+00  1.878240e+00  2.978032e+00  3.428757e-06  9.603135e-03  2.976163e+06  1.371396e+02
   223  1.894588e+00  1.889136e+00  3.014867e+00  3.135235e-06  9.480668e-03  3.275748e+06  1.443388e+02
   224  1.905719e+00  1.900189e+00  3.051708e+00  2.864254e-06  9.354225e-03  3.609812e+06  1.520296e+02
   225  1.917005e+00  1.911399e+00  3.088549e+00  2.614348e-06  9.223998e-03  3.982695e+06  1.602494e+02
   226  1.928445e+00  1.922763e+00  3.125383e+00  2.384122e-06  9.090190e-03  4.399314e+06  1.690390e+02
   227  1.940036e+00  1.934279e+00  3.162204e+00  2.172252e-06  8.953012e-03  4.865250e+06  1.784424e+02
   228  1.951777e+00  1.945946e+00  3.199004e+00  1.977477e-06  8.812677e-03  5.386848e+06  1.885073e+02
   229  1.963665e+00  1.957762e+00  3.235778e+00  1.798598e-06  8.669401e-03  5.971334e+06  1.992857e+02
   230  1.975698e+00  1.969723e+00  3.272518e+00  1.634484e-06  8.523405e-03  6.626937e+06  2.108341e+02
   231  1.987874e+00  1.981829e+00  3.309218e+00  1.484065e-06  8.374914e-03  7.363036e+06  2.232138e+02
   232  2.000190e+00  1.994076e+00  3.345867e+00  1.346337e-06  8.224158e-03  8.190315e+06  2.364913e+02
   233  2.012644e+00  2.006462e+00  3.382461e+00  1.220350e-06  8.071356e-03  9.120994e+06  2.507392e+02
   234  2.025234e+00  2.018985e+00  3.418989e+00  1.105216e-06  7.916730e-03  1.016904e+07  2.660365e+02
   235  2.037956e+00  2.031642e+00  3.455443e+00  1.000100e-06  7.760500e-03  1.135041e+07  2.824692e+02
   236  2.050809e+00  2.044430e+00  3.491816e+00  9.042195e-07  7.602888e-03  1.268343e+07  3.001315e+02
   237  2.063789e+00  2.057347e+00  3.528096e+00  8.168451e-07  7.444113e-03  1.418907e+07  3.191254e+02
   238  2.076893e+00  2.070390e+00  3.564275e+00  7.372976e-07  7.284365e-03  1.589137e+07  3.395631e+02
   239  2.090120e+00  2.083557e+00  3.600342e+00  6.649414e-07  7.123845e-03  1.781802e+07  3.615670e+02
   240  2.103466e+00  2.096844e+00  3.636288e+00  5.991844e-07  6.962767e-03  2.000086e+07  3.852712e+02
   241  2.116927e+00  2.110249e+00  3.672101e+00  5.394767e-07  6.801350e-03  2.247656e+07  4.108221e+02
   242  2.130503e+00  2.123768e+00  3.707770e+00  4.853148e-07  6.639715e-03  2.528726e+07  4.383805e+02
   243  2.144189e+00  2.137400e+00  3.743285e+00  4.362242e-07  6.478056e-03  2.848183e+07  4.681236e+02
   244  2.157983e+00  2.151141e+00  3.778631e+00  3.917615e-07  6.316678e-03  3.211692e+07  5.002447e+02
   245  2.171881e+00  2.164988e+00  3.813796e+00  3.515323e-07  6.155640e-03  3.625752e+07  5.349565e+02
   246  2.185882e+00  2.178938e+00  3.848769e+00  3.151654e-07  5.995071e-03  4.097928e+07  5.724945e+02
   247  2.199982e+00  2.192989e+00  3.883532e+00  2.823111e-07  5.835273e-03  4.637046e+07  6.131167e+02
   248  2.214178e+00  2.207138e+00  3.918075e+00  2.526668e-07  5.676137e-03  5.253218e+07  6.571087e+02
   249  2.228468e+00  2.221382e+00  3.952381e+00  2.259331e-07  5.517973e-03  5.958411e+07  7.047873e+02
   250  2.242849e+00  2.235718e+00  3.986434e+00  2.018391e-07  5.361083e-03  6.766568e+07  7.564998e+02
   251  2.257318e+00  2.250144e+00  4.020220e+00  1.801552e-07  5.205227e-03  7.693665e+07  8.126331e+02
   252  2.271873e+00  2.264656e+00  4.053721e+00  1.606469e-07  5.050809e-03  8.758850e+07  8.736170e+02
   253  2.286510e+00  2.279253e+00  4.086918e+00  1.431111e-07  4.897954e-03  9.984336e+07  9.399260e+02
   254  2.301227e+00  2.293931e+00  4.119796e+00  1.273702e-07  4.746442e-03  1.139589e+08  1.012092e+03
   255  2.316022e+00  2.308687e+00  4.152333e+00  1.132389e-07  4.596913e-03  1.302480e+08  1.090704e+03
   256  2.330892e+00  2.323520e+00  4.184514e+00  1.005788e-07  4.448804e-03  1.490637e+08  1.176421e+03
   257  2.345834e+00  2.338427e+00  4.216317e+00  8.923739e-08  4.302595e-03  1.708394e+08  1.269987e+03
   258  2.360847e+00  2.353405e+00  4.247720e+00  7.908274e-08  4.158584e-03  1.960855e+08  1.372221e+03
   259  2.375927e+00  2.368452e+00  4.278704e+00  7.000997e-08  4.016204e-03  2.253887e+08  1.484055e+03
   260  2.391073e+00  2.383566e+00  4.309247e+00  6.190240e-08  3.876035e-03  2.594769e+08  1.606535e+03
   261  2.406282e+00  2.398744e+00  4.339327e+00  5.466666e-08  3.737980e-03  2.991982e+08  1.740836e+03
   262  2.421552e+00  2.413984e+00  4.368920e+00  4.821472e-08  3.602125e-03  3.455739e+08  1.888289e+03
   263  2.436881e+00  2.429284e+00  4.398003e+00  4.246784e-08  3.468471e-03  3.998258e+08  2.050400e+03
   264  2.452266e+00  2.444642e+00  4.426551e+00  3.735332e-08  3.337132e-03  4.634299e+08  2.228879e+03
   265  2.467707e+00  2.460055e+00  4.454541e+00  3.280677e-08  3.208106e-03  5.381610e+08  2.425670e+03
   266  2.483199e+00  2.475522e+00  4.481946e+00  2.876918e-08  3.081456e-03  6.261733e+08  2.642993e+03
   267  2.498743e+00  2.491041e+00  4.508746e+00  2.519071e-08  2.956812e-03  7.300416e+08  2.883405e+03
   268  2.514335e+00  2.506609e+00  4.534908e+00  2.201529e-08  2.835177e-03  8.530718e+08  3.149818e+03
   269  2.529975e+00  2.522225e+00  4.560415e+00  1.921036e-08  2.715252e-03  9.989862e+08  3.445601e+03
   270  2.545659e+00  2.537888e+00  4.585232e+00  1.672622e-08  2.598517e-03  1.172841e+09  3.774644e+03
   271  2.561387e+00  2.553595e+00  4.609339e+00  1.453706e-08  2.483683e-03  1.380306e+09  4.141440e+03
   272  2.577157e+00  2.569344e+00  4.632710e+00  1.260647e-08  2.371461e-03  1.628916e+09  4.551275e+03
   273  2.592968e+00  2.585134e+00  4.655317e+00  1.090642e-08  2.261892e-03  1.927888e+09  5.010265e+03
   274  2.608816e+00  2.600964e+00  4.677135e+00  9.413021e-09  2.154699e-03  2.288641e+09  5.525606e+03
   275  2.624702e+00  2.616832e+00  4.698144e+00  8.103830e-09  2.049716e-03  2.725605e+09  6.105845e+03
   276  2.640623e+00  2.632735e+00  4.718316e+00  6.955783e-09  1.947601e-03  3.257647e+09  6.761060e+03
   277  2.656578e+00  2.648674e+00  4.737631e+00  5.953468e-09  1.847590e-03  3.907754e+09  7.503260e+03
   278  2.672565e+00  2.664645e+00  4.756067e+00  5.078566e-09  1.750182e-03  4.706708e+09  8.346907e+03
   279  2.688583e+00  2.680648e+00  4.773601e+00  4.316299e-09  1.655513e-03  5.694063e+09  9.309272e+03
   280  2.704630e+00  2.696681e+00  4.790222e+00  3.656039e-09  1.562552e-03  6.919455e+09  1.041154e+04
   281  2.720704e+00  2.712741e+00  4.805906e+00  3.082255e-09  1.472850e-03  8.453804e+09  1.167950e+04
   282  2.736804e+00  2.728829e+00  4.820645e+00  2.587954e-09  1.384882e-03  1.038334e+10  1.314477e+04
   283  2.752927e+00  2.744940e+00  4.834423e+00  2.161227e-09  1.299896e-03  1.283351e+10  1.484682e+04
   284  2.769071e+00  2.761074e+00  4.847237e+00  1.795706e-09  1.216812e-03  1.596441e+10  1.683482e+04
   285  2.785233e+00  2.777228e+00  4.859082e+00  1.482971e-09  1.136134e-03  2.000565e+10  1.917153e+04
   286  2.801410e+00  2.793397e+00  4.869952e+00  1.215997e-09  1.058342e-03  2.527869e+10  2.193606e+04
   287  2.817598e+00  2.809579e+00  4.879856e+00  9.901490e-10  9.824620e-04  3.222119e+10  2.523072e+04
   288  2.833789e+00  2.825769e+00  4.888804e+00  7.996196e-10  9.088949e-04  4.148201e+10  2.919034e+04
   289  2.849977e+00  2.841958e+00  4.896806e+00  6.396547e-10  8.378637e-04  5.400920e+10  3.399212e+04
   290  2.866149e+00  2.858138e+00  4.903884e+00  5.063739e-10  7.692177e-04  7.120394e+10  3.987287e+04
   291  2.882290e+00  2.874295e+00  4.910061e+00  3.961052e-10  7.031271e-04  9.520780e+10  4.715368e+04
   292  2.898374e+00  2.890407e+00  4.915372e+00  3.056851e-10  6.397220e-04  1.293392e+11  5.627364e+04
   293  2.914364e+00  2.906443e+00  4.919859e+00  2.326137e-10  5.783446e-04  1.787604e+11  6.784640e+04
   294  2.930198e+00  2.922353e+00  4.923565e+00  1.737662e-10  5.207981e-04  2.521738e+11  8.272187e+04
   295  2.945777e+00  2.938057e+00  4.926545e+00  1.274567e-10  4.664955e-04  3.632567e+11  1.020546e+05
   296  2.960934e+00  2.953422e+00  4.928872e+00  9.195863e-11  4.147319e-04  5.339785e+11  1.274259e+05
   297  2.975386e+00  2.968220e+00  4.930605e+00  6.486577e-11  3.696354e-04  8.018584e+11  1.607101e+05
   298  2.988657e+00  2.982072e+00  4.931833e+00  4.548948e-11  3.287347e-04  1.212457e+12  2.034977e+05
   299  3.000000e+00  2.994365e+00  4.932628e+00  3.165187e-11  3.005571e-04  1.822373e+12  2.551377e+05
