     i         log_r      log_rmid             m           rho            v2             p        trelax            kn
     0  -2.951995e+00  -3.253025e+00  4.936543e-05  1.062991e+05  1.460496e+00  1.552494e+05  7.784309e-06  1.023124e-04
     1  -2.945780e+00  -2.948876e+00  5.153900e-05  1.066873e+05  1.455182e+00  1.552494e+05  7.770135e-06  1.023124e-04
     2  -2.939567e+00  -2.942662e+00  5.380601e-05  1.066509e+05  1.455027e+00  1.551800e+05  7.773198e-06  1.023353e-04
     3  -2.933347e+00  -2.936446e+00  5.617461e-05  1.066135e+05  1.454868e+00  1.551086e+05  7.776354e-06  1.023588e-04
     4  -2.927127e+00  -2.930226e+00  5.864622e-05  1.065749e+05  1.454704e+00  1.550350e+05  7.779606e-06  1.023831e-04
     5  -2.920914e+00  -2.924009e+00  6.122269e-05  1.065353e+05  1.454536e+00  1.549594e+05  7.782953e-06  1.024081e-04
     6  -2.914688e+00  -2.917790e+00  6.391625e-05  1.064944e+05  1.454363e+00  1.548815e+05  7.786400e-06  1.024338e-04
     7  -2.908462e+00  -2.911564e+00  6.672776e-05  1.064524e+05  1.454184e+00  1.548014e+05  7.789954e-06  1.024604e-04
     8  -2.902228e+00  -2.905334e+00  6.966511e-05  1.064091e+05  1.454000e+00  1.547188e+05  7.793616e-06  1.024877e-04
     9  -2.896003e+00  -2.899104e+00  7.272580e-05  1.063646e+05  1.453811e+00  1.546340e+05  7.797386e-06  1.025158e-04
    10  -2.889771e+00  -2.892876e+00  7.592335e-05  1.063188e+05  1.453616e+00  1.545467e+05  7.801268e-06  1.025447e-04
    11  -2.883541e+00  -2.886645e+00  7.925890e-05  1.062716e+05  1.453416e+00  1.544568e+05  7.805267e-06  1.025746e-04
    12  -2.877308e+00  -2.880414e+00  8.274157e-05  1.062231e+05  1.453209e+00  1.543644e+05  7.809385e-06  1.026053e-04
    13  -2.871078e+00  -2.874182e+00  8.637379e-05  1.061732e+05  1.452997e+00  1.542694e+05  7.813626e-06  1.026369e-04
    14  -2.864848e+00  -2.867952e+00  9.016405e-05  1.061219e+05  1.452778e+00  1.541716e+05  7.817992e-06  1.026694e-04
    15  -2.858606e+00  -2.861716e+00  9.412640e-05  1.060691e+05  1.452554e+00  1.540710e+05  7.822492e-06  1.027029e-04
    16  -2.852369e+00  -2.855477e+00  9.825814e-05  1.060147e+05  1.452322e+00  1.539675e+05  7.827129e-06  1.027374e-04
    17  -2.846124e+00  -2.849236e+00  1.025750e-04  1.059587e+05  1.452084e+00  1.538609e+05  7.831905e-06  1.027730e-04
    18  -2.839888e+00  -2.842995e+00  1.070736e-04  1.059012e+05  1.451838e+00  1.537514e+05  7.836824e-06  1.028096e-04
    19  -2.833646e+00  -2.836756e+00  1.117716e-04  1.058420e+05  1.451586e+00  1.536387e+05  7.841888e-06  1.028473e-04
    20  -2.827404e+00  -2.830514e+00  1.166741e-04  1.057811e+05  1.451326e+00  1.535229e+05  7.847105e-06  1.028861e-04
    21  -2.821161e+00  -2.824271e+00  1.217905e-04  1.057184e+05  1.451059e+00  1.534037e+05  7.852479e-06  1.029261e-04
    22  -2.814915e+00  -2.818027e+00  1.271309e-04  1.056540e+05  1.450784e+00  1.532811e+05  7.858015e-06  1.029672e-04
    23  -2.808673e+00  -2.811783e+00  1.327005e-04  1.055877e+05  1.450501e+00  1.531550e+05  7.863715e-06  1.030096e-04
    24  -2.802426e+00  -2.805538e+00  1.385159e-04  1.055195e+05  1.450209e+00  1.530254e+05  7.869587e-06  1.030532e-04
    25  -2.796179e+00  -2.799291e+00  1.445845e-04  1.054493e+05  1.449910e+00  1.528920e+05  7.875637e-06  1.030981e-04
    26  -2.789933e+00  -2.793045e+00  1.509149e-04  1.053772e+05  1.449601e+00  1.527549e+05  7.881868e-06  1.031444e-04
    27  -2.783678e+00  -2.786794e+00  1.575290e-04  1.053029e+05  1.449284e+00  1.526139e+05  7.888288e-06  1.031921e-04
    28  -2.777429e+00  -2.780543e+00  1.644237e-04  1.052266e+05  1.448957e+00  1.524688e+05  7.894903e-06  1.032411e-04
    29  -2.771180e+00  -2.774294e+00  1.716176e-04  1.051481e+05  1.448621e+00  1.523197e+05  7.901713e-06  1.032916e-04
    30  -2.764930e+00  -2.768044e+00  1.791246e-04  1.050673e+05  1.448276e+00  1.521665e+05  7.908729e-06  1.033437e-04
    31  -2.758676e+00  -2.761791e+00  1.869613e-04  1.049843e+05  1.447920e+00  1.520088e+05  7.915957e-06  1.033972e-04
    32  -2.752420e+00  -2.755537e+00  1.951388e-04  1.048989e+05  1.447554e+00  1.518467e+05  7.923406e-06  1.034524e-04
    33  -2.746168e+00  -2.749283e+00  2.036668e-04  1.048110e+05  1.447177e+00  1.516801e+05  7.931078e-06  1.035092e-04
    34  -2.739912e+00  -2.743028e+00  2.125676e-04  1.047207e+05  1.446790e+00  1.515088e+05  7.938981e-06  1.035677e-04
    35  -2.733655e+00  -2.736772e+00  2.218557e-04  1.046278e+05  1.446391e+00  1.513327e+05  7.947124e-06  1.036279e-04
    36  -2.727399e+00  -2.730516e+00  2.315430e-04  1.045323e+05  1.445981e+00  1.511517e+05  7.955514e-06  1.036900e-04
    37  -2.721141e+00  -2.724259e+00  2.416522e-04  1.044341e+05  1.445559e+00  1.509656e+05  7.964156e-06  1.037538e-04
    38  -2.714882e+00  -2.718000e+00  2.522004e-04  1.043331e+05  1.445125e+00  1.507744e+05  7.973062e-06  1.038196e-04
    39  -2.708619e+00  -2.711739e+00  2.632088e-04  1.042293e+05  1.444678e+00  1.505777e+05  7.982241e-06  1.038874e-04
    40  -2.702359e+00  -2.705478e+00  2.746873e-04  1.041225e+05  1.444218e+00  1.503756e+05  7.991697e-06  1.039572e-04
    41  -2.696097e+00  -2.699217e+00  2.866651e-04  1.040127e+05  1.443746e+00  1.501679e+05  8.001439e-06  1.040291e-04
    42  -2.689836e+00  -2.692955e+00  2.991578e-04  1.038999e+05  1.443259e+00  1.499545e+05  8.011477e-06  1.041031e-04
    43  -2.683573e+00  -2.686693e+00  3.121906e-04  1.037839e+05  1.442759e+00  1.497352e+05  8.021821e-06  1.041793e-04
    44  -2.677307e+00  -2.680428e+00  3.257907e-04  1.036647e+05  1.442244e+00  1.495098e+05  8.032482e-06  1.042578e-04
    45  -2.671041e+00  -2.674163e+00  3.399746e-04  1.035421e+05  1.441715e+00  1.492782e+05  8.043469e-06  1.043386e-04
    46  -2.664774e+00  -2.667896e+00  3.547724e-04  1.034161e+05  1.441171e+00  1.490402e+05  8.054792e-06  1.044219e-04
    47  -2.658507e+00  -2.661629e+00  3.702053e-04  1.032865e+05  1.440610e+00  1.487956e+05  8.066461e-06  1.045077e-04
    48  -2.652240e+00  -2.655362e+00  3.863001e-04  1.031534e+05  1.440034e+00  1.485445e+05  8.078486e-06  1.045960e-04
    49  -2.645968e+00  -2.649093e+00  4.030957e-04  1.030166e+05  1.439442e+00  1.482864e+05  8.090881e-06  1.046870e-04
    50  -2.639697e+00  -2.642822e+00  4.206106e-04  1.028759e+05  1.438832e+00  1.480212e+05  8.103660e-06  1.047807e-04
    51  -2.633425e+00  -2.636550e+00  4.388801e-04  1.027314e+05  1.438205e+00  1.477488e+05  8.116831e-06  1.048773e-04
    52  -2.627151e+00  -2.630277e+00  4.579325e-04  1.025828e+05  1.437560e+00  1.474690e+05  8.130407e-06  1.049767e-04
    53  -2.620874e+00  -2.624001e+00  4.778138e-04  1.024302e+05  1.436896e+00  1.471815e+05  8.144406e-06  1.050792e-04
    54  -2.614599e+00  -2.617725e+00  4.985347e-04  1.022733e+05  1.436214e+00  1.468863e+05  8.158838e-06  1.051847e-04
    55  -2.608321e+00  -2.611449e+00  5.201481e-04  1.021121e+05  1.435512e+00  1.465832e+05  8.173712e-06  1.052934e-04
    56  -2.602042e+00  -2.605171e+00  5.426885e-04  1.019465e+05  1.434791e+00  1.462718e+05  8.189050e-06  1.054054e-04
    57  -2.595761e+00  -2.598891e+00  5.661971e-04  1.017763e+05  1.434048e+00  1.459521e+05  8.204866e-06  1.055208e-04
    58  -2.589480e+00  -2.592609e+00  5.907064e-04  1.016014e+05  1.433285e+00  1.456238e+05  8.221174e-06  1.056397e-04
    59  -2.583197e+00  -2.586327e+00  6.162668e-04  1.014218e+05  1.432500e+00  1.452868e+05  8.237990e-06  1.057621e-04
    60  -2.576912e+00  -2.580043e+00  6.429189e-04  1.012373e+05  1.431693e+00  1.449407e+05  8.255332e-06  1.058883e-04
    61  -2.570625e+00  -2.573757e+00  6.707104e-04  1.010477e+05  1.430862e+00  1.445854e+05  8.273218e-06  1.060183e-04
    62  -2.564336e+00  -2.567469e+00  6.996861e-04  1.008530e+05  1.430009e+00  1.442207e+05  8.291666e-06  1.061523e-04
    63  -2.558046e+00  -2.561180e+00  7.298974e-04  1.006530e+05  1.429131e+00  1.438463e+05  8.310694e-06  1.062904e-04
    64  -2.551754e+00  -2.554889e+00  7.613962e-04  1.004476e+05  1.428228e+00  1.434620e+05  8.330322e-06  1.064326e-04
    65  -2.545460e+00  -2.548596e+00  7.942322e-04  1.002366e+05  1.427299e+00  1.430676e+05  8.350570e-06  1.065792e-04
    66  -2.539163e+00  -2.542300e+00  8.284723e-04  1.000199e+05  1.426345e+00  1.426629e+05  8.371461e-06  1.067303e-04
    67  -2.532865e+00  -2.536003e+00  8.641640e-04  9.979739e+04  1.425363e+00  1.422475e+05  8.393017e-06  1.068860e-04
    68  -2.526565e+00  -2.529703e+00  9.013664e-04  9.956890e+04  1.424354e+00  1.418213e+05  8.415257e-06  1.070465e-04
    69  -2.520262e+00  -2.523402e+00  9.401486e-04  9.933430e+04  1.423316e+00  1.413841e+05  8.438206e-06  1.072119e-04
    70  -2.513956e+00  -2.517098e+00  9.805784e-04  9.909340e+04  1.422249e+00  1.409355e+05  8.461892e-06  1.073824e-04
    71  -2.507648e+00  -2.510791e+00  1.022722e-03  9.884606e+04  1.421151e+00  1.404752e+05  8.486341e-06  1.075582e-04
    72  -2.501337e+00  -2.504481e+00  1.066645e-03  9.859213e+04  1.420023e+00  1.400031e+05  8.511576e-06  1.077394e-04
    73  -2.495025e+00  -2.498169e+00  1.112418e-03  9.833150e+04  1.418864e+00  1.395190e+05  8.537624e-06  1.079261e-04
    74  -2.488709e+00  -2.491855e+00  1.160127e-03  9.806396e+04  1.417671e+00  1.390225e+05  8.564516e-06  1.081187e-04
    75  -2.482390e+00  -2.485538e+00  1.209843e-03  9.778936e+04  1.416445e+00  1.385133e+05  8.592281e-06  1.083172e-04
    76  -2.476068e+00  -2.479218e+00  1.261660e-03  9.750753e+04  1.415185e+00  1.379912e+05  8.620951e-06  1.085219e-04
    77  -2.469743e+00  -2.472894e+00  1.315650e-03  9.721830e+04  1.413890e+00  1.374559e+05  8.650560e-06  1.087330e-04
    78  -2.463415e+00  -2.466568e+00  1.371910e-03  9.692151e+04  1.412558e+00  1.369073e+05  8.681138e-06  1.089507e-04
    79  -2.457083e+00  -2.460238e+00  1.430537e-03  9.661696e+04  1.411189e+00  1.363448e+05  8.712726e-06  1.091752e-04
    80  -2.450749e+00  -2.453904e+00  1.491613e-03  9.630449e+04  1.409782e+00  1.357683e+05  8.745357e-06  1.094067e-04
    81  -2.444410e+00  -2.447568e+00  1.555254e-03  9.598393e+04  1.408335e+00  1.351775e+05  8.779069e-06  1.096455e-04
    82  -2.438067e+00  -2.441227e+00  1.621555e-03  9.565507e+04  1.406848e+00  1.345722e+05  8.813906e-06  1.098919e-04
    83  -2.431721e+00  -2.434882e+00  1.690622e-03  9.531775e+04  1.405320e+00  1.339519e+05  8.849906e-06  1.101460e-04
    84  -2.425370e+00  -2.428534e+00  1.762572e-03  9.497178e+04  1.403749e+00  1.333165e+05  8.887113e-06  1.104082e-04
    85  -2.419015e+00  -2.422181e+00  1.837521e-03  9.461695e+04  1.402134e+00  1.326657e+05  8.925576e-06  1.106787e-04
    86  -2.412655e+00  -2.415823e+00  1.915590e-03  9.425307e+04  1.400475e+00  1.319991e+05  8.965342e-06  1.109578e-04
    87  -2.406291e+00  -2.409461e+00  1.996900e-03  9.387996e+04  1.398769e+00  1.313164e+05  9.006459e-06  1.112458e-04
    88  -2.399922e+00  -2.403095e+00  2.081586e-03  9.349741e+04  1.397017e+00  1.306174e+05  9.048980e-06  1.115431e-04
    89  -2.393547e+00  -2.396723e+00  2.169788e-03  9.310521e+04  1.395215e+00  1.299018e+05  9.092963e-06  1.118499e-04
    90  -2.387167e+00  -2.390345e+00  2.261641e-03  9.270316e+04  1.393364e+00  1.291692e+05  9.138464e-06  1.121666e-04
    91  -2.380782e+00  -2.383963e+00  2.357288e-03  9.229106e+04  1.391461e+00  1.284194e+05  9.185542e-06  1.124936e-04
    92  -2.374391e+00  -2.377575e+00  2.456877e-03  9.186873e+04  1.389506e+00  1.276522e+05  9.234258e-06  1.128312e-04
    93  -2.367993e+00  -2.371180e+00  2.560586e-03  9.143592e+04  1.387497e+00  1.268671e+05  9.284683e-06  1.131798e-04
    94  -2.361590e+00  -2.364780e+00  2.668544e-03  9.099243e+04  1.385433e+00  1.260639e+05  9.336884e-06  1.135397e-04
    95  -2.355181e+00  -2.358374e+00  2.780947e-03  9.053808e+04  1.383312e+00  1.252424e+05  9.390930e-06  1.139115e-04
    96  -2.348765e+00  -2.351961e+00  2.897949e-03  9.007264e+04  1.381133e+00  1.244023e+05  9.446902e-06  1.142955e-04
    97  -2.342341e+00  -2.345541e+00  3.019750e-03  8.959590e+04  1.378893e+00  1.235432e+05  9.504877e-06  1.146922e-04
    98  -2.335910e+00  -2.339114e+00  3.146529e-03  8.910762e+04  1.376593e+00  1.226649e+05  9.564944e-06  1.151021e-04
    99  -2.329472e+00  -2.332679e+00  3.278481e-03  8.860761e+04  1.374229e+00  1.217671e+05  9.627188e-06  1.155256e-04
   100  -2.323026e+00  -2.326237e+00  3.415810e-03  8.809564e+04  1.371800e+00  1.208496e+05  9.691704e-06  1.159633e-04
   101  -2.316571e+00  -2.319787e+00  3.558731e-03  8.757148e+04  1.369305e+00  1.199121e+05  9.758592e-06  1.164158e-04
   102  -2.310108e+00  -2.313328e+00  3.707443e-03  8.703494e+04  1.366742e+00  1.189543e+05  9.827953e-06  1.168835e-04
   103  -2.303636e+00  -2.306860e+00  3.862193e-03  8.648580e+04  1.364109e+00  1.179761e+05  9.899896e-06  1.173671e-04
   104  -2.297155e+00  -2.300383e+00  4.023197e-03  8.592382e+04  1.361404e+00  1.169771e+05  9.974540e-06  1.178672e-04
   105  -2.290664e+00  -2.293897e+00  4.190697e-03  8.534882e+04  1.358626e+00  1.159571e+05  1.005200e-05  1.183844e-04
   106  -2.284163e+00  -2.287402e+00  4.364955e-03  8.476057e+04  1.355772e+00  1.149160e+05  1.013241e-05  1.189195e-04
   107  -2.277652e+00  -2.280895e+00  4.546218e-03  8.415883e+04  1.352840e+00  1.138535e+05  1.021591e-05  1.194731e-04
   108  -2.271130e+00  -2.274378e+00  4.734748e-03  8.354345e+04  1.349830e+00  1.127694e+05  1.030263e-05  1.200460e-04
   109  -2.264596e+00  -2.267850e+00  4.930837e-03  8.291417e+04  1.346737e+00  1.116636e+05  1.039273e-05  1.206389e-04
   110  -2.258050e+00  -2.261311e+00  5.134764e-03  8.227080e+04  1.343561e+00  1.105358e+05  1.048638e-05  1.212528e-04
   111  -2.251492e+00  -2.254759e+00  5.346829e-03  8.161312e+04  1.340298e+00  1.093859e+05  1.058374e-05  1.218884e-04
   112  -2.244922e+00  -2.248195e+00  5.567324e-03  8.094096e+04  1.336948e+00  1.082139e+05  1.068500e-05  1.225467e-04
   113  -2.238338e+00  -2.241617e+00  5.796581e-03  8.025412e+04  1.333508e+00  1.070195e+05  1.079033e-05  1.232287e-04
   114  -2.231740e+00  -2.235026e+00  6.034915e-03  7.955240e+04  1.329974e+00  1.058027e+05  1.089996e-05  1.239353e-04
   115  -2.225128e+00  -2.228421e+00  6.282676e-03  7.883562e+04  1.326346e+00  1.045633e+05  1.101410e-05  1.246676e-04
   116  -2.218500e+00  -2.221801e+00  6.540210e-03  7.810358e+04  1.322620e+00  1.033014e+05  1.113298e-05  1.254268e-04
   117  -2.211857e+00  -2.215166e+00  6.807874e-03  7.735612e+04  1.318794e+00  1.020168e+05  1.125685e-05  1.262140e-04
   118  -2.205197e+00  -2.208514e+00  7.086044e-03  7.659308e+04  1.314866e+00  1.007096e+05  1.138596e-05  1.270304e-04
   119  -2.198521e+00  -2.201846e+00  7.375103e-03  7.581429e+04  1.310832e+00  9.937981e+04  1.152061e-05  1.278775e-04
   120  -2.191826e+00  -2.195160e+00  7.675455e-03  7.501960e+04  1.306691e+00  9.802741e+04  1.166108e-05  1.287566e-04
   121  -2.185113e+00  -2.188457e+00  7.987504e-03  7.420888e+04  1.302438e+00  9.665247e+04  1.180771e-05  1.296692e-04
   122  -2.178381e+00  -2.181734e+00  8.311671e-03  7.338198e+04  1.298072e+00  9.525512e+04  1.196082e-05  1.306168e-04
   123  -2.171628e+00  -2.174991e+00  8.648426e-03  7.253877e+04  1.293590e+00  9.383542e+04  1.212081e-05  1.316012e-04
   124  -2.164854e+00  -2.168228e+00  8.998165e-03  7.167915e+04  1.288988e+00  9.239356e+04  1.228804e-05  1.326241e-04
   125  -2.158058e+00  -2.161443e+00  9.361386e-03  7.080306e+04  1.284264e+00  9.092980e+04  1.246295e-05  1.336873e-04
   126  -2.151240e+00  -2.154636e+00  9.738557e-03  6.991038e+04  1.279414e+00  8.944431e+04  1.264599e-05  1.347929e-04
   127  -2.144397e+00  -2.147805e+00  1.013019e-02  6.900104e+04  1.274435e+00  8.793734e+04  1.283765e-05  1.359429e-04
   128  -2.137530e+00  -2.140950e+00  1.053678e-02  6.807497e+04  1.269324e+00  8.640919e+04  1.303846e-05  1.371397e-04
   129  -2.130636e+00  -2.134069e+00  1.095886e-02  6.713214e+04  1.264077e+00  8.486023e+04  1.324899e-05  1.383857e-04
   130  -2.123715e+00  -2.127162e+00  1.139696e-02  6.617254e+04  1.258692e+00  8.329084e+04  1.346984e-05  1.396834e-04
   131  -2.116766e+00  -2.120226e+00  1.185164e-02  6.519617e+04  1.253164e+00  8.170146e+04  1.370169e-05  1.410355e-04
   132  -2.109786e+00  -2.113262e+00  1.232348e-02  6.420303e+04  1.247489e+00  8.009257e+04  1.394524e-05  1.424450e-04
   133  -2.102776e+00  -2.106267e+00  1.281308e-02  6.319314e+04  1.241664e+00  7.846465e+04  1.420130e-05  1.439151e-04
   134  -2.095733e+00  -2.099240e+00  1.332102e-02  6.216658e+04  1.235685e+00  7.681833e+04  1.447068e-05  1.454490e-04
   135  -2.088655e+00  -2.092180e+00  1.384795e-02  6.112344e+04  1.229548e+00  7.515423e+04  1.475433e-05  1.470505e-04
   136  -2.081542e+00  -2.085084e+00  1.439450e-02  6.006381e+04  1.223249e+00  7.347301e+04  1.505323e-05  1.487234e-04
   137  -2.074392e+00  -2.077952e+00  1.496132e-02  5.898782e+04  1.216784e+00  7.177541e+04  1.536848e-05  1.504719e-04
   138  -2.067202e+00  -2.070782e+00  1.554911e-02  5.789563e+04  1.210147e+00  7.006225e+04  1.570128e-05  1.523005e-04
   139  -2.059972e+00  -2.063572e+00  1.615855e-02  5.678744e+04  1.203336e+00  6.833436e+04  1.605293e-05  1.542140e-04
   140  -2.052698e+00  -2.056319e+00  1.679038e-02  5.566346e+04  1.196344e+00  6.659265e+04  1.642486e-05  1.562176e-04
   141  -2.045379e+00  -2.049023e+00  1.744530e-02  5.452395e+04  1.189168e+00  6.483811e+04  1.681865e-05  1.583172e-04
   142  -2.038012e+00  -2.041680e+00  1.812408e-02  5.336919e+04  1.181801e+00  6.307178e+04  1.723603e-05  1.605187e-04
   143  -2.030596e+00  -2.034288e+00  1.882751e-02  5.219950e+04  1.174240e+00  6.129475e+04  1.767890e-05  1.628289e-04
   144  -2.023127e+00  -2.026845e+00  1.955637e-02  5.101523e+04  1.166479e+00  5.950819e+04  1.814938e-05  1.652551e-04
   145  -2.015603e+00  -2.019348e+00  2.031146e-02  4.981679e+04  1.158512e+00  5.771335e+04  1.864979e-05  1.678051e-04
   146  -2.008020e+00  -2.011795e+00  2.109364e-02  4.860462e+04  1.150333e+00  5.591153e+04  1.918274e-05  1.704875e-04
   147  -2.000377e+00  -2.004182e+00  2.190376e-02  4.737920e+04  1.141938e+00  5.410409e+04  1.975109e-05  1.733118e-04
   148  -1.992669e+00  -1.996506e+00  2.274267e-02  4.614106e+04  1.133318e+00  5.229250e+04  2.035807e-05  1.762883e-04
   149  -1.984893e+00  -1.988764e+00  2.361129e-02  4.489077e+04  1.124469e+00  5.047829e+04  2.100725e-05  1.794283e-04
   150  -1.977045e+00  -1.980952e+00  2.451054e-02  4.362896e+04  1.115383e+00  4.866302e+04  2.170266e-05  1.827443e-04
   151  -1.969122e+00  -1.973066e+00  2.544136e-02  4.235630e+04  1.106054e+00  4.684835e+04  2.244884e-05  1.862499e-04
   152  -1.961118e+00  -1.965101e+00  2.640469e-02  4.107352e+04  1.096474e+00  4.503605e+04  2.325085e-05  1.899604e-04
   153  -1.953029e+00  -1.957055e+00  2.740152e-02  3.978142e+04  1.086636e+00  4.322790e+04  2.411447e-05  1.938926e-04
   154  -1.944850e+00  -1.948920e+00  2.843287e-02  3.848083e+04  1.076531e+00  4.142579e+04  2.504623e-05  1.980650e-04
   155  -1.936575e+00  -1.940693e+00  2.949974e-02  3.717266e+04  1.066151e+00  3.963169e+04  2.605355e-05  2.024986e-04
   156  -1.928199e+00  -1.932367e+00  3.060319e-02  3.585790e+04  1.055489e+00  3.784760e+04  2.714491e-05  2.072164e-04
   157  -1.919714e+00  -1.923936e+00  3.174428e-02  3.453756e+04  1.044533e+00  3.607562e+04  2.833005e-05  2.122445e-04
   158  -1.911115e+00  -1.915393e+00  3.292412e-02  3.321276e+04  1.033275e+00  3.431791e+04  2.962014e-05  2.176120e-04
   159  -1.902392e+00  -1.906732e+00  3.414379e-02  3.188468e+04  1.021704e+00  3.257669e+04  3.102812e-05  2.233520e-04
   160  -1.893538e+00  -1.897943e+00  3.540444e-02  3.055457e+04  1.009809e+00  3.085428e+04  3.256899e-05  2.295015e-04
   161  -1.884544e+00  -1.889018e+00  3.670722e-02  2.922376e+04  9.975784e-01  2.915299e+04  3.426024e-05  2.361031e-04
   162  -1.875399e+00  -1.879947e+00  3.805332e-02  2.789367e+04  9.849998e-01  2.747526e+04  3.612237e-05  2.432049e-04
   163  -1.866092e+00  -1.870720e+00  3.944390e-02  2.656580e+04  9.720598e-01  2.582354e+04  3.817954e-05  2.508623e-04
   164  -1.856610e+00  -1.861325e+00  4.088021e-02  2.524173e+04  9.587439e-01  2.420035e+04  4.046035e-05  2.591388e-04
   165  -1.846940e+00  -1.851748e+00  4.236348e-02  2.392313e+04  9.450367e-01  2.260823e+04  4.299893e-05  2.681081e-04
   166  -1.837066e+00  -1.841975e+00  4.389496e-02  2.261178e+04  9.309212e-01  2.104979e+04  4.583622e-05  2.778558e-04
   167  -1.826971e+00  -1.831989e+00  4.547592e-02  2.130956e+04  9.163795e-01  1.952764e+04  4.902165e-05  2.884818e-04
   168  -1.816636e+00  -1.821773e+00  4.710768e-02  2.001843e+04  9.013915e-01  1.804444e+04  5.261546e-05  3.001039e-04
   169  -1.806038e+00  -1.811304e+00  4.879156e-02  1.874046e+04  8.859352e-01  1.660283e+04  5.669162e-05  3.128616e-04
   170  -1.795152e+00  -1.800561e+00  5.052886e-02  1.747786e+04  8.699868e-01  1.520551e+04  6.134164e-05  3.269210e-04
   171  -1.783950e+00  -1.789515e+00  5.232095e-02  1.623295e+04  8.535199e-01  1.385515e+04  6.668002e-05  3.424820e-04
   172  -1.772399e+00  -1.778136e+00  5.416922e-02  1.500815e+04  8.365044e-01  1.255438e+04  7.285155e-05  3.597871e-04
   173  -1.760460e+00  -1.766388e+00  5.607503e-02  1.380602e+04  8.189072e-01  1.130585e+04  8.004132e-05  3.791331e-04
   174  -1.748089e+00  -1.754230e+00  5.803982e-02  1.262925e+04  8.006906e-01  1.011212e+04  8.848916e-05  4.008871e-04
   175  -1.735232e+00  -1.741613e+00  6.006498e-02  1.148068e+04  7.818118e-01  8.975731e+03  9.851022e-05  4.255086e-04
   176  -1.721828e+00  -1.728479e+00  6.215198e-02  1.036330e+04  7.622218e-01  7.899129e+03  1.105252e-04  4.535797e-04
   177  -1.707800e+00  -1.714758e+00  6.430225e-02  9.280239e+03  7.418634e-01  6.884669e+03  1.251062e-04  4.858495e-04
   178  -1.693057e+00  -1.700366e+00  6.651726e-02  8.234828e+03  7.206700e-01  5.934594e+03  1.430465e-04  5.232964e-04
   179  -1.677483e+00  -1.685200e+00  6.879851e-02  7.230553e+03  6.985626e-01  5.050993e+03  1.654725e-04  5.672243e-04
   180  -1.660937e+00  -1.669131e+00  7.114747e-02  6.271109e+03  6.754459e-01  4.235795e+03  1.940262e-04  6.194066e-04
   181  -1.643233e+00  -1.651995e+00  7.356565e-02  5.360411e+03  6.512043e-01  3.490723e+03  2.311763e-04  6.823160e-04
   182  -1.624132e+00  -1.633577e+00  7.605458e-02  4.502605e+03  6.256933e-01  2.817250e+03  2.807731e-04  7.595049e-04
   183  -1.603308e+00  -1.613595e+00  7.861579e-02  3.702103e+03  5.987294e-01  2.216558e+03  3.490891e-04  8.562562e-04
   184  -1.580309e+00  -1.591656e+00  8.125079e-02  2.963636e+03  5.700733e-01  1.689490e+03  4.468994e-04  9.807662e-04
   185  -1.554477e+00  -1.567201e+00  8.396115e-02  2.292289e+03  5.394016e-01  1.236464e+03  5.939837e-04  1.146443e-03
   186  -1.524807e+00  -1.539389e+00  8.674840e-02  1.693577e+03  5.062590e-01  8.573887e+02  8.298672e-04  1.376748e-03
   187  -1.489641e+00  -1.506868e+00  8.961413e-02  1.173551e+03  4.699651e-01  5.515278e+02  1.242984e-03  1.716562e-03
   188  -1.445975e+00  -1.467259e+00  9.255987e-02  7.389417e+02  4.294176e-01  3.173145e+02  2.065142e-03  2.263071e-03
   189  -1.387508e+00  -1.415758e+00  9.558720e-02  3.973817e+02  3.825855e-01  1.520325e+02  4.068440e-03  3.269453e-03
   190  -1.297639e+00  -1.340253e+00  9.869768e-02  1.576795e+02  3.248049e-01  5.121508e+01  1.112790e-02  5.633059e-03
   191  -1.114926e+00  -1.196744e+00  1.018929e-01  2.957383e+01  2.407916e-01  7.121129e+00  6.890834e-02  1.510667e-02
   192  -6.729092e-01  -8.399548e-01  1.051744e-01  1.078751e+00  1.162715e-01  1.254280e-01  2.718580e+00  1.138272e-01
   193  1.218438e-02  -2.073206e-01  1.085438e-01  9.374697e-03  5.182348e-02  4.858294e-04  4.685754e+02  1.828948e+00
   194  3.662077e-01  2.243130e-01  1.120026e-01  9.053248e-04  4.576957e-02  4.143633e-05  5.163060e+03  6.262571e+00
   195  5.014640e-01  4.390802e-01  1.155524e-01  5.490866e-04  4.061496e-02  2.230113e-05  9.036830e+03  8.536499e+00
   196  5.805435e-01  5.428012e-01  1.191948e-01  4.706605e-04  3.768959e-02  1.773900e-05  1.094414e+04  9.571471e+00
   197  6.362995e-01  6.093156e-01  1.229312e-01  4.325218e-04  3.594525e-02  1.554710e-05  1.219470e+04  1.022395e+01
   198  6.794374e-01  6.584038e-01  1.267634e-01  4.084652e-04  3.473550e-02  1.418824e-05  1.313585e+04  1.070234e+01
   199  7.146869e-01  6.974197e-01  1.306927e-01  3.914640e-04  3.379983e-02  1.323142e-05  1.389476e+04  1.108256e+01
   200  7.445455e-01  7.298727e-01  1.347208e-01  3.786091e-04  3.302620e-02  1.250402e-05  1.453382e+04  1.140036e+01
   201  7.704922e-01  7.577126e-01  1.388490e-01  3.684110e-04  3.236048e-02  1.192196e-05  1.508898e+04  1.167534e+01
   202  7.934747e-01  7.821355e-01  1.430790e-01  3.600170e-04  3.177291e-02  1.143879e-05  1.558291e+04  1.191937e+01
   203  8.141360e-01  8.039282e-01  1.474123e-01  3.529045e-04  3.124507e-02  1.102653e-05  1.603068e+04  1.214015e+01
   204  8.329318e-01  8.236355e-01  1.518502e-01  3.467366e-04  3.076450e-02  1.066718e-05  1.644278e+04  1.234294e+01
   205  8.501966e-01  8.416500e-01  1.563943e-01  3.412864e-04  3.032228e-02  1.034858e-05  1.682675e+04  1.253149e+01
   206  8.661832e-01  8.582634e-01  1.610460e-01  3.363952e-04  2.991176e-02  1.006217e-05  1.718815e+04  1.270859e+01
   207  8.810866e-01  8.736988e-01  1.658067e-01  3.319487e-04  2.952784e-02  9.801728e-06  1.753126e+04  1.287633e+01
   208  8.950609e-01  8.881300e-01  1.706778e-01  3.278615e-04  2.916658e-02  9.562599e-06  1.785940e+04  1.303633e+01
   209  9.082296e-01  9.016952e-01  1.756607e-01  3.240688e-04  2.882484e-02  9.341233e-06  1.817520e+04  1.318989e+01
   210  9.206931e-01  9.145061e-01  1.807567e-01  3.205200e-04  2.850013e-02  9.134861e-06  1.848083e+04  1.333805e+01
   211  9.325344e-01  9.266541e-01  1.859671e-01  3.171749e-04  2.819040e-02  8.941288e-06  1.877805e+04  1.348166e+01
   212  9.438226e-01  9.382152e-01  1.912933e-01  3.140014e-04  2.789398e-02  8.758747e-06  1.906836e+04  1.362142e+01
   213  9.546160e-01  9.492528e-01  1.967366e-01  3.109730e-04  2.760947e-02  8.585801e-06  1.935300e+04  1.375792e+01
   214  9.649642e-01  9.598209e-01  2.022981e-01  3.080681e-04  2.733572e-02  8.421262e-06  1.963306e+04  1.389168e+01
   215  9.749098e-01  9.699655e-01  2.079790e-01  3.052685e-04  2.707171e-02  8.264142e-06  1.990949e+04  1.402311e+01
   216  9.844893e-01  9.797260e-01  2.137806e-01  3.025591e-04  2.681661e-02  8.113610e-06  2.018310e+04  1.415260e+01
   217  9.937349e-01  9.891367e-01  2.197041e-01  2.999270e-04  2.656968e-02  7.968964e-06  2.045461e+04  1.428046e+01
   218  1.002674e+00  9.982276e-01  2.257504e-01  2.973611e-04  2.633029e-02  7.829602e-06  2.072469e+04  1.440700e+01
   219  1.011332e+00  1.007025e+00  2.319208e-01  2.948519e-04  2.609787e-02  7.695008e-06  2.099392e+04  1.453245e+01
   220  1.019731e+00  1.015552e+00  2.382162e-01  2.923914e-04  2.587195e-02  7.564735e-06  2.126282e+04  1.465704e+01
   221  1.027888e+00  1.023829e+00  2.446377e-01  2.899723e-04  2.565209e-02  7.438396e-06  2.153189e+04  1.478099e+01
   222  1.035823e+00  1.031874e+00  2.511862e-01  2.875884e-04  2.543792e-02  7.315651e-06  2.180157e+04  1.490448e+01
   223  1.043550e+00  1.039704e+00  2.578626e-01  2.852344e-04  2.522908e-02  7.196201e-06  2.207229e+04  1.502767e+01
   224  1.051084e+00  1.047333e+00  2.646680e-01  2.829054e-04  2.502528e-02  7.079786e-06  2.234443e+04  1.515072e+01
   225  1.058436e+00  1.054775e+00  2.716031e-01  2.805972e-04  2.482624e-02  6.966172e-06  2.261837e+04  1.527377e+01
   226  1.065619e+00  1.062042e+00  2.786687e-01  2.783060e-04  2.463171e-02  6.855154e-06  2.289445e+04  1.539695e+01
   227  1.072642e+00  1.069145e+00  2.858656e-01  2.760285e-04  2.444148e-02  6.746546e-06  2.317300e+04  1.552039e+01
   228  1.079516e+00  1.076092e+00  2.931946e-01  2.737618e-04  2.425534e-02  6.640186e-06  2.345435e+04  1.564419e+01
   229  1.086248e+00  1.082895e+00  3.006563e-01  2.715032e-04  2.407311e-02  6.535926e-06  2.373881e+04  1.576848e+01
   230  1.092847e+00  1.089560e+00  3.082514e-01  2.692504e-04  2.389461e-02  6.433633e-06  2.402667e+04  1.589334e+01
   231  1.099320e+00  1.096096e+00  3.159805e-01  2.670013e-04  2.371969e-02  6.333190e-06  2.431824e+04  1.601888e+01
   232  1.105674e+00  1.102509e+00  3.238442e-01  2.647541e-04  2.354822e-02  6.234488e-06  2.461378e+04  1.614518e+01
   233  1.111915e+00  1.108806e+00  3.318430e-01  2.625071e-04  2.338006e-02  6.137431e-06  2.491358e+04  1.627234e+01
   234  1.118049e+00  1.114993e+00  3.399773e-01  2.602589e-04  2.321508e-02  6.041930e-06  2.521793e+04  1.640044e+01
   235  1.124080e+00  1.121075e+00  3.482476e-01  2.580081e-04  2.305318e-02  5.947907e-06  2.552708e+04  1.652955e+01
   236  1.130015e+00  1.127058e+00  3.566544e-01  2.557538e-04  2.289425e-02  5.855290e-06  2.584132e+04  1.665977e+01
   237  1.135858e+00  1.132946e+00  3.651978e-01  2.534948e-04  2.273819e-02  5.764012e-06  2.616092e+04  1.679116e+01
   238  1.141613e+00  1.138745e+00  3.738783e-01  2.512303e-04  2.258492e-02  5.674015e-06  2.648614e+04  1.692380e+01
   239  1.147283e+00  1.144457e+00  3.826961e-01  2.489596e-04  2.243434e-02  5.585244e-06  2.681727e+04  1.705777e+01
   240  1.152874e+00  1.150088e+00  3.916514e-01  2.466821e-04  2.228637e-02  5.497649e-06  2.715456e+04  1.719312e+01
   241  1.158388e+00  1.155640e+00  4.007443e-01  2.443971e-04  2.214095e-02  5.411185e-06  2.749829e+04  1.732994e+01
   242  1.163829e+00  1.161117e+00  4.099751e-01  2.421044e-04  2.199799e-02  5.325812e-06  2.784875e+04  1.746829e+01
   243  1.169200e+00  1.166523e+00  4.193438e-01  2.398036e-04  2.185744e-02  5.241492e-06  2.820621e+04  1.760823e+01
   244  1.174504e+00  1.171860e+00  4.288503e-01  2.374944e-04  2.171921e-02  5.158191e-06  2.857095e+04  1.774984e+01
   245  1.179743e+00  1.177131e+00  4.384948e-01  2.351766e-04  2.158326e-02  5.075877e-06  2.894326e+04  1.789319e+01
   246  1.184921e+00  1.182339e+00  4.482772e-01  2.328501e-04  2.144952e-02  4.994523e-06  2.932343e+04  1.803833e+01
   247  1.190039e+00  1.187487e+00  4.581974e-01  2.305149e-04  2.131794e-02  4.914102e-06  2.971177e+04  1.818533e+01
   248  1.195101e+00  1.192577e+00  4.682552e-01  2.281710e-04  2.118845e-02  4.834590e-06  3.010856e+04  1.833426e+01
   249  1.200108e+00  1.197612e+00  4.784506e-01  2.258185e-04  2.106101e-02  4.755966e-06  3.051412e+04  1.848519e+01
   250  1.205063e+00  1.202592e+00  4.887832e-01  2.234575e-04  2.093557e-02  4.678210e-06  3.092877e+04  1.863818e+01
   251  1.209967e+00  1.207522e+00  4.992529e-01  2.210882e-04  2.081207e-02  4.601305e-06  3.135283e+04  1.879329e+01
   252  1.214823e+00  1.212402e+00  5.098594e-01  2.187109e-04  2.069048e-02  4.525233e-06  3.178662e+04  1.895059e+01
   253  1.219633e+00  1.217234e+00  5.206023e-01  2.163259e-04  2.057073e-02  4.449981e-06  3.223047e+04  1.911015e+01
   254  1.224397e+00  1.222021e+00  5.314812e-01  2.139334e-04  2.045279e-02  4.375534e-06  3.268475e+04  1.927204e+01
   255  1.229119e+00  1.226764e+00  5.424959e-01  2.115339e-04  2.033661e-02  4.301881e-06  3.314979e+04  1.943632e+01
   256  1.233799e+00  1.231465e+00  5.536457e-01  2.091277e-04  2.022214e-02  4.229010e-06  3.362597e+04  1.960306e+01
   257  1.238439e+00  1.236125e+00  5.649304e-01  2.067153e-04  2.010935e-02  4.156911e-06  3.411366e+04  1.977233e+01
   258  1.243040e+00  1.240746e+00  5.763493e-01  2.042973e-04  1.999819e-02  4.085575e-06  3.461323e+04  1.994420e+01
   259  1.247605e+00  1.245329e+00  5.879020e-01  2.018740e-04  1.988862e-02  4.014994e-06  3.512508e+04  2.011874e+01
   260  1.252134e+00  1.249875e+00  5.995879e-01  1.994460e-04  1.978060e-02  3.945160e-06  3.564963e+04  2.029602e+01
   261  1.256628e+00  1.254387e+00  6.114063e-01  1.970139e-04  1.967408e-02  3.876067e-06  3.618728e+04  2.047612e+01
   262  1.261090e+00  1.258865e+00  6.233566e-01  1.945783e-04  1.956903e-02  3.807709e-06  3.673846e+04  2.065910e+01
   263  1.265519e+00  1.263310e+00  6.354383e-01  1.921397e-04  1.946541e-02  3.740079e-06  3.730363e+04  2.084505e+01
   264  1.269918e+00  1.267724e+00  6.476505e-01  1.896988e-04  1.936318e-02  3.673173e-06  3.788323e+04  2.103403e+01
   265  1.274288e+00  1.272108e+00  6.599927e-01  1.872563e-04  1.926230e-02  3.606987e-06  3.847773e+04  2.122614e+01
   266  1.278628e+00  1.276463e+00  6.724639e-01  1.848128e-04  1.916273e-02  3.541517e-06  3.908763e+04  2.142144e+01
   267  1.282942e+00  1.280791e+00  6.850636e-01  1.823689e-04  1.906443e-02  3.476759e-06  3.971342e+04  2.162001e+01
   268  1.287229e+00  1.285091e+00  6.977908e-01  1.799253e-04  1.896737e-02  3.412710e-06  4.035563e+04  2.182195e+01
   269  1.291490e+00  1.289365e+00  7.106448e-01  1.774828e-04  1.887150e-02  3.349367e-06  4.101479e+04  2.202733e+01
   270  1.295728e+00  1.293614e+00  7.236247e-01  1.750420e-04  1.877680e-02  3.286728e-06  4.169145e+04  2.223624e+01
   271  1.299941e+00  1.297839e+00  7.367296e-01  1.726036e-04  1.868321e-02  3.224790e-06  4.238619e+04  2.244877e+01
   272  1.304132e+00  1.302042e+00  7.499587e-01  1.701684e-04  1.859071e-02  3.163551e-06  4.309959e+04  2.266501e+01
   273  1.308301e+00  1.306222e+00  7.633112e-01  1.677370e-04  1.849926e-02  3.103009e-06  4.383228e+04  2.288504e+01
   274  1.312450e+00  1.310380e+00  7.767859e-01  1.653101e-04  1.840881e-02  3.043163e-06  4.458489e+04  2.310897e+01
   275  1.316578e+00  1.314518e+00  7.903821e-01  1.628885e-04  1.831934e-02  2.984010e-06  4.535807e+04  2.333690e+01
   276  1.320687e+00  1.318637e+00  8.040988e-01  1.604729e-04  1.823081e-02  2.925551e-06  4.615252e+04  2.356891e+01
   277  1.324777e+00  1.322736e+00  8.179349e-01  1.580639e-04  1.814318e-02  2.867782e-06  4.696893e+04  2.380511e+01
   278  1.328849e+00  1.326818e+00  8.318895e-01  1.556622e-04  1.805642e-02  2.810703e-06  4.780804e+04  2.404561e+01
   279  1.332905e+00  1.330882e+00  8.459616e-01  1.532686e-04  1.797049e-02  2.754313e-06  4.867060e+04  2.429051e+01
   280  1.336944e+00  1.334929e+00  8.601502e-01  1.508838e-04  1.788535e-02  2.698610e-06  4.955742e+04  2.453992e+01
   281  1.340968e+00  1.338960e+00  8.744542e-01  1.485083e-04  1.780098e-02  2.643593e-06  5.046931e+04  2.479396e+01
   282  1.344976e+00  1.342977e+00  8.888727e-01  1.461429e-04  1.771733e-02  2.589262e-06  5.140711e+04  2.505274e+01
   283  1.348971e+00  1.346978e+00  9.034045e-01  1.437881e-04  1.763438e-02  2.535614e-06  5.237173e+04  2.531638e+01
   284  1.352951e+00  1.350966e+00  9.180486e-01  1.414447e-04  1.755208e-02  2.482649e-06  5.336406e+04  2.558501e+01
   285  1.356919e+00  1.354940e+00  9.328039e-01  1.391133e-04  1.747041e-02  2.430366e-06  5.438508e+04  2.585874e+01
   286  1.360874e+00  1.358901e+00  9.476693e-01  1.367944e-04  1.738933e-02  2.378764e-06  5.543577e+04  2.613771e+01
   287  1.364818e+00  1.362851e+00  9.626437e-01  1.344887e-04  1.730881e-02  2.327841e-06  5.651717e+04  2.642206e+01
   288  1.368751e+00  1.366789e+00  9.777261e-01  1.321967e-04  1.722883e-02  2.277595e-06  5.763037e+04  2.671191e+01
   289  1.372673e+00  1.370716e+00  9.929154e-01  1.299190e-04  1.714934e-02  2.228026e-06  5.877647e+04  2.700742e+01
   290  1.376584e+00  1.374633e+00  1.008210e+00  1.276562e-04  1.707032e-02  2.179131e-06  5.995665e+04  2.730873e+01
   291  1.380487e+00  1.378540e+00  1.023610e+00  1.254086e-04  1.699174e-02  2.130911e-06  6.117214e+04  2.761599e+01
   292  1.384381e+00  1.382438e+00  1.039113e+00  1.231769e-04  1.691357e-02  2.083361e-06  6.242420e+04  2.792936e+01
   293  1.388266e+00  1.386328e+00  1.054718e+00  1.209616e-04  1.683578e-02  2.036482e-06  6.371416e+04  2.824899e+01
   294  1.392144e+00  1.390209e+00  1.070425e+00  1.187630e-04  1.675834e-02  1.990271e-06  6.504341e+04  2.857506e+01
   295  1.396014e+00  1.394083e+00  1.086232e+00  1.165816e-04  1.668124e-02  1.944726e-06  6.641340e+04  2.890773e+01
   296  1.399878e+00  1.397950e+00  1.102138e+00  1.144179e-04  1.660444e-02  1.899845e-06  6.782563e+04  2.924719e+01
   297  1.403735e+00  1.401811e+00  1.118142e+00  1.122722e-04  1.652792e-02  1.855627e-06  6.928169e+04  2.959361e+01
   298  1.407587e+00  1.405665e+00  1.134242e+00  1.101450e-04  1.645166e-02  1.812068e-06  7.078324e+04  2.994719e+01
   299  1.411433e+00  1.409514e+00  1.150438e+00  1.080365e-04  1.637563e-02  1.769166e-06  7.233199e+04  3.030812e+01
   300  1.415275e+00  1.413359e+00  1.166729e+00  1.059471e-04  1.629982e-02  1.726919e-06  7.392977e+04  3.067660e+01
   301  1.419113e+00  1.417199e+00  1.183113e+00  1.038772e-04  1.622421e-02  1.685325e-06  7.557846e+04  3.105285e+01
   302  1.422947e+00  1.421035e+00  1.199589e+00  1.018270e-04  1.614877e-02  1.644380e-06  7.728006e+04  3.143707e+01
   303  1.426778e+00  1.424867e+00  1.216156e+00  9.979671e-05  1.607350e-02  1.604083e-06  7.903665e+04  3.182951e+01
   304  1.430607e+00  1.428697e+00  1.232813e+00  9.778668e-05  1.599838e-02  1.564428e-06  8.085043e+04  3.223038e+01
   305  1.434433e+00  1.432524e+00  1.249559e+00  9.579711e-05  1.592339e-02  1.525415e-06  8.272367e+04  3.263993e+01
   306  1.438258e+00  1.436350e+00  1.266393e+00  9.382821e-05  1.584853e-02  1.487039e-06  8.465879e+04  3.305842e+01
   307  1.442081e+00  1.440173e+00  1.283313e+00  9.188016e-05  1.577378e-02  1.449298e-06  8.665833e+04  3.348609e+01
   308  1.445904e+00  1.443997e+00  1.300318e+00  8.995313e-05  1.569915e-02  1.412187e-06  8.872494e+04  3.392322e+01
   309  1.449726e+00  1.447819e+00  1.317409e+00  8.804726e-05  1.562461e-02  1.375704e-06  9.086142e+04  3.437009e+01
   310  1.453549e+00  1.451642e+00  1.334582e+00  8.616268e-05  1.555018e-02  1.339845e-06  9.307073e+04  3.482699e+01
   311  1.457373e+00  1.455465e+00  1.351837e+00  8.429951e-05  1.547584e-02  1.304606e-06  9.535596e+04  3.529422e+01
   312  1.461198e+00  1.459290e+00  1.369174e+00  8.245783e-05  1.540160e-02  1.269983e-06  9.772037e+04  3.577209e+01
   313  1.465025e+00  1.463116e+00  1.386590e+00  8.063773e-05  1.532747e-02  1.235972e-06  1.001674e+05  3.626093e+01
   314  1.468854e+00  1.466944e+00  1.404086e+00  7.883925e-05  1.525344e-02  1.202570e-06  1.027007e+05  3.676106e+01
   315  1.472687e+00  1.470775e+00  1.421659e+00  7.706245e-05  1.517953e-02  1.169772e-06  1.053242e+05  3.727286e+01
   316  1.476523e+00  1.474609e+00  1.439309e+00  7.530734e-05  1.510575e-02  1.137574e-06  1.080417e+05  3.779666e+01
   317  1.480363e+00  1.478447e+00  1.457034e+00  7.357395e-05  1.503211e-02  1.105971e-06  1.108577e+05  3.833287e+01
   318  1.484207e+00  1.482289e+00  1.474834e+00  7.186229e-05  1.495862e-02  1.074960e-06  1.137767e+05  3.888186e+01
   319  1.488057e+00  1.486136e+00  1.492708e+00  7.017233e-05  1.488530e-02  1.044536e-06  1.168033e+05  3.944405e+01
   320  1.491912e+00  1.489989e+00  1.510654e+00  6.850407e-05  1.481218e-02  1.014695e-06  1.199428e+05  4.001986e+01
   321  1.495774e+00  1.493847e+00  1.528672e+00  6.685747e-05  1.473928e-02  9.854308e-07  1.232004e+05  4.060974e+01
   322  1.499643e+00  1.497713e+00  1.546760e+00  6.523249e-05  1.466662e-02  9.567400e-07  1.265817e+05  4.121414e+01
   323  1.503519e+00  1.501585e+00  1.564917e+00  6.362909e-05  1.459423e-02  9.286176e-07  1.300929e+05  4.183356e+01
   324  1.507404e+00  1.505466e+00  1.583142e+00  6.204722e-05  1.452214e-02  9.010587e-07  1.337403e+05  4.246848e+01
   325  1.511297e+00  1.509355e+00  1.601435e+00  6.048681e-05  1.445040e-02  8.740584e-07  1.375306e+05  4.311943e+01
   326  1.515200e+00  1.513253e+00  1.619794e+00  5.894782e-05  1.437902e-02  8.476120e-07  1.414711e+05  4.378695e+01
   327  1.519114e+00  1.517161e+00  1.638218e+00  5.743018e-05  1.430806e-02  8.217143e-07  1.455692e+05  4.447161e+01
   328  1.523038e+00  1.521080e+00  1.656707e+00  5.593381e-05  1.423755e-02  7.963603e-07  1.498332e+05  4.517399e+01
   329  1.526974e+00  1.525010e+00  1.675259e+00  5.445867e-05  1.416753e-02  7.715450e-07  1.542716e+05  4.589471e+01
   330  1.530923e+00  1.528953e+00  1.693873e+00  5.300469e-05  1.409806e-02  7.472633e-07  1.588935e+05  4.663440e+01
   331  1.534885e+00  1.532908e+00  1.712548e+00  5.157181e-05  1.402917e-02  7.235098e-07  1.637087e+05  4.739375e+01
   332  1.538861e+00  1.536877e+00  1.731284e+00  5.015997e-05  1.396092e-02  7.002794e-07  1.687274e+05  4.817343e+01
   333  1.542852e+00  1.540861e+00  1.750080e+00  4.876914e-05  1.389336e-02  6.775670e-07  1.739608e+05  4.897418e+01
   334  1.546859e+00  1.544860e+00  1.768933e+00  4.739927e-05  1.382653e-02  6.553672e-07  1.794204e+05  4.979674e+01
   335  1.550883e+00  1.548876e+00  1.787844e+00  4.605035e-05  1.376048e-02  6.336749e-07  1.851187e+05  5.064190e+01
   336  1.554925e+00  1.552909e+00  1.806811e+00  4.472234e-05  1.369527e-02  6.124846e-07  1.910690e+05  5.151049e+01
   337  1.558985e+00  1.556959e+00  1.825834e+00  4.341524e-05  1.363095e-02  5.917911e-07  1.972853e+05  5.240335e+01
   338  1.563065e+00  1.561029e+00  1.844912e+00  4.212905e-05  1.356757e-02  5.715889e-07  2.037827e+05  5.332138e+01
   339  1.567165e+00  1.565120e+00  1.864043e+00  4.086379e-05  1.350517e-02  5.518724e-07  2.105772e+05  5.426551e+01
   340  1.571287e+00  1.569231e+00  1.883227e+00  3.961949e-05  1.344380e-02  5.326365e-07  2.176858e+05  5.523671e+01
   341  1.575432e+00  1.573364e+00  1.902463e+00  3.839620e-05  1.338350e-02  5.138757e-07  2.251266e+05  5.623598e+01
   342  1.579601e+00  1.577521e+00  1.921749e+00  3.719397e-05  1.332432e-02  4.955842e-07  2.329190e+05  5.726438e+01
   343  1.583794e+00  1.581703e+00  1.941086e+00  3.601288e-05  1.326628e-02  4.777568e-07  2.410836e+05  5.832300e+01
   344  1.588014e+00  1.585909e+00  1.960472e+00  3.485301e-05  1.320941e-02  4.603877e-07  2.496422e+05  5.941299e+01
   345  1.592262e+00  1.590143e+00  1.979907e+00  3.371444e-05  1.315374e-02  4.434711e-07  2.586184e+05  6.053557e+01
   346  1.596537e+00  1.594405e+00  1.999389e+00  3.259732e-05  1.309929e-02  4.270017e-07  2.680367e+05  6.169194e+01
   347  1.600843e+00  1.598695e+00  2.018916e+00  3.150180e-05  1.304606e-02  4.109744e-07  2.779233e+05  6.288338e+01
   348  1.605179e+00  1.603016e+00  2.038490e+00  3.042800e-05  1.299405e-02  3.953830e-07  2.883064e+05  6.411125e+01
   349  1.609548e+00  1.607369e+00  2.058108e+00  2.937605e-05  1.294326e-02  3.802218e-07  2.992160e+05  6.537696e+01
   350  1.613950e+00  1.611755e+00  2.077770e+00  2.834614e-05  1.289366e-02  3.654853e-07  3.106834e+05  6.668195e+01
   351  1.618387e+00  1.616174e+00  2.097475e+00  2.733841e-05  1.284521e-02  3.511676e-07  3.227425e+05  6.802774e+01
   352  1.622859e+00  1.620629e+00  2.117222e+00  2.635302e-05  1.279788e-02  3.372629e-07  3.354289e+05  6.941590e+01
   353  1.627369e+00  1.625120e+00  2.137010e+00  2.539014e-05  1.275162e-02  3.237654e-07  3.487805e+05  7.084807e+01
   354  1.631918e+00  1.629649e+00  2.156839e+00  2.444992e-05  1.270634e-02  3.106691e-07  3.628375e+05  7.232596e+01
   355  1.636505e+00  1.634218e+00  2.176706e+00  2.353250e-05  1.266198e-02  2.979680e-07  3.776427e+05  7.385135e+01
   356  1.641134e+00  1.638826e+00  2.196613e+00  2.263800e-05  1.261843e-02  2.856562e-07  3.932413e+05  7.542607e+01
   357  1.645805e+00  1.643476e+00  2.216557e+00  2.176656e-05  1.257560e-02  2.737275e-07  4.096811e+05  7.705203e+01
   358  1.650519e+00  1.648168e+00  2.236538e+00  2.091825e-05  1.253335e-02  2.621757e-07  4.270130e+05  7.873123e+01
   359  1.655277e+00  1.652904e+00  2.256555e+00  2.009312e-05  1.249157e-02  2.509946e-07  4.452911e+05  8.046575e+01
   360  1.660080e+00  1.657685e+00  2.276608e+00  1.929124e-05  1.245011e-02  2.401779e-07  4.645724e+05  8.225773e+01
   361  1.664929e+00  1.662511e+00  2.296694e+00  1.851258e-05  1.240882e-02  2.297193e-07  4.849174e+05  8.410940e+01
   362  1.669826e+00  1.667385e+00  2.316815e+00  1.775712e-05  1.236755e-02  2.196121e-07  5.063905e+05  8.602310e+01
   363  1.674771e+00  1.672305e+00  2.336968e+00  1.702478e-05  1.232615e-02  2.098500e-07  5.290598e+05  8.800124e+01
   364  1.679764e+00  1.677274e+00  2.357153e+00  1.631546e-05  1.228444e-02  2.004263e-07  5.529973e+05  9.004630e+01
   365  1.684807e+00  1.682293e+00  2.377369e+00  1.562899e-05  1.224227e-02  1.913343e-07  5.782800e+05  9.216093e+01
   366  1.689899e+00  1.687360e+00  2.397614e+00  1.496517e-05  1.219948e-02  1.825672e-07  6.049895e+05  9.434781e+01
   367  1.695043e+00  1.692479e+00  2.417890e+00  1.432376e-05  1.215591e-02  1.741183e-07  6.332121e+05  9.660977e+01
   368  1.700238e+00  1.697648e+00  2.438194e+00  1.370448e-05  1.211141e-02  1.659806e-07  6.630405e+05  9.894974e+01
   369  1.705484e+00  1.702869e+00  2.458525e+00  1.310701e-05  1.206583e-02  1.581470e-07  6.945727e+05  1.013708e+02
   370  1.710782e+00  1.708141e+00  2.478883e+00  1.253098e-05  1.201906e-02  1.506107e-07  7.279132e+05  1.038760e+02
   371  1.716132e+00  1.713465e+00  2.499268e+00  1.197600e-05  1.197098e-02  1.433645e-07  7.631735e+05  1.064688e+02
   372  1.721535e+00  1.718842e+00  2.519677e+00  1.144165e-05  1.192147e-02  1.364013e-07  8.004726e+05  1.091526e+02
   373  1.726990e+00  1.724271e+00  2.540110e+00  1.092746e-05  1.187045e-02  1.297139e-07  8.399376e+05  1.119309e+02
   374  1.732497e+00  1.729752e+00  2.560567e+00  1.043296e-05  1.181785e-02  1.232952e-07  8.817047e+05  1.148075e+02
   375  1.738057e+00  1.735286e+00  2.581047e+00  9.957658e-06  1.176359e-02  1.171378e-07  9.259186e+05  1.177863e+02
   376  1.743670e+00  1.740873e+00  2.601548e+00  9.501038e-06  1.170765e-02  1.112348e-07  9.727340e+05  1.208712e+02
   377  1.749335e+00  1.746512e+00  2.622070e+00  9.062576e-06  1.164997e-02  1.055788e-07  1.022318e+06  1.240666e+02
   378  1.755053e+00  1.752204e+00  2.642612e+00  8.641740e-06  1.159055e-02  1.001625e-07  1.074847e+06  1.273769e+02
   379  1.760823e+00  1.757947e+00  2.663173e+00  8.238005e-06  1.152937e-02  9.497901e-08  1.130512e+06  1.308065e+02
   380  1.766645e+00  1.763744e+00  2.683753e+00  7.850833e-06  1.146643e-02  9.002106e-08  1.189515e+06  1.343604e+02
   381  1.772519e+00  1.769592e+00  2.704349e+00  7.479689e-06  1.140175e-02  8.528154e-08  1.252076e+06  1.380434e+02
   382  1.778444e+00  1.775491e+00  2.724962e+00  7.124048e-06  1.133534e-02  8.075347e-08  1.318427e+06  1.418609e+02
   383  1.784421e+00  1.781443e+00  2.745591e+00  6.783386e-06  1.126721e-02  7.642985e-08  1.388818e+06  1.458182e+02
   384  1.790449e+00  1.787446e+00  2.766234e+00  6.457193e-06  1.119741e-02  7.230385e-08  1.463516e+06  1.499210e+02
   385  1.796528e+00  1.793499e+00  2.786890e+00  6.144966e-06  1.112597e-02  6.836868e-08  1.542807e+06  1.541753e+02
   386  1.802658e+00  1.799604e+00  2.807560e+00  5.846207e-06  1.105291e-02  6.461759e-08  1.627000e+06  1.585871e+02
   387  1.808838e+00  1.805759e+00  2.828242e+00  5.560432e-06  1.097828e-02  6.104398e-08  1.716423e+06  1.631631e+02
   388  1.815067e+00  1.811964e+00  2.848934e+00  5.287169e-06  1.090212e-02  5.764136e-08  1.811429e+06  1.679098e+02
   389  1.821347e+00  1.818219e+00  2.869636e+00  5.025956e-06  1.082448e-02  5.440334e-08  1.912396e+06  1.728345e+02
   390  1.827676e+00  1.824523e+00  2.890347e+00  4.776348e-06  1.074539e-02  5.132371e-08  2.019729e+06  1.779444e+02
   391  1.834054e+00  1.830876e+00  2.911066e+00  4.537904e-06  1.066490e-02  4.839631e-08  2.133861e+06  1.832471e+02
   392  1.840480e+00  1.837279e+00  2.931793e+00  4.310200e-06  1.058306e-02  4.561512e-08  2.255261e+06  1.887508e+02
   393  1.846955e+00  1.843729e+00  2.952525e+00  4.092822e-06  1.049992e-02  4.297429e-08  2.384428e+06  1.944639e+02
   394  1.853477e+00  1.850228e+00  2.973262e+00  3.885366e-06  1.041551e-02  4.046806e-08  2.521900e+06  2.003951e+02
   395  1.860047e+00  1.856775e+00  2.994003e+00  3.687446e-06  1.032988e-02  3.809088e-08  2.668251e+06  2.065536e+02
   396  1.866664e+00  1.863368e+00  3.014747e+00  3.498685e-06  1.024309e-02  3.583734e-08  2.824098e+06  2.129489e+02
   397  1.873328e+00  1.870009e+00  3.035493e+00  3.318714e-06  1.015516e-02  3.370209e-08  2.990106e+06  2.195912e+02
   398  1.880038e+00  1.876696e+00  3.056239e+00  3.147179e-06  1.006616e-02  3.168001e-08  3.166989e+06  2.264908e+02
   399  1.886794e+00  1.883429e+00  3.076985e+00  2.983736e-06  9.976125e-03  2.976612e-08  3.355511e+06  2.336588e+02
   400  1.893595e+00  1.890208e+00  3.097730e+00  2.828051e-06  9.885100e-03  2.795557e-08  3.556495e+06  2.411066e+02
   401  1.900441e+00  1.897031e+00  3.118471e+00  2.679801e-06  9.793136e-03  2.624365e-08  3.770827e+06  2.488463e+02
   402  1.907331e+00  1.903900e+00  3.139210e+00  2.538673e-06  9.700280e-03  2.462584e-08  3.999458e+06  2.568903e+02
   403  1.914266e+00  1.910812e+00  3.159943e+00  2.404365e-06  9.606582e-03  2.309773e-08  4.243412e+06  2.652520e+02
   404  1.921244e+00  1.917769e+00  3.180670e+00  2.276586e-06  9.512093e-03  2.165510e-08  4.503787e+06  2.739449e+02
   405  1.928265e+00  1.924768e+00  3.201389e+00  2.155053e-06  9.416864e-03  2.029384e-08  4.781772e+06  2.829835e+02
   406  1.935328e+00  1.931811e+00  3.222100e+00  2.039494e-06  9.320941e-03  1.901000e-08  5.078643e+06  2.923830e+02
   407  1.942434e+00  1.938896e+00  3.242801e+00  1.929649e-06  9.224374e-03  1.779980e-08  5.395769e+06  3.021591e+02
   408  1.949582e+00  1.946023e+00  3.263492e+00  1.825263e-06  9.127209e-03  1.665956e-08  5.734631e+06  3.123284e+02
   409  1.956770e+00  1.953191e+00  3.284169e+00  1.726096e-06  9.029489e-03  1.558576e-08  6.096821e+06  3.229083e+02
   410  1.964000e+00  1.960400e+00  3.304833e+00  1.631913e-06  8.931254e-03  1.457503e-08  6.484056e+06  3.339170e+02
   411  1.971269e+00  1.967649e+00  3.325481e+00  1.542493e-06  8.832549e-03  1.362415e-08  6.898167e+06  3.453732e+02
   412  1.978578e+00  1.974939e+00  3.346113e+00  1.457619e-06  8.733411e-03  1.272998e-08  7.341151e+06  3.572970e+02
   413  1.985926e+00  1.982268e+00  3.366726e+00  1.377079e-06  8.633878e-03  1.188953e-08  7.815167e+06  3.697097e+02
   414  1.993313e+00  1.989635e+00  3.387321e+00  1.300676e-06  8.534001e-03  1.109997e-08  8.322513e+06  3.826329e+02
   415  2.000738e+00  1.997041e+00  3.407894e+00  1.228215e-06  8.433824e-03  1.035855e-08  8.865705e+06  3.960899e+02
   416  2.008200e+00  2.004485e+00  3.428445e+00  1.159512e-06  8.333396e-03  9.662674e-09  9.447430e+06  4.101046e+02
   417  2.015700e+00  2.011966e+00  3.448972e+00  1.094390e-06  8.232756e-03  9.009844e-09  1.007060e+07  4.247023e+02
   418  2.023236e+00  2.019484e+00  3.469473e+00  1.032679e-06  8.131935e-03  8.397679e-09  1.073835e+07  4.399098e+02
   419  2.030808e+00  2.027038e+00  3.489947e+00  9.742180e-07  8.030965e-03  7.823911e-09  1.145407e+07  4.557549e+02
   420  2.038415e+00  2.034628e+00  3.510392e+00  9.188492e-07  7.929891e-03  7.286374e-09  1.222143e+07  4.722669e+02
   421  2.046058e+00  2.042253e+00  3.530806e+00  8.664217e-07  7.828771e-03  6.783017e-09  1.304439e+07  4.894765e+02
   422  2.053735e+00  2.049913e+00  3.551188e+00  8.167916e-07  7.727638e-03  6.311869e-09  1.392725e+07  5.074161e+02
   423  2.061445e+00  2.057607e+00  3.571535e+00  7.698263e-07  7.626489e-03  5.871072e-09  1.487459e+07  5.261197e+02
   424  2.069189e+00  2.065334e+00  3.591847e+00  7.253972e-07  7.525328e-03  5.458851e-09  1.589137e+07  5.456229e+02
   425  2.076965e+00  2.073094e+00  3.612121e+00  6.833745e-07  7.424222e-03  5.073524e-09  1.698305e+07  5.659635e+02
   426  2.084774e+00  2.080887e+00  3.632356e+00  6.436329e-07  7.323259e-03  4.713490e-09  1.815556e+07  5.871809e+02
   427  2.092614e+00  2.088712e+00  3.652549e+00  6.060550e-07  7.222511e-03  4.377239e-09  1.941529e+07  6.093168e+02
   428  2.100486e+00  2.096568e+00  3.672697e+00  5.705353e-07  7.121986e-03  4.063344e-09  2.076906e+07  6.324140e+02
   429  2.108388e+00  2.104455e+00  3.692801e+00  5.369713e-07  7.021682e-03  3.770441e-09  2.222431e+07  6.565188e+02
   430  2.116320e+00  2.112372e+00  3.712856e+00  5.052649e-07  6.921601e-03  3.497242e-09  2.378908e+07  6.816798e+02
   431  2.124281e+00  2.120319e+00  3.732862e+00  4.753189e-07  6.821815e-03  3.242537e-09  2.547211e+07  7.079470e+02
   432  2.132272e+00  2.128295e+00  3.752816e+00  4.470425e-07  6.722333e-03  3.005168e-09  2.728294e+07  7.353750e+02
   433  2.140291e+00  2.136300e+00  3.772715e+00  4.203520e-07  6.623139e-03  2.784050e-09  2.923176e+07  7.640200e+02
   434  2.148337e+00  2.144333e+00  3.792558e+00  3.951626e-07  6.524302e-03  2.578160e-09  3.132977e+07  7.939412e+02
   435  2.156411e+00  2.152393e+00  3.812342e+00  3.713925e-07  6.425904e-03  2.386532e-09  3.358921e+07  8.252007e+02
   436  2.164512e+00  2.160480e+00  3.832064e+00  3.489687e-07  6.327950e-03  2.208257e-09  3.602317e+07  8.578641e+02
   437  2.172639e+00  2.168594e+00  3.851724e+00  3.278273e-07  6.230300e-03  2.042462e-09  3.864563e+07  8.920028e+02
   438  2.180791e+00  2.176734e+00  3.871316e+00  3.078812e-07  6.133357e-03  1.888345e-09  4.147322e+07  9.276893e+02
   439  2.188969e+00  2.184899e+00  3.890841e+00  2.890813e-07  6.036872e-03  1.745147e-09  4.452194e+07  9.650000e+02
   440  2.197172e+00  2.193090e+00  3.910294e+00  2.713647e-07  5.940866e-03  1.612142e-09  4.781033e+07  1.004018e+03
   441  2.205398e+00  2.201305e+00  3.929672e+00  2.546675e-07  5.845518e-03  1.488664e-09  5.135881e+07  1.044828e+03
   442  2.213648e+00  2.209543e+00  3.948974e+00  2.389490e-07  5.750505e-03  1.374077e-09  5.518764e+07  1.087521e+03
   443  2.221921e+00  2.217804e+00  3.968197e+00  2.241450e-07  5.656084e-03  1.267783e-09  5.932162e+07  1.132194e+03
   444  2.230216e+00  2.226089e+00  3.987338e+00  2.102074e-07  5.562229e-03  1.169222e-09  6.378633e+07  1.178949e+03
   445  2.238534e+00  2.234395e+00  4.006394e+00  1.970860e-07  5.469020e-03  1.077867e-09  6.861031e+07  1.227893e+03
   446  2.246871e+00  2.242723e+00  4.025361e+00  1.847364e-07  5.376496e-03  9.932342e-10  7.382407e+07  1.279138e+03
   447  2.255230e+00  2.251071e+00  4.044236e+00  1.731120e-07  5.284793e-03  9.148609e-10  7.946190e+07  1.332802e+03
   448  2.263609e+00  2.259440e+00  4.063018e+00  1.621806e-07  5.193655e-03  8.423103e-10  8.555875e+07  1.389016e+03
   449  2.272007e+00  2.267829e+00  4.081701e+00  1.519018e-07  5.103176e-03  7.751815e-10  9.215456e+07  1.447910e+03
   450  2.280426e+00  2.276237e+00  4.100285e+00  1.422322e-07  5.013579e-03  7.130925e-10  9.929515e+07  1.509629e+03
   451  2.288862e+00  2.284664e+00  4.118764e+00  1.331480e-07  4.924519e-03  6.556899e-10  1.070246e+08  1.574324e+03
   452  2.297316e+00  2.293109e+00  4.137136e+00  1.246114e-07  4.836194e-03  6.026446e-10  1.153959e+08  1.642149e+03
   453  2.305787e+00  2.301572e+00  4.155398e+00  1.165918e-07  4.748576e-03  5.536447e-10  1.244659e+08  1.713277e+03
   454  2.314275e+00  2.310052e+00  4.173546e+00  1.090534e-07  4.661952e-03  5.084019e-10  1.343002e+08  1.787885e+03
   455  2.322779e+00  2.318548e+00  4.191575e+00  1.019747e-07  4.576101e-03  4.666463e-10  1.449639e+08  1.866162e+03
   456  2.331298e+00  2.327060e+00  4.209483e+00  9.533274e-08  4.490870e-03  4.281270e-10  1.565282e+08  1.948305e+03
   457  2.339833e+00  2.335586e+00  4.227266e+00  8.909936e-08  4.406404e-03  3.926078e-10  1.690765e+08  2.034529e+03
   458  2.348382e+00  2.344128e+00  4.244922e+00  8.324733e-08  4.322870e-03  3.598673e-10  1.827021e+08  2.125064e+03
   459  2.356945e+00  2.352684e+00  4.262445e+00  7.775565e-08  4.240242e-03  3.297027e-10  1.975026e+08  2.220148e+03
   460  2.365519e+00  2.361253e+00  4.279832e+00  7.261024e-08  4.158164e-03  3.019253e-10  2.135754e+08  2.320030e+03
   461  2.374107e+00  2.369834e+00  4.297077e+00  6.777698e-08  4.077461e-03  2.763580e-10  2.310590e+08  2.424975e+03
   462  2.382706e+00  2.378428e+00  4.314179e+00  6.325706e-08  3.996939e-03  2.528346e-10  2.500502e+08  2.535275e+03
   463  2.391316e+00  2.387032e+00  4.331132e+00  5.900877e-08  3.918077e-03  2.312009e-10  2.707366e+08  2.651237e+03
   464  2.399937e+00  2.395648e+00  4.347934e+00  5.503639e-08  3.839555e-03  2.113152e-10  2.932308e+08  2.773179e+03
   465  2.408566e+00  2.404273e+00  4.364577e+00  5.131497e-08  3.761976e-03  1.930457e-10  3.177225e+08  2.901437e+03
   466  2.417205e+00  2.412907e+00  4.381063e+00  4.782802e-08  3.685442e-03  1.762674e-10  3.444077e+08  3.036388e+03
   467  2.425853e+00  2.421550e+00  4.397382e+00  4.456197e-08  3.609936e-03  1.608659e-10  3.734959e+08  3.178420e+03
   468  2.434506e+00  2.430201e+00  4.413531e+00  4.150856e-08  3.535101e-03  1.467370e-10  4.051925e+08  3.327925e+03
   469  2.443167e+00  2.438858e+00  4.429508e+00  3.864854e-08  3.461469e-03  1.337807e-10  4.397812e+08  3.485350e+03
   470  2.451834e+00  2.447522e+00  4.445308e+00  3.597579e-08  3.388533e-03  1.219052e-10  4.775115e+08  3.651171e+03
   471  2.460503e+00  2.456190e+00  4.460922e+00  3.347601e-08  3.316618e-03  1.110271e-10  5.187028e+08  3.825857e+03
   472  2.469178e+00  2.464862e+00  4.476353e+00  3.114072e-08  3.245496e-03  1.010671e-10  5.636777e+08  4.009945e+03
   473  2.477855e+00  2.473538e+00  4.491590e+00  2.895485e-08  3.175709e-03  9.195218e-11  6.128558e+08  4.203995e+03
   474  2.486533e+00  2.482216e+00  4.506634e+00  2.691891e-08  3.106190e-03  8.361525e-11  6.665436e+08  4.408598e+03
   475  2.495212e+00  2.490894e+00  4.521475e+00  2.500962e-08  3.038587e-03  7.599389e-11  7.253659e+08  4.624384e+03
   476  2.503890e+00  2.499573e+00  4.536111e+00  2.323136e-08  2.971464e-03  6.903113e-11  7.896602e+08  4.852000e+03
   477  2.512567e+00  2.508250e+00  4.550538e+00  2.157061e-08  2.905485e-03  6.267308e-11  8.600591e+08  5.092168e+03
   478  2.521240e+00  2.516925e+00  4.564753e+00  2.002423e-08  2.840070e-03  5.687020e-11  9.370867e+08  5.345655e+03
   479  2.529907e+00  2.525595e+00  4.578744e+00  1.857693e-08  2.776439e-03  5.157771e-11  1.021603e+09  5.613222e+03
   480  2.538570e+00  2.534261e+00  4.592517e+00  1.723282e-08  2.713032e-03  4.675318e-11  1.114080e+09  5.895731e+03
   481  2.547227e+00  2.542920e+00  4.606062e+00  1.597558e-08  2.651368e-03  4.235715e-11  1.215649e+09  6.194124e+03
   482  2.555871e+00  2.551570e+00  4.619369e+00  1.480651e-08  2.590436e-03  3.835530e-11  1.326970e+09  6.509244e+03
   483  2.564506e+00  2.560210e+00  4.632443e+00  1.371844e-08  2.530469e-03  3.471408e-11  1.449088e+09  6.842116e+03
   484  2.573127e+00  2.568838e+00  4.645273e+00  1.270317e-08  2.472044e-03  3.140280e-11  1.583287e+09  7.193812e+03
   485  2.581733e+00  2.577451e+00  4.657858e+00  1.176178e-08  2.414063e-03  2.839368e-11  1.730425e+09  7.565410e+03
   486  2.590322e+00  2.586049e+00  4.670191e+00  1.088337e-08  2.357797e-03  2.566078e-11  1.892271e+09  7.958081e+03
   487  2.598892e+00  2.594628e+00  4.682273e+00  1.007128e-08  2.301611e-03  2.318017e-11  2.069661e+09  8.373074e+03
   488  2.607439e+00  2.603186e+00  4.694093e+00  9.311456e-09  2.247787e-03  2.093017e-11  2.265191e+09  8.811643e+03
   489  2.615960e+00  2.611720e+00  4.705648e+00  8.608264e-09  2.194545e-03  1.889122e-11  2.479774e+09  9.274985e+03
   490  2.624452e+00  2.620227e+00  4.716936e+00  7.955970e-09  2.142362e-03  1.704457e-11  2.715567e+09  9.764506e+03
   491  2.632914e+00  2.628704e+00  4.727955e+00  7.350606e-09  2.091386e-03  1.537295e-11  2.974814e+09  1.028169e+04
   492  2.641340e+00  2.637148e+00  4.738698e+00  6.789653e-09  2.041476e-03  1.386091e-11  3.259720e+09  1.082798e+04
   493  2.649729e+00  2.645555e+00  4.749160e+00  6.267449e-09  1.993539e-03  1.249440e-11  3.573525e+09  1.140474e+04
   494  2.658072e+00  2.653920e+00  4.759340e+00  5.786593e-09  1.945943e-03  1.126038e-11  3.917527e+09  1.201342e+04
   495  2.666368e+00  2.662239e+00  4.769233e+00  5.339724e-09  1.900252e-03  1.014682e-11  4.296113e+09  1.265547e+04
   496  2.674609e+00  2.670508e+00  4.778833e+00  4.926465e-09  1.855869e-03  9.142872e-12  4.711845e+09  1.333220e+04
   497  2.682796e+00  2.678722e+00  4.788149e+00  4.546809e-09  1.811821e-03  8.238006e-12  5.166966e+09  1.404534e+04
   498  2.690918e+00  2.686876e+00  4.797166e+00  4.193492e-09  1.770152e-03  7.423118e-12  5.667857e+09  1.479620e+04
   499  2.698970e+00  2.694963e+00  4.805881e+00  3.866175e-09  1.730488e-03  6.690368e-12  6.217764e+09  1.558541e+04
