     i         log_r      log_rmid             m           rho            v2             p        trelax            kn
     0  -2.427688e+00  -2.728718e+00  4.936543e-05  2.841889e+03  6.766884e-01  1.923073e+03  4.277584e-04  9.192748e-04
     1  -2.421462e+00  -2.424564e+00  5.153900e-05  2.847476e+03  6.753607e-01  1.923073e+03  4.273386e-04  9.192748e-04
     2  -2.415240e+00  -2.418340e+00  5.380601e-05  2.846817e+03  6.753221e-01  1.922518e+03  4.274497e-04  9.194075e-04
     3  -2.409012e+00  -2.412115e+00  5.617461e-05  2.846139e+03  6.752823e-01  1.921947e+03  4.275641e-04  9.195441e-04
     4  -2.402785e+00  -2.405887e+00  5.864622e-05  2.845441e+03  6.752414e-01  1.921359e+03  4.276820e-04  9.196847e-04
     5  -2.396566e+00  -2.399664e+00  6.122269e-05  2.844723e+03  6.751993e-01  1.920755e+03  4.278032e-04  9.198294e-04
     6  -2.390335e+00  -2.393439e+00  6.391625e-05  2.843984e+03  6.751559e-01  1.920133e+03  4.279281e-04  9.199784e-04
     7  -2.384105e+00  -2.387209e+00  6.672776e-05  2.843223e+03  6.751113e-01  1.919492e+03  4.280567e-04  9.201319e-04
     8  -2.377868e+00  -2.380975e+00  6.966511e-05  2.842440e+03  6.750654e-01  1.918833e+03  4.281893e-04  9.202900e-04
     9  -2.371641e+00  -2.374743e+00  7.272580e-05  2.841635e+03  6.750181e-01  1.918155e+03  4.283256e-04  9.204526e-04
    10  -2.365408e+00  -2.368513e+00  7.592335e-05  2.840806e+03  6.749694e-01  1.917457e+03  4.284660e-04  9.206200e-04
    11  -2.359178e+00  -2.362282e+00  7.925890e-05  2.839953e+03  6.749194e-01  1.916739e+03  4.286106e-04  9.207924e-04
    12  -2.352945e+00  -2.356050e+00  8.274157e-05  2.839076e+03  6.748678e-01  1.916001e+03  4.287594e-04  9.209698e-04
    13  -2.346717e+00  -2.349820e+00  8.637379e-05  2.838174e+03  6.748148e-01  1.915242e+03  4.289125e-04  9.211524e-04
    14  -2.340489e+00  -2.343592e+00  9.016405e-05  2.837246e+03  6.747603e-01  1.914461e+03  4.290702e-04  9.213402e-04
    15  -2.334251e+00  -2.337359e+00  9.412640e-05  2.836290e+03  6.747041e-01  1.913657e+03  4.292326e-04  9.215338e-04
    16  -2.328018e+00  -2.331123e+00  9.825814e-05  2.835307e+03  6.746463e-01  1.912829e+03  4.293998e-04  9.217331e-04
    17  -2.321778e+00  -2.324887e+00  1.025750e-04  2.834295e+03  6.745868e-01  1.911978e+03  4.295721e-04  9.219382e-04
    18  -2.315548e+00  -2.318652e+00  1.070736e-04  2.833254e+03  6.745256e-01  1.911102e+03  4.297494e-04  9.221494e-04
    19  -2.309313e+00  -2.312419e+00  1.117716e-04  2.832184e+03  6.744626e-01  1.910202e+03  4.299318e-04  9.223666e-04
    20  -2.303078e+00  -2.306184e+00  1.166741e-04  2.831083e+03  6.743978e-01  1.909276e+03  4.301197e-04  9.225903e-04
    21  -2.296843e+00  -2.299950e+00  1.217905e-04  2.829950e+03  6.743311e-01  1.908323e+03  4.303132e-04  9.228206e-04
    22  -2.290608e+00  -2.293714e+00  1.271309e-04  2.828785e+03  6.742625e-01  1.907343e+03  4.305124e-04  9.230576e-04
    23  -2.284375e+00  -2.287480e+00  1.327005e-04  2.827586e+03  6.741919e-01  1.906336e+03  4.307174e-04  9.233016e-04
    24  -2.278140e+00  -2.281246e+00  1.385159e-04  2.826353e+03  6.741193e-01  1.905299e+03  4.309285e-04  9.235527e-04
    25  -2.271904e+00  -2.275011e+00  1.445845e-04  2.825085e+03  6.740445e-01  1.904233e+03  4.311459e-04  9.238112e-04
    26  -2.265671e+00  -2.268776e+00  1.509149e-04  2.823780e+03  6.739676e-01  1.903137e+03  4.313696e-04  9.240773e-04
    27  -2.259430e+00  -2.262539e+00  1.575290e-04  2.822438e+03  6.738885e-01  1.902009e+03  4.316001e-04  9.243512e-04
    28  -2.253196e+00  -2.256302e+00  1.644237e-04  2.821058e+03  6.738070e-01  1.900848e+03  4.318374e-04  9.246333e-04
    29  -2.246962e+00  -2.250068e+00  1.716176e-04  2.819638e+03  6.737232e-01  1.899656e+03  4.320817e-04  9.249235e-04
    30  -2.240728e+00  -2.243834e+00  1.791246e-04  2.818179e+03  6.736370e-01  1.898430e+03  4.323331e-04  9.252221e-04
    31  -2.234491e+00  -2.237598e+00  1.869613e-04  2.816677e+03  6.735484e-01  1.897168e+03  4.325921e-04  9.255297e-04
    32  -2.228253e+00  -2.231361e+00  1.951388e-04  2.815132e+03  6.734571e-01  1.895871e+03  4.328588e-04  9.258463e-04
    33  -2.222020e+00  -2.225125e+00  2.036668e-04  2.813544e+03  6.733632e-01  1.894537e+03  4.331333e-04  9.261721e-04
    34  -2.215784e+00  -2.218891e+00  2.125676e-04  2.811911e+03  6.732666e-01  1.893166e+03  4.334159e-04  9.265075e-04
    35  -2.209548e+00  -2.212655e+00  2.218557e-04  2.810231e+03  6.731673e-01  1.891756e+03  4.337070e-04  9.268527e-04
    36  -2.203314e+00  -2.206419e+00  2.315430e-04  2.808504e+03  6.730650e-01  1.890306e+03  4.340067e-04  9.272081e-04
    37  -2.197078e+00  -2.200185e+00  2.416522e-04  2.806728e+03  6.729599e-01  1.888816e+03  4.343152e-04  9.275738e-04
    38  -2.190842e+00  -2.193949e+00  2.522004e-04  2.804902e+03  6.728517e-01  1.887283e+03  4.346330e-04  9.279504e-04
    39  -2.184605e+00  -2.187712e+00  2.632088e-04  2.803024e+03  6.727404e-01  1.885707e+03  4.349602e-04  9.283380e-04
    40  -2.178371e+00  -2.181477e+00  2.746873e-04  2.801092e+03  6.726259e-01  1.884087e+03  4.352971e-04  9.287370e-04
    41  -2.172135e+00  -2.175242e+00  2.866651e-04  2.799107e+03  6.725081e-01  1.882422e+03  4.356440e-04  9.291477e-04
    42  -2.165901e+00  -2.169007e+00  2.991578e-04  2.797066e+03  6.723869e-01  1.880711e+03  4.360012e-04  9.295704e-04
    43  -2.159667e+00  -2.162773e+00  3.121906e-04  2.794967e+03  6.722623e-01  1.878951e+03  4.363690e-04  9.300054e-04
    44  -2.153432e+00  -2.156538e+00  3.257907e-04  2.792810e+03  6.721341e-01  1.877143e+03  4.367477e-04  9.304534e-04
    45  -2.147197e+00  -2.150303e+00  3.399746e-04  2.790591e+03  6.720022e-01  1.875284e+03  4.371378e-04  9.309145e-04
    46  -2.140962e+00  -2.144068e+00  3.547724e-04  2.788311e+03  6.718666e-01  1.873373e+03  4.375395e-04  9.313891e-04
    47  -2.134728e+00  -2.137834e+00  3.702053e-04  2.785967e+03  6.717271e-01  1.871409e+03  4.379532e-04  9.318776e-04
    48  -2.128496e+00  -2.131601e+00  3.863001e-04  2.783557e+03  6.715836e-01  1.869391e+03  4.383791e-04  9.323804e-04
    49  -2.122260e+00  -2.125367e+00  4.030957e-04  2.781080e+03  6.714359e-01  1.867317e+03  4.388177e-04  9.328981e-04
    50  -2.116026e+00  -2.119132e+00  4.206106e-04  2.778534e+03  6.712841e-01  1.865186e+03  4.392696e-04  9.334310e-04
    51  -2.109792e+00  -2.112898e+00  4.388801e-04  2.775917e+03  6.711279e-01  1.862995e+03  4.397349e-04  9.339796e-04
    52  -2.103558e+00  -2.106664e+00  4.579325e-04  2.773227e+03  6.709673e-01  1.860745e+03  4.402141e-04  9.345443e-04
    53  -2.097321e+00  -2.100428e+00  4.778138e-04  2.770462e+03  6.708021e-01  1.858431e+03  4.407077e-04  9.351257e-04
    54  -2.091089e+00  -2.094194e+00  4.985347e-04  2.767620e+03  6.706322e-01  1.856055e+03  4.412161e-04  9.357242e-04
    55  -2.084855e+00  -2.087961e+00  5.201481e-04  2.764700e+03  6.704575e-01  1.853614e+03  4.417396e-04  9.363401e-04
    56  -2.078621e+00  -2.081727e+00  5.426885e-04  2.761699e+03  6.702778e-01  1.851106e+03  4.422789e-04  9.369742e-04
    57  -2.072387e+00  -2.075493e+00  5.661971e-04  2.758616e+03  6.700929e-01  1.848529e+03  4.428343e-04  9.376271e-04
    58  -2.066154e+00  -2.069259e+00  5.907064e-04  2.755447e+03  6.699029e-01  1.845882e+03  4.434065e-04  9.382991e-04
    59  -2.059920e+00  -2.063026e+00  6.162668e-04  2.752191e+03  6.697074e-01  1.843163e+03  4.439958e-04  9.389910e-04
    60  -2.053686e+00  -2.056792e+00  6.429189e-04  2.748846e+03  6.695064e-01  1.840370e+03  4.446029e-04  9.397032e-04
    61  -2.047452e+00  -2.050558e+00  6.707104e-04  2.745408e+03  6.692997e-01  1.837501e+03  4.452282e-04  9.404364e-04
    62  -2.041219e+00  -2.044324e+00  6.996861e-04  2.741877e+03  6.690872e-01  1.834555e+03  4.458725e-04  9.411913e-04
    63  -2.034985e+00  -2.038091e+00  7.298974e-04  2.738249e+03  6.688686e-01  1.831529e+03  4.465362e-04  9.419685e-04
    64  -2.028751e+00  -2.031857e+00  7.613962e-04  2.734522e+03  6.686439e-01  1.828422e+03  4.472199e-04  9.427686e-04
    65  -2.022517e+00  -2.025623e+00  7.942322e-04  2.730694e+03  6.684128e-01  1.825231e+03  4.479243e-04  9.435923e-04
    66  -2.016282e+00  -2.019389e+00  8.284723e-04  2.726761e+03  6.681752e-01  1.821954e+03  4.486501e-04  9.444404e-04
    67  -2.010048e+00  -2.013154e+00  8.641640e-04  2.722721e+03  6.679308e-01  1.818590e+03  4.493979e-04  9.453136e-04
    68  -2.003814e+00  -2.006920e+00  9.013664e-04  2.718573e+03  6.676796e-01  1.815136e+03  4.501684e-04  9.462126e-04
    69  -1.997579e+00  -2.000685e+00  9.401486e-04  2.714312e+03  6.674214e-01  1.811590e+03  4.509623e-04  9.471382e-04
    70  -1.991343e+00  -1.994450e+00  9.805784e-04  2.709936e+03  6.671558e-01  1.807949e+03  4.517804e-04  9.480912e-04
    71  -1.985107e+00  -1.988214e+00  1.022722e-03  2.705441e+03  6.668828e-01  1.804212e+03  4.526235e-04  9.490726e-04
    72  -1.978871e+00  -1.981978e+00  1.066645e-03  2.700826e+03  6.666020e-01  1.800376e+03  4.534924e-04  9.500832e-04
    73  -1.972635e+00  -1.975742e+00  1.112418e-03  2.696088e+03  6.663135e-01  1.796440e+03  4.543878e-04  9.511236e-04
    74  -1.966399e+00  -1.969506e+00  1.160127e-03  2.691223e+03  6.660168e-01  1.792400e+03  4.553106e-04  9.521949e-04
    75  -1.960162e+00  -1.963269e+00  1.209843e-03  2.686228e+03  6.657118e-01  1.788254e+03  4.562617e-04  9.532980e-04
    76  -1.953924e+00  -1.957032e+00  1.261660e-03  2.681100e+03  6.653983e-01  1.784000e+03  4.572420e-04  9.544340e-04
    77  -1.947687e+00  -1.950794e+00  1.315650e-03  2.675836e+03  6.650761e-01  1.779634e+03  4.582525e-04  9.556038e-04
    78  -1.941448e+00  -1.944556e+00  1.371910e-03  2.670433e+03  6.647448e-01  1.775156e+03  4.592941e-04  9.568084e-04
    79  -1.935209e+00  -1.938317e+00  1.430537e-03  2.664886e+03  6.644042e-01  1.770562e+03  4.603680e-04  9.580490e-04
    80  -1.928969e+00  -1.932078e+00  1.491613e-03  2.659194e+03  6.640542e-01  1.765849e+03  4.614751e-04  9.593266e-04
    81  -1.922729e+00  -1.925838e+00  1.555254e-03  2.653352e+03  6.636944e-01  1.761015e+03  4.626164e-04  9.606424e-04
    82  -1.916487e+00  -1.919597e+00  1.621555e-03  2.647357e+03  6.633246e-01  1.756057e+03  4.637933e-04  9.619976e-04
    83  -1.910245e+00  -1.913355e+00  1.690622e-03  2.641205e+03  6.629446e-01  1.750972e+03  4.650068e-04  9.633933e-04
    84  -1.904002e+00  -1.907113e+00  1.762572e-03  2.634893e+03  6.625539e-01  1.745759e+03  4.662581e-04  9.648308e-04
    85  -1.897758e+00  -1.900869e+00  1.837521e-03  2.628417e+03  6.621525e-01  1.740413e+03  4.675486e-04  9.663114e-04
    86  -1.891513e+00  -1.894624e+00  1.915590e-03  2.621773e+03  6.617399e-01  1.734932e+03  4.688795e-04  9.678366e-04
    87  -1.885267e+00  -1.888379e+00  1.996900e-03  2.614958e+03  6.613159e-01  1.729313e+03  4.702522e-04  9.694076e-04
    88  -1.879020e+00  -1.882132e+00  2.081586e-03  2.607968e+03  6.608801e-01  1.723554e+03  4.716680e-04  9.710259e-04
    89  -1.872771e+00  -1.875884e+00  2.169788e-03  2.600798e+03  6.604323e-01  1.717651e+03  4.731287e-04  9.726931e-04
    90  -1.866521e+00  -1.869635e+00  2.261641e-03  2.593444e+03  6.599722e-01  1.711601e+03  4.746356e-04  9.744106e-04
    91  -1.860269e+00  -1.863383e+00  2.357288e-03  2.585903e+03  6.594993e-01  1.705401e+03  4.761903e-04  9.761801e-04
    92  -1.854016e+00  -1.857131e+00  2.456877e-03  2.578171e+03  6.590135e-01  1.699050e+03  4.777944e-04  9.780031e-04
    93  -1.847761e+00  -1.850877e+00  2.560586e-03  2.570243e+03  6.585143e-01  1.692542e+03  4.794498e-04  9.798814e-04
    94  -1.841505e+00  -1.844621e+00  2.668544e-03  2.562116e+03  6.580014e-01  1.685876e+03  4.811581e-04  9.818169e-04
    95  -1.835246e+00  -1.838364e+00  2.780947e-03  2.553785e+03  6.574744e-01  1.679048e+03  4.829212e-04  9.838111e-04
    96  -1.828986e+00  -1.832105e+00  2.897949e-03  2.545245e+03  6.569330e-01  1.672056e+03  4.847411e-04  9.858660e-04
    97  -1.822724e+00  -1.825844e+00  3.019750e-03  2.536494e+03  6.563768e-01  1.664895e+03  4.866196e-04  9.879837e-04
    98  -1.816460e+00  -1.819580e+00  3.146529e-03  2.527525e+03  6.558053e-01  1.657564e+03  4.885591e-04  9.901662e-04
    99  -1.810193e+00  -1.813315e+00  3.278481e-03  2.518335e+03  6.552183e-01  1.650059e+03  4.905616e-04  9.924155e-04
   100  -1.803924e+00  -1.807047e+00  3.415810e-03  2.508919e+03  6.546153e-01  1.642376e+03  4.926294e-04  9.947339e-04
   101  -1.797652e+00  -1.800777e+00  3.558731e-03  2.499272e+03  6.539958e-01  1.634514e+03  4.947650e-04  9.971236e-04
   102  -1.791378e+00  -1.794504e+00  3.707443e-03  2.489391e+03  6.533595e-01  1.626467e+03  4.969707e-04  9.995869e-04
   103  -1.785101e+00  -1.788228e+00  3.862193e-03  2.479271e+03  6.527060e-01  1.618235e+03  4.992491e-04  1.002126e-03
   104  -1.778821e+00  -1.781949e+00  4.023197e-03  2.468906e+03  6.520347e-01  1.609812e+03  5.016030e-04  1.004744e-03
   105  -1.772538e+00  -1.775668e+00  4.190697e-03  2.458293e+03  6.513453e-01  1.601198e+03  5.040350e-04  1.007444e-03
   106  -1.766251e+00  -1.769383e+00  4.364955e-03  2.447427e+03  6.506372e-01  1.592387e+03  5.065482e-04  1.010227e-03
   107  -1.759961e+00  -1.763095e+00  4.546218e-03  2.436303e+03  6.499100e-01  1.583378e+03  5.091457e-04  1.013097e-03
   108  -1.753668e+00  -1.756803e+00  4.734748e-03  2.424917e+03  6.491632e-01  1.574167e+03  5.118306e-04  1.016057e-03
   109  -1.747370e+00  -1.750508e+00  4.930837e-03  2.413263e+03  6.483964e-01  1.564751e+03  5.146062e-04  1.019109e-03
   110  -1.741069e+00  -1.744208e+00  5.134764e-03  2.401338e+03  6.476089e-01  1.555128e+03  5.174761e-04  1.022257e-03
   111  -1.734764e+00  -1.737905e+00  5.346829e-03  2.389136e+03  6.468002e-01  1.545294e+03  5.204440e-04  1.025505e-03
   112  -1.728454e+00  -1.731597e+00  5.567324e-03  2.376653e+03  6.459699e-01  1.535246e+03  5.235137e-04  1.028855e-03
   113  -1.722139e+00  -1.725285e+00  5.796581e-03  2.363885e+03  6.451174e-01  1.524983e+03  5.266891e-04  1.032311e-03
   114  -1.715820e+00  -1.718968e+00  6.034915e-03  2.350826e+03  6.442422e-01  1.514501e+03  5.299745e-04  1.035878e-03
   115  -1.709496e+00  -1.712647e+00  6.282676e-03  2.337472e+03  6.433436e-01  1.503798e+03  5.333742e-04  1.039558e-03
   116  -1.703166e+00  -1.706320e+00  6.540210e-03  2.323819e+03  6.424210e-01  1.492870e+03  5.368931e-04  1.043355e-03
   117  -1.696831e+00  -1.699987e+00  6.807874e-03  2.309862e+03  6.414740e-01  1.481716e+03  5.405358e-04  1.047275e-03
   118  -1.690491e+00  -1.693649e+00  7.086044e-03  2.295596e+03  6.405018e-01  1.470333e+03  5.443075e-04  1.051321e-03
   119  -1.684144e+00  -1.687305e+00  7.375103e-03  2.281018e+03  6.395039e-01  1.458720e+03  5.482135e-04  1.055498e-03
   120  -1.677790e+00  -1.680955e+00  7.675455e-03  2.266122e+03  6.384795e-01  1.446873e+03  5.522595e-04  1.059810e-03
   121  -1.671431e+00  -1.674599e+00  7.987504e-03  2.250905e+03  6.374281e-01  1.434790e+03  5.564514e-04  1.064263e-03
   122  -1.665064e+00  -1.668236e+00  8.311671e-03  2.235362e+03  6.363490e-01  1.422471e+03  5.607953e-04  1.068862e-03
   123  -1.658689e+00  -1.661865e+00  8.648426e-03  2.219490e+03  6.352415e-01  1.409912e+03  5.652980e-04  1.073612e-03
   124  -1.652308e+00  -1.655487e+00  8.998165e-03  2.203283e+03  6.341049e-01  1.397113e+03  5.699662e-04  1.078518e-03
   125  -1.645919e+00  -1.649102e+00  9.361386e-03  2.186740e+03  6.329385e-01  1.384072e+03  5.748070e-04  1.083587e-03
   126  -1.639521e+00  -1.642708e+00  9.738557e-03  2.169856e+03  6.317416e-01  1.370788e+03  5.798283e-04  1.088825e-03
   127  -1.633115e+00  -1.636306e+00  1.013019e-02  2.152626e+03  6.305134e-01  1.357260e+03  5.850382e-04  1.094238e-03
   128  -1.626699e+00  -1.629895e+00  1.053678e-02  2.135048e+03  6.292532e-01  1.343486e+03  5.904451e-04  1.099833e-03
   129  -1.620275e+00  -1.623475e+00  1.095886e-02  2.117119e+03  6.279602e-01  1.329466e+03  5.960582e-04  1.105617e-03
   130  -1.613840e+00  -1.617045e+00  1.139696e-02  2.098835e+03  6.266335e-01  1.315200e+03  6.018869e-04  1.111597e-03
   131  -1.607395e+00  -1.610606e+00  1.185164e-02  2.080193e+03  6.252724e-01  1.300688e+03  6.079413e-04  1.117781e-03
   132  -1.600940e+00  -1.604156e+00  1.232348e-02  2.061192e+03  6.238761e-01  1.285928e+03  6.142320e-04  1.124177e-03
   133  -1.594473e+00  -1.597694e+00  1.281308e-02  2.041827e+03  6.224437e-01  1.270922e+03  6.207705e-04  1.130795e-03
   134  -1.587995e+00  -1.591222e+00  1.332102e-02  2.022097e+03  6.209743e-01  1.255670e+03  6.275687e-04  1.137642e-03
   135  -1.581504e+00  -1.584737e+00  1.384795e-02  2.002000e+03  6.194671e-01  1.240173e+03  6.346391e-04  1.144727e-03
   136  -1.575001e+00  -1.578240e+00  1.439450e-02  1.981534e+03  6.179212e-01  1.224432e+03  6.419955e-04  1.152062e-03
   137  -1.568484e+00  -1.571730e+00  1.496132e-02  1.960697e+03  6.163355e-01  1.208447e+03  6.496522e-04  1.159657e-03
   138  -1.561954e+00  -1.565207e+00  1.554911e-02  1.939489e+03  6.147093e-01  1.192222e+03  6.576242e-04  1.167521e-03
   139  -1.555409e+00  -1.558669e+00  1.615855e-02  1.917908e+03  6.130415e-01  1.175757e+03  6.659279e-04  1.175667e-03
   140  -1.548849e+00  -1.552117e+00  1.679038e-02  1.895954e+03  6.113311e-01  1.159056e+03  6.745806e-04  1.184107e-03
   141  -1.542274e+00  -1.545549e+00  1.744530e-02  1.873627e+03  6.095771e-01  1.142120e+03  6.836007e-04  1.192854e-03
   142  -1.535681e+00  -1.538965e+00  1.812408e-02  1.850927e+03  6.077785e-01  1.124954e+03  6.930077e-04  1.201921e-03
   143  -1.529072e+00  -1.532364e+00  1.882751e-02  1.827854e+03  6.059343e-01  1.107559e+03  7.028226e-04  1.211322e-03
   144  -1.522445e+00  -1.525746e+00  1.955637e-02  1.804409e+03  6.040433e-01  1.089941e+03  7.130681e-04  1.221073e-03
   145  -1.515799e+00  -1.519109e+00  2.031146e-02  1.780594e+03  6.021045e-01  1.072104e+03  7.237677e-04  1.231189e-03
   146  -1.509134e+00  -1.512454e+00  2.109364e-02  1.756410e+03  6.001168e-01  1.054051e+03  7.349474e-04  1.241688e-03
   147  -1.502448e+00  -1.505778e+00  2.190376e-02  1.731859e+03  5.980789e-01  1.035788e+03  7.466347e-04  1.252586e-03
   148  -1.495741e+00  -1.499082e+00  2.274267e-02  1.706945e+03  5.959898e-01  1.017322e+03  7.588589e-04  1.263904e-03
   149  -1.489012e+00  -1.492363e+00  2.361129e-02  1.681671e+03  5.938481e-01  9.986570e+02  7.716518e-04  1.275660e-03
   150  -1.482259e+00  -1.485622e+00  2.451054e-02  1.656039e+03  5.916528e-01  9.798003e+02  7.850474e-04  1.287877e-03
   151  -1.475483e+00  -1.478858e+00  2.544136e-02  1.630055e+03  5.894025e-01  9.607586e+02  7.990826e-04  1.300577e-03
   152  -1.468681e+00  -1.472068e+00  2.640469e-02  1.603724e+03  5.870958e-01  9.415396e+02  8.137967e-04  1.313784e-03
   153  -1.461852e+00  -1.465253e+00  2.740152e-02  1.577050e+03  5.847316e-01  9.221511e+02  8.292323e-04  1.327523e-03
   154  -1.454996e+00  -1.458411e+00  2.843287e-02  1.550040e+03  5.823085e-01  9.026015e+02  8.454355e-04  1.341823e-03
   155  -1.448111e+00  -1.451540e+00  2.949974e-02  1.522701e+03  5.798250e-01  8.829000e+02  8.624560e-04  1.356711e-03
   156  -1.441196e+00  -1.444640e+00  3.060319e-02  1.495039e+03  5.772798e-01  8.630559e+02  8.803478e-04  1.372220e-03
   157  -1.434249e+00  -1.437709e+00  3.174428e-02  1.467063e+03  5.746713e-01  8.430792e+02  8.991691e-04  1.388382e-03
   158  -1.427269e+00  -1.430745e+00  3.292412e-02  1.438782e+03  5.719982e-01  8.229805e+02  9.189836e-04  1.405233e-03
   159  -1.420255e+00  -1.423748e+00  3.414379e-02  1.410204e+03  5.692587e-01  8.027710e+02  9.398600e-04  1.422812e-03
   160  -1.413204e+00  -1.416715e+00  3.540444e-02  1.381340e+03  5.664515e-01  7.824623e+02  9.618735e-04  1.441158e-03
   161  -1.406116e+00  -1.409646e+00  3.670722e-02  1.352201e+03  5.635748e-01  7.620666e+02  9.851058e-04  1.460316e-03
   162  -1.398988e+00  -1.402537e+00  3.805332e-02  1.322799e+03  5.606270e-01  7.415966e+02  1.009646e-03  1.480333e-03
   163  -1.391818e+00  -1.395388e+00  3.944390e-02  1.293145e+03  5.576064e-01  7.210658e+02  1.035593e-03  1.501260e-03
   164  -1.384605e+00  -1.388197e+00  4.088021e-02  1.263253e+03  5.545113e-01  7.004880e+02  1.063052e-03  1.523151e-03
   165  -1.377346e+00  -1.380960e+00  4.236348e-02  1.233137e+03  5.513397e-01  6.798776e+02  1.092142e-03  1.546066e-03
   166  -1.370039e+00  -1.373677e+00  4.389496e-02  1.202813e+03  5.480899e-01  6.592494e+02  1.122991e-03  1.570068e-03
   167  -1.362682e+00  -1.366345e+00  4.547592e-02  1.172295e+03  5.447599e-01  6.386192e+02  1.155741e-03  1.595226e-03
   168  -1.355272e+00  -1.358961e+00  4.710768e-02  1.141600e+03  5.413477e-01  6.180027e+02  1.190550e-03  1.621616e-03
   169  -1.347807e+00  -1.351523e+00  4.879156e-02  1.110747e+03  5.378513e-01  5.974164e+02  1.227592e-03  1.649319e-03
   170  -1.340283e+00  -1.344029e+00  5.052886e-02  1.079752e+03  5.342685e-01  5.768776e+02  1.267057e-03  1.678423e-03
   171  -1.332698e+00  -1.336474e+00  5.232095e-02  1.048637e+03  5.305972e-01  5.564038e+02  1.309159e-03  1.709024e-03
   172  -1.325049e+00  -1.328857e+00  5.416922e-02  1.017421e+03  5.268350e-01  5.360129e+02  1.354135e-03  1.741228e-03
   173  -1.317332e+00  -1.321174e+00  5.607503e-02  9.861250e+02  5.229797e-01  5.157233e+02  1.402251e-03  1.775149e-03
   174  -1.309544e+00  -1.313420e+00  5.803982e-02  9.547717e+02  5.190287e-01  4.955539e+02  1.453800e-03  1.810914e-03
   175  -1.301680e+00  -1.305594e+00  6.006498e-02  9.233840e+02  5.149795e-01  4.755238e+02  1.509116e-03  1.848660e-03
   176  -1.293736e+00  -1.297690e+00  6.215198e-02  8.919862e+02  5.108294e-01  4.556527e+02  1.568570e-03  1.888540e-03
   177  -1.285708e+00  -1.289704e+00  6.430225e-02  8.606031e+02  5.065756e-01  4.359606e+02  1.632582e-03  1.930722e-03
   178  -1.277592e+00  -1.281631e+00  6.651726e-02  8.292611e+02  5.022154e-01  4.164677e+02  1.701624e-03  1.975389e-03
   179  -1.269382e+00  -1.273467e+00  6.879851e-02  7.979870e+02  4.977455e-01  3.971944e+02  1.776235e-03  2.022748e-03
   180  -1.261072e+00  -1.265207e+00  7.114747e-02  7.668087e+02  4.931629e-01  3.781616e+02  1.857025e-03  2.073025e-03
   181  -1.252656e+00  -1.256844e+00  7.356565e-02  7.357554e+02  4.884643e-01  3.593902e+02  1.944689e-03  2.126474e-03
   182  -1.244129e+00  -1.248372e+00  7.605458e-02  7.048569e+02  4.836460e-01  3.409012e+02  2.040024e-03  2.183378e-03
   183  -1.235483e+00  -1.239784e+00  7.861579e-02  6.741438e+02  4.787044e-01  3.227156e+02  2.143945e-03  2.244054e-03
   184  -1.226710e+00  -1.231074e+00  8.125079e-02  6.436481e+02  4.736357e-01  3.048547e+02  2.257508e-03  2.308856e-03
   185  -1.217802e+00  -1.222233e+00  8.396115e-02  6.134024e+02  4.684356e-01  2.873395e+02  2.381933e-03  2.378185e-03
   186  -1.208751e+00  -1.213253e+00  8.674840e-02  5.834402e+02  4.630999e-01  2.701911e+02  2.518641e-03  2.452493e-03
   187  -1.199545e+00  -1.204124e+00  8.961413e-02  5.537960e+02  4.576237e-01  2.534302e+02  2.669291e-03  2.532294e-03
   188  -1.190175e+00  -1.194835e+00  9.255987e-02  5.245050e+02  4.520022e-01  2.370774e+02  2.835830e-03  2.618172e-03
   189  -1.180629e+00  -1.185376e+00  9.558720e-02  4.956033e+02  4.462301e-01  2.211531e+02  3.020553e-03  2.710795e-03
   190  -1.170893e+00  -1.175734e+00  9.869768e-02  4.671278e+02  4.403016e-01  2.056771e+02  3.226184e-03  2.810932e-03
   191  -1.160953e+00  -1.165895e+00  1.018929e-01  4.391161e+02  4.342106e-01  1.906689e+02  3.455973e-03  2.919465e-03
   192  -1.150793e+00  -1.155843e+00  1.051744e-01  4.116065e+02  4.279506e-01  1.761472e+02  3.713821e-03  3.037423e-03
   193  -1.140394e+00  -1.145563e+00  1.085438e-01  3.846378e+02  4.215143e-01  1.621303e+02  4.004441e-03  3.166002e-03
   194  -1.129738e+00  -1.135033e+00  1.120026e-01  3.582495e+02  4.148940e-01  1.486356e+02  4.333570e-03  3.306602e-03
   195  -1.118800e+00  -1.124234e+00  1.155524e-01  3.324818e+02  4.080811e-01  1.356795e+02  4.708244e-03  3.460876e-03
   196  -1.107556e+00  -1.113142e+00  1.191948e-01  3.073750e+02  4.010665e-01  1.232778e+02  5.137161e-03  3.630787e-03
   197  -1.095976e+00  -1.101728e+00  1.229312e-01  2.829703e+02  3.938399e-01  1.114450e+02  5.631179e-03  3.818678e-03
   198  -1.084029e+00  -1.089961e+00  1.267634e-01  2.593087e+02  3.863899e-01  1.001943e+02  6.203975e-03  4.027373e-03
   199  -1.071674e+00  -1.077807e+00  1.306927e-01  2.364315e+02  3.787041e-01  8.953758e+01  6.872973e-03  4.260304e-03
   200  -1.058869e+00  -1.065225e+00  1.347208e-01  2.143804e+02  3.707683e-01  7.948547e+01  7.660614e-03  4.521675e-03
   201  -1.045563e+00  -1.052166e+00  1.388490e-01  1.931968e+02  3.625670e-01  7.004680e+01  8.596186e-03  4.816694e-03
   202  -1.031696e+00  -1.038574e+00  1.430790e-01  1.729222e+02  3.540823e-01  6.122867e+01  9.718455e-03  5.151881e-03
   203  -1.017196e+00  -1.024385e+00  1.474123e-01  1.535974e+02  3.452938e-01  5.303622e+01  1.107954e-02  5.535502e-03
   204  -1.001978e+00  -1.009520e+00  1.518502e-01  1.352631e+02  3.361784e-01  4.547252e+01  1.275075e-02  5.978176e-03
   205  -9.859400e-01  -9.938850e-01  1.563943e-01  1.179593e+02  3.267091e-01  3.853837e+01  1.483158e-02  6.493766e-03
   206  -9.689552e-01  -9.773645e-01  1.610460e-01  1.017250e+02  3.168545e-01  3.223201e+01  1.746395e-02  7.100674e-03
   207  -9.508669e-01  -9.598169e-01  1.658067e-01  8.659799e+01  3.065775e-01  2.654899e+01  2.085557e-02  7.823827e-03
   208  -9.314769e-01  -9.410637e-01  1.706778e-01  7.261461e+01  2.958337e-01  2.148185e+01  2.531933e-02  8.697760e-03
   209  -9.105296e-01  -9.208770e-01  1.756607e-01  5.980921e+01  2.845695e-01  1.701988e+01  3.134280e-02  9.771586e-03
   210  -8.876884e-01  -8.989588e-01  1.807567e-01  4.821366e+01  2.727188e-01  1.314877e+01  3.971663e-02  1.111733e-02
   211  -8.624971e-01  -8.749101e-01  1.859671e-01  3.785655e+01  2.601989e-01  9.850232e+00  5.178527e-02  1.284458e-02
   212  -8.343187e-01  -8.481794e-01  1.912933e-01  2.876225e+01  2.469039e-01  7.101513e+00  6.997020e-02  1.512752e-02
   213  -8.022267e-01  -8.179763e-01  1.967366e-01  2.094947e+01  2.326951e-01  4.874840e+00  9.895399e-02  1.825842e-02
   214  -7.648084e-01  -7.831147e-01  2.022981e-01  1.442901e+01  2.173848e-01  3.136648e+00  1.486445e-01  2.276200e-02
   215  -7.197755e-01  -7.417085e-01  2.079790e-01  9.200283e+00  2.007105e-01  1.846594e+00  2.426128e-01  2.966590e-02
   216  -6.631291e-01  -6.905294e-01  2.137806e-01  5.245078e+00  1.822906e-01  9.561284e-01  4.465457e-01  4.122732e-02
   217  -5.872238e-01  -6.235202e-01  2.197041e-01  2.515655e+00  1.615578e-01  4.064235e-01  9.889744e-01  6.323446e-02
   218  -4.762410e-01  -5.281968e-01  2.257504e-01  9.091504e-01  1.377594e-01  1.252440e-01  2.963491e+00  1.139108e-01
   219  -3.006687e-01  -3.796422e-01  2.319208e-01  2.102349e-01  1.110555e-01  2.334774e-02  1.427333e+01  2.638280e-01
   220  -4.930369e-02  -1.570486e-01  2.382162e-01  3.222646e-02  8.784923e-02  2.831070e-03  1.046932e+02  7.576488e-01
   221  1.863896e-01  8.433944e-02  2.446377e-01  6.614442e-03  7.447562e-02  4.926147e-04  5.539872e+02  1.816308e+00
   222  3.434367e-01  2.719736e-01  2.511862e-01  2.767358e-03  6.524737e-02  1.805628e-04  1.414663e+03  3.000054e+00
   223  4.472783e-01  3.984537e-01  2.578626e-01  1.780808e-03  5.875564e-02  1.046325e-04  2.316638e+03  3.941032e+00
   224  5.216727e-01  4.860665e-01  2.646680e-01  1.383244e-03  5.423247e-02  7.501671e-05  3.104357e+03  4.654406e+00
   225  5.787412e-01  5.511437e-01  2.716031e-01  1.172221e-03  5.091671e-02  5.968566e-05  3.780595e+03  5.218050e+00
   226  6.247371e-01  6.023478e-01  2.786687e-01  1.040332e-03  4.835346e-02  5.030368e-05  4.371335e+03  5.683860e+00
   227  6.631602e-01  6.443734e-01  2.858656e-01  9.488973e-04  4.628693e-02  4.392154e-05  4.898370e+03  6.082813e+00
   228  6.961247e-01  6.799551e-01  2.931946e-01  8.808767e-04  4.456688e-02  3.925793e-05  5.377479e+03  6.433978e+00
   229  7.249907e-01  7.107975e-01  3.006563e-01  8.276449e-04  4.309984e-02  3.567136e-05  5.819935e+03  6.749683e+00
   230  7.506783e-01  7.380244e-01  3.082514e-01  7.843734e-04  4.182451e-02  3.280603e-05  6.233927e+03  7.038278e+00
   231  7.738358e-01  7.624114e-01  3.159805e-01  7.481482e-04  4.069884e-02  3.044877e-05  6.625541e+03  7.305642e+00
   232  7.949360e-01  7.845140e-01  3.238442e-01  7.171043e-04  3.969292e-02  2.846397e-05  6.999405e+03  7.556063e+00
   233  8.143330e-01  8.047428e-01  3.318430e-01  6.899912e-04  3.878478e-02  2.676115e-05  7.359119e+03  7.792752e+00
   234  8.322988e-01  8.234088e-01  3.399773e-01  6.659378e-04  3.795784e-02  2.527756e-05  7.707537e+03  8.018178e+00
   235  8.490462e-01  8.407533e-01  3.482476e-01  6.443180e-04  3.719935e-02  2.396821e-05  8.046964e+03  8.234276e+00
   236  8.647448e-01  8.569665e-01  3.566544e-01  6.246696e-04  3.649928e-02  2.279999e-05  8.379296e+03  8.442595e+00
   237  8.795318e-01  8.722013e-01  3.651978e-01  6.066435e-04  3.584960e-02  2.174793e-05  8.706113e+03  8.644389e+00
   238  8.935197e-01  8.865821e-01  3.738783e-01  5.899712e-04  3.524381e-02  2.079283e-05  9.028753e+03  8.840696e+00
   239  9.068017e-01  9.002115e-01  3.826961e-01  5.744421e-04  3.467657e-02  1.991968e-05  9.348366e+03  9.032377e+00
   240  9.194560e-01  9.131749e-01  3.916514e-01  5.598890e-04  3.414343e-02  1.911653e-05  9.665948e+03  9.220165e+00
   241  9.315487e-01  9.255444e-01  4.007443e-01  5.461775e-04  3.364068e-02  1.837378e-05  9.982374e+03  9.404680e+00
   242  9.431362e-01  9.373811e-01  4.099751e-01  5.331977e-04  3.316514e-02  1.768357e-05  1.029843e+04  9.586459e+00
   243  9.542671e-01  9.487373e-01  4.193438e-01  5.208594e-04  3.271411e-02  1.703945e-05  1.061480e+04  9.765972e+00
   244  9.649833e-01  9.596582e-01  4.288503e-01  5.090877e-04  3.228526e-02  1.643603e-05  1.093214e+04  9.943627e+00
   245  9.753214e-01  9.701831e-01  4.384948e-01  4.978198e-04  3.187658e-02  1.586879e-05  1.125102e+04  1.011979e+01
   246  9.853136e-01  9.803462e-01  4.482772e-01  4.870026e-04  3.148630e-02  1.533391e-05  1.157199e+04  1.029477e+01
   247  9.949880e-01  9.901777e-01  4.581974e-01  4.765912e-04  3.111287e-02  1.482812e-05  1.189553e+04  1.046888e+01
   248  1.004370e+00  9.997042e-01  4.682552e-01  4.665470e-04  3.075492e-02  1.434862e-05  1.222214e+04  1.064237e+01
   249  1.013481e+00  1.008949e+00  4.784506e-01  4.568370e-04  3.041124e-02  1.389298e-05  1.255225e+04  1.081547e+01
   250  1.022342e+00  1.017934e+00  4.887832e-01  4.474324e-04  3.008075e-02  1.345910e-05  1.288630e+04  1.098842e+01
   251  1.030970e+00  1.026677e+00  4.992529e-01  4.383085e-04  2.976247e-02  1.304514e-05  1.322469e+04  1.116140e+01
   252  1.039381e+00  1.035196e+00  5.098594e-01  4.294435e-04  2.945553e-02  1.264949e-05  1.356784e+04  1.133462e+01
   253  1.047590e+00  1.043505e+00  5.206023e-01  4.208184e-04  2.915915e-02  1.227071e-05  1.391611e+04  1.150823e+01
   254  1.055610e+00  1.051618e+00  5.314812e-01  4.124166e-04  2.887261e-02  1.190754e-05  1.426990e+04  1.168240e+01
   255  1.063453e+00  1.059549e+00  5.424959e-01  4.042232e-04  2.859525e-02  1.155887e-05  1.462958e+04  1.185730e+01
   256  1.071130e+00  1.067309e+00  5.536457e-01  3.962253e-04  2.832650e-02  1.122368e-05  1.499551e+04  1.203305e+01
   257  1.078651e+00  1.074907e+00  5.649304e-01  3.884112e-04  2.806580e-02  1.090107e-05  1.536808e+04  1.220980e+01
   258  1.086024e+00  1.082353e+00  5.763493e-01  3.807706e-04  2.781265e-02  1.059024e-05  1.574764e+04  1.238769e+01
   259  1.093260e+00  1.089657e+00  5.879020e-01  3.732942e-04  2.756660e-02  1.029045e-05  1.613456e+04  1.256684e+01
   260  1.100364e+00  1.096826e+00  5.995879e-01  3.659738e-04  2.732723e-02  1.000105e-05  1.652921e+04  1.274737e+01
   261  1.107344e+00  1.103868e+00  6.114063e-01  3.588020e-04  2.709414e-02  9.721433e-06  1.693197e+04  1.292939e+01
   262  1.114208e+00  1.110789e+00  6.233566e-01  3.517720e-04  2.686698e-02  9.451051e-06  1.734320e+04  1.311303e+01
   263  1.120960e+00  1.117597e+00  6.354383e-01  3.448779e-04  2.664539e-02  9.189407e-06  1.776330e+04  1.329840e+01
   264  1.127607e+00  1.124296e+00  6.476505e-01  3.381141e-04  2.642908e-02  8.936045e-06  1.819264e+04  1.348561e+01
   265  1.134154e+00  1.130893e+00  6.599927e-01  3.314758e-04  2.621774e-02  8.690547e-06  1.863162e+04  1.367476e+01
   266  1.140606e+00  1.137392e+00  6.724639e-01  3.249583e-04  2.601111e-02  8.452527e-06  1.908064e+04  1.386596e+01
   267  1.146967e+00  1.143798e+00  6.850636e-01  3.185577e-04  2.580893e-02  8.221631e-06  1.954011e+04  1.405932e+01
   268  1.153243e+00  1.150116e+00  6.977908e-01  3.122700e-04  2.561095e-02  7.997531e-06  2.001045e+04  1.425494e+01
   269  1.159436e+00  1.156350e+00  7.106448e-01  3.060920e-04  2.541695e-02  7.779925e-06  2.049209e+04  1.445292e+01
   270  1.165551e+00  1.162504e+00  7.236247e-01  3.000205e-04  2.522672e-02  7.568532e-06  2.098547e+04  1.465337e+01
   271  1.171591e+00  1.168582e+00  7.367296e-01  2.940525e-04  2.504005e-02  7.363089e-06  2.149105e+04  1.485639e+01
   272  1.177560e+00  1.174586e+00  7.499587e-01  2.881853e-04  2.485677e-02  7.163356e-06  2.200928e+04  1.506208e+01
   273  1.183461e+00  1.180520e+00  7.633112e-01  2.824166e-04  2.467668e-02  6.969104e-06  2.254065e+04  1.527055e+01
   274  1.189296e+00  1.186388e+00  7.767859e-01  2.767439e-04  2.449963e-02  6.780121e-06  2.308566e+04  1.548191e+01
   275  1.195069e+00  1.192192e+00  7.903821e-01  2.711651e-04  2.432544e-02  6.596211e-06  2.364481e+04  1.569625e+01
   276  1.200782e+00  1.197935e+00  8.040988e-01  2.656782e-04  2.415398e-02  6.417186e-06  2.421864e+04  1.591369e+01
   277  1.206438e+00  1.203619e+00  8.179349e-01  2.602814e-04  2.398509e-02  6.242873e-06  2.480768e+04  1.613433e+01
   278  1.212039e+00  1.209247e+00  8.318895e-01  2.549729e-04  2.381864e-02  6.073108e-06  2.541250e+04  1.635828e+01
   279  1.217587e+00  1.214822e+00  8.459616e-01  2.497510e-04  2.365450e-02  5.907736e-06  2.603370e+04  1.658566e+01
   280  1.223085e+00  1.220345e+00  8.601502e-01  2.446142e-04  2.349255e-02  5.746611e-06  2.667186e+04  1.681657e+01
   281  1.228535e+00  1.225819e+00  8.744542e-01  2.395609e-04  2.333267e-02  5.589595e-06  2.732763e+04  1.705113e+01
   282  1.233938e+00  1.231245e+00  8.888727e-01  2.345897e-04  2.317475e-02  5.436558e-06  2.800164e+04  1.728945e+01
   283  1.239297e+00  1.236626e+00  9.034045e-01  2.296993e-04  2.301869e-02  5.287377e-06  2.869459e+04  1.753166e+01
   284  1.244613e+00  1.241963e+00  9.180486e-01  2.248884e-04  2.286438e-02  5.141934e-06  2.940717e+04  1.777788e+01
   285  1.249888e+00  1.247259e+00  9.328039e-01  2.201558e-04  2.271173e-02  5.000118e-06  3.014011e+04  1.802823e+01
   286  1.255124e+00  1.252514e+00  9.476693e-01  2.155002e-04  2.256065e-02  4.861824e-06  3.089417e+04  1.828284e+01
   287  1.260322e+00  1.257730e+00  9.626437e-01  2.109205e-04  2.241105e-02  4.726949e-06  3.167015e+04  1.854184e+01
   288  1.265483e+00  1.262910e+00  9.777261e-01  2.064155e-04  2.226286e-02  4.595399e-06  3.246887e+04  1.880536e+01
   289  1.270610e+00  1.268054e+00  9.929154e-01  2.019842e-04  2.211599e-02  4.467080e-06  3.329120e+04  1.907354e+01
   290  1.275703e+00  1.273164e+00  1.008210e+00  1.976255e-04  2.197037e-02  4.341905e-06  3.413802e+04  1.934653e+01
   291  1.280764e+00  1.278241e+00  1.023610e+00  1.933383e-04  2.182594e-02  4.219791e-06  3.501028e+04  1.962446e+01
   292  1.285795e+00  1.283287e+00  1.039113e+00  1.891217e-04  2.168263e-02  4.100655e-06  3.590895e+04  1.990750e+01
   293  1.290796e+00  1.288302e+00  1.054718e+00  1.849746e-04  2.154038e-02  3.984422e-06  3.683506e+04  2.019578e+01
   294  1.295768e+00  1.293289e+00  1.070425e+00  1.808960e-04  2.139913e-02  3.871017e-06  3.778966e+04  2.048947e+01
   295  1.300713e+00  1.298248e+00  1.086232e+00  1.768850e-04  2.125883e-02  3.760367e-06  3.877389e+04  2.078874e+01
   296  1.305633e+00  1.303180e+00  1.102138e+00  1.729406e-04  2.111943e-02  3.652406e-06  3.978891e+04  2.109375e+01
   297  1.310527e+00  1.308087e+00  1.118142e+00  1.690619e-04  2.098088e-02  3.547067e-06  4.083593e+04  2.140467e+01
   298  1.315398e+00  1.312969e+00  1.134242e+00  1.652479e-04  2.084314e-02  3.444286e-06  4.191625e+04  2.172169e+01
   299  1.320245e+00  1.317828e+00  1.150438e+00  1.614977e-04  2.070618e-02  3.344001e-06  4.303121e+04  2.204500e+01
   300  1.325071e+00  1.322665e+00  1.166729e+00  1.578104e-04  2.056996e-02  3.246154e-06  4.418222e+04  2.237478e+01
   301  1.329877e+00  1.327481e+00  1.183113e+00  1.541851e-04  2.043444e-02  3.150687e-06  4.537077e+04  2.271123e+01
   302  1.334662e+00  1.332276e+00  1.199589e+00  1.506209e-04  2.029960e-02  3.057545e-06  4.659840e+04  2.305456e+01
   303  1.339429e+00  1.337052e+00  1.216156e+00  1.471169e-04  2.016542e-02  2.966673e-06  4.786675e+04  2.340499e+01
   304  1.344178e+00  1.341810e+00  1.232813e+00  1.436721e-04  2.003187e-02  2.878021e-06  4.917755e+04  2.376273e+01
   305  1.348909e+00  1.346550e+00  1.249559e+00  1.402857e-04  1.989895e-02  2.791537e-06  5.053259e+04  2.412801e+01
   306  1.353625e+00  1.351274e+00  1.266393e+00  1.369568e-04  1.976662e-02  2.707174e-06  5.193379e+04  2.450108e+01
   307  1.358326e+00  1.355982e+00  1.283313e+00  1.336846e-04  1.963490e-02  2.624884e-06  5.338315e+04  2.488217e+01
   308  1.363012e+00  1.360676e+00  1.300318e+00  1.304682e-04  1.950377e-02  2.544620e-06  5.488280e+04  2.527154e+01
   309  1.367686e+00  1.365355e+00  1.317409e+00  1.273066e-04  1.937322e-02  2.466339e-06  5.643495e+04  2.566947e+01
   310  1.372346e+00  1.370022e+00  1.334582e+00  1.241991e-04  1.924327e-02  2.389997e-06  5.804197e+04  2.607622e+01
   311  1.376996e+00  1.374677e+00  1.351837e+00  1.211448e-04  1.911392e-02  2.315551e-06  5.970634e+04  2.649208e+01
   312  1.381634e+00  1.379321e+00  1.369174e+00  1.181428e-04  1.898517e-02  2.242962e-06  6.143069e+04  2.691735e+01
   313  1.386263e+00  1.383955e+00  1.386590e+00  1.151924e-04  1.885705e-02  2.172188e-06  6.321780e+04  2.735234e+01
   314  1.390882e+00  1.388579e+00  1.404086e+00  1.122926e-04  1.872957e-02  2.103192e-06  6.507061e+04  2.779737e+01
   315  1.395494e+00  1.393194e+00  1.421659e+00  1.094428e-04  1.860274e-02  2.035935e-06  6.699224e+04  2.825278e+01
   316  1.400099e+00  1.397803e+00  1.439309e+00  1.066419e-04  1.847661e-02  1.970381e-06  6.898598e+04  2.871892e+01
   317  1.404697e+00  1.402404e+00  1.457034e+00  1.038894e-04  1.835119e-02  1.906494e-06  7.105533e+04  2.919615e+01
   318  1.409290e+00  1.407000e+00  1.474834e+00  1.011844e-04  1.822652e-02  1.844239e-06  7.320399e+04  2.968484e+01
   319  1.413879e+00  1.411590e+00  1.492708e+00  9.852606e-05  1.810264e-02  1.783581e-06  7.543589e+04  3.018539e+01
   320  1.418464e+00  1.416177e+00  1.510654e+00  9.591372e-05  1.797958e-02  1.724488e-06  7.775521e+04  3.069821e+01
   321  1.423046e+00  1.420761e+00  1.528672e+00  9.334664e-05  1.785740e-02  1.666928e-06  8.016637e+04  3.122373e+01
   322  1.427627e+00  1.425343e+00  1.546760e+00  9.082410e-05  1.773613e-02  1.610868e-06  8.267410e+04  3.176240e+01
   323  1.432207e+00  1.429923e+00  1.564917e+00  8.834539e-05  1.761584e-02  1.556278e-06  8.528339e+04  3.231467e+01
   324  1.436788e+00  1.434503e+00  1.583142e+00  8.590984e-05  1.749657e-02  1.503127e-06  8.799959e+04  3.288103e+01
   325  1.441369e+00  1.439085e+00  1.601435e+00  8.351681e-05  1.737838e-02  1.451387e-06  9.082835e+04  3.346198e+01
   326  1.445954e+00  1.443668e+00  1.619794e+00  8.116568e-05  1.726134e-02  1.401028e-06  9.377570e+04  3.405805e+01
   327  1.450541e+00  1.448253e+00  1.638218e+00  7.885584e-05  1.714550e-02  1.352023e-06  9.684809e+04  3.466979e+01
   328  1.455133e+00  1.452843e+00  1.656707e+00  7.658673e-05  1.703093e-02  1.304343e-06  1.000523e+05  3.529777e+01
   329  1.459731e+00  1.457438e+00  1.675259e+00  7.435782e-05  1.691769e-02  1.257963e-06  1.033958e+05  3.594259e+01
   330  1.464335e+00  1.462039e+00  1.693873e+00  7.216860e-05  1.680586e-02  1.212855e-06  1.068861e+05  3.660486e+01
   331  1.468947e+00  1.466647e+00  1.712548e+00  7.001858e-05  1.669549e-02  1.168994e-06  1.105318e+05  3.728525e+01
   332  1.473568e+00  1.471264e+00  1.731284e+00  6.790735e-05  1.658666e-02  1.126356e-06  1.143415e+05  3.798442e+01
   333  1.478200e+00  1.475890e+00  1.750080e+00  6.583451e-05  1.647942e-02  1.084915e-06  1.183247e+05  3.870307e+01
   334  1.482842e+00  1.480527e+00  1.768933e+00  6.379969e-05  1.637386e-02  1.044647e-06  1.224915e+05  3.944195e+01
   335  1.487498e+00  1.485176e+00  1.787844e+00  6.180260e-05  1.627003e-02  1.005530e-06  1.268525e+05  4.020182e+01
   336  1.492167e+00  1.489839e+00  1.806811e+00  5.984295e-05  1.616798e-02  9.675396e-07  1.314193e+05  4.098349e+01
   337  1.496852e+00  1.494516e+00  1.825834e+00  5.792050e-05  1.606778e-02  9.306538e-07  1.362040e+05  4.178777e+01
   338  1.501553e+00  1.499209e+00  1.844912e+00  5.603505e-05  1.596947e-02  8.948502e-07  1.412196e+05  4.261555e+01
   339  1.506273e+00  1.503919e+00  1.864043e+00  5.418644e-05  1.587311e-02  8.601071e-07  1.464800e+05  4.346773e+01
   340  1.511011e+00  1.508648e+00  1.883227e+00  5.237457e-05  1.577871e-02  8.264035e-07  1.520000e+05  4.434526e+01
   341  1.515771e+00  1.513397e+00  1.902463e+00  5.059937e-05  1.568633e-02  7.937183e-07  1.577954e+05  4.524911e+01
   342  1.520552e+00  1.518168e+00  1.921749e+00  4.886077e-05  1.559596e-02  7.620308e-07  1.638829e+05  4.618033e+01
   343  1.525358e+00  1.522962e+00  1.941086e+00  4.715879e-05  1.550763e-02  7.313210e-07  1.702804e+05  4.713996e+01
   344  1.530188e+00  1.527780e+00  1.960472e+00  4.549343e-05  1.542132e-02  7.015688e-07  1.770070e+05  4.812914e+01
   345  1.535045e+00  1.532623e+00  1.979907e+00  4.386472e-05  1.533702e-02  6.727542e-07  1.840832e+05  4.914904e+01
   346  1.539930e+00  1.537495e+00  1.999389e+00  4.227277e-05  1.525470e-02  6.448585e-07  1.915303e+05  5.020085e+01
   347  1.544845e+00  1.542394e+00  2.018916e+00  4.071771e-05  1.517432e-02  6.178634e-07  1.993711e+05  5.128579e+01
   348  1.549790e+00  1.547324e+00  2.038490e+00  3.919960e-05  1.509580e-02  5.917495e-07  2.076301e+05  5.240519e+01
   349  1.554768e+00  1.552286e+00  2.058108e+00  3.771854e-05  1.501909e-02  5.664981e-07  2.163333e+05  5.356043e+01
   350  1.559779e+00  1.557281e+00  2.077770e+00  3.627468e-05  1.494407e-02  5.420915e-07  2.255080e+05  5.475288e+01
   351  1.564826e+00  1.562310e+00  2.097475e+00  3.486807e-05  1.487065e-02  5.185111e-07  2.351836e+05  5.598404e+01
   352  1.569909e+00  1.567375e+00  2.117222e+00  3.349883e-05  1.479870e-02  4.957391e-07  2.453910e+05  5.725543e+01
   353  1.575030e+00  1.572477e+00  2.137010e+00  3.216700e-05  1.472808e-02  4.737581e-07  2.561630e+05  5.856861e+01
   354  1.580190e+00  1.577617e+00  2.156839e+00  3.087262e-05  1.465862e-02  4.525501e-07  2.675346e+05  5.992526e+01
   355  1.585390e+00  1.582798e+00  2.176706e+00  2.961566e-05  1.459017e-02  4.320977e-07  2.795428e+05  6.132708e+01
   356  1.590632e+00  1.588019e+00  2.196613e+00  2.839608e-05  1.452255e-02  4.123834e-07  2.922269e+05  6.277586e+01
   357  1.595916e+00  1.593282e+00  2.216557e+00  2.721377e-05  1.445556e-02  3.933903e-07  3.056285e+05  6.427342e+01
   358  1.601243e+00  1.598588e+00  2.236538e+00  2.606856e-05  1.438902e-02  3.751010e-07  3.197919e+05  6.582171e+01
   359  1.606615e+00  1.603937e+00  2.256555e+00  2.496022e-05  1.432272e-02  3.574982e-07  3.347641e+05  6.742272e+01
   360  1.612032e+00  1.609332e+00  2.276608e+00  2.388848e-05  1.425646e-02  3.405653e-07  3.505949e+05  6.907853e+01
   361  1.617495e+00  1.614772e+00  2.296694e+00  2.285298e-05  1.419006e-02  3.242851e-07  3.673374e+05  7.079128e+01
   362  1.623005e+00  1.620259e+00  2.316815e+00  2.185329e-05  1.412330e-02  3.086406e-07  3.850481e+05  7.256325e+01
   363  1.628562e+00  1.625792e+00  2.336968e+00  2.088894e-05  1.405602e-02  2.936153e-07  4.037871e+05  7.439674e+01
   364  1.634166e+00  1.631373e+00  2.357153e+00  1.995939e-05  1.398803e-02  2.791926e-07  4.236180e+05  7.629416e+01
   365  1.639819e+00  1.637002e+00  2.377369e+00  1.906403e-05  1.391917e-02  2.653556e-07  4.446093e+05  7.825807e+01
   366  1.645520e+00  1.642679e+00  2.397614e+00  1.820220e-05  1.384930e-02  2.520878e-07  4.668336e+05  8.029108e+01
   367  1.651270e+00  1.648405e+00  2.417890e+00  1.737321e-05  1.377829e-02  2.393730e-07  4.903683e+05  8.239591e+01
   368  1.657069e+00  1.654179e+00  2.438194e+00  1.657628e-05  1.370601e-02  2.271946e-07  5.152968e+05  8.457543e+01
   369  1.662917e+00  1.660003e+00  2.458525e+00  1.581064e-05  1.363237e-02  2.155366e-07  5.417073e+05  8.683259e+01
   370  1.668814e+00  1.665875e+00  2.478883e+00  1.507549e-05  1.355730e-02  2.043829e-07  5.696946e+05  8.917046e+01
   371  1.674760e+00  1.671797e+00  2.499268e+00  1.436996e-05  1.348072e-02  1.937175e-07  5.993600e+05  9.159227e+01
   372  1.680755e+00  1.677768e+00  2.519677e+00  1.369322e-05  1.340260e-02  1.835248e-07  6.308119e+05  9.410137e+01
   373  1.686799e+00  1.683787e+00  2.540110e+00  1.304440e-05  1.332289e-02  1.737891e-07  6.641661e+05  9.670122e+01
   374  1.692892e+00  1.689856e+00  2.560567e+00  1.242261e-05  1.324159e-02  1.644950e-07  6.995476e+05  9.939553e+01
   375  1.699034e+00  1.695974e+00  2.581047e+00  1.182699e-05  1.315867e-02  1.556275e-07  7.370887e+05  1.021880e+02
   376  1.705225e+00  1.702141e+00  2.601548e+00  1.125668e-05  1.307415e-02  1.471716e-07  7.769317e+05  1.050827e+02
   377  1.711464e+00  1.708356e+00  2.622070e+00  1.071082e-05  1.298804e-02  1.391125e-07  8.192296e+05  1.080837e+02
   378  1.717751e+00  1.714619e+00  2.642612e+00  1.018855e-05  1.290034e-02  1.314358e-07  8.641459e+05  1.111953e+02
   379  1.724086e+00  1.720930e+00  2.663173e+00  9.689049e-06  1.281110e-02  1.241273e-07  9.118548e+05  1.144220e+02
   380  1.730469e+00  1.727289e+00  2.683753e+00  9.211497e-06  1.272033e-02  1.171732e-07  9.625442e+05  1.177685e+02
   381  1.736899e+00  1.733696e+00  2.704349e+00  8.755086e-06  1.262806e-02  1.105598e-07  1.016415e+06  1.212397e+02
   382  1.743377e+00  1.740150e+00  2.724962e+00  8.319035e-06  1.253434e-02  1.042737e-07  1.073683e+06  1.248406e+02
   383  1.749901e+00  1.746651e+00  2.745591e+00  7.902575e-06  1.243921e-02  9.830180e-08  1.134580e+06  1.285768e+02
   384  1.756472e+00  1.753199e+00  2.766234e+00  7.504965e-06  1.234270e-02  9.263155e-08  1.199351e+06  1.324536e+02
   385  1.763089e+00  1.759793e+00  2.786890e+00  7.125478e-06  1.224487e-02  8.725052e-08  1.268262e+06  1.364769e+02
   386  1.769752e+00  1.766433e+00  2.807560e+00  6.763403e-06  1.214574e-02  8.214655e-08  1.341599e+06  1.406529e+02
   387  1.776460e+00  1.773119e+00  2.828242e+00  6.418052e-06  1.204538e-02  7.730789e-08  1.419667e+06  1.449878e+02
   388  1.783213e+00  1.779849e+00  2.848934e+00  6.088759e-06  1.194383e-02  7.272311e-08  1.502794e+06  1.494882e+02
   389  1.790011e+00  1.786625e+00  2.869636e+00  5.774876e-06  1.184114e-02  6.838111e-08  1.591331e+06  1.541612e+02
   390  1.796853e+00  1.793446e+00  2.890347e+00  5.475778e-06  1.173736e-02  6.427117e-08  1.685656e+06  1.590139e+02
   391  1.803740e+00  1.800310e+00  2.911066e+00  5.190857e-06  1.163253e-02  6.038282e-08  1.786174e+06  1.640539e+02
   392  1.810670e+00  1.807218e+00  2.931793e+00  4.919522e-06  1.152672e-02  5.670594e-08  1.893321e+06  1.692891e+02
   393  1.817642e+00  1.814170e+00  2.952525e+00  4.661208e-06  1.141995e-02  5.323077e-08  2.007564e+06  1.747277e+02
   394  1.824658e+00  1.821165e+00  2.973262e+00  4.415359e-06  1.131229e-02  4.994783e-08  2.129407e+06  1.803786e+02
   395  1.831716e+00  1.828202e+00  2.994003e+00  4.181451e-06  1.120378e-02  4.684804e-08  2.259388e+06  1.862505e+02
   396  1.838816e+00  1.835281e+00  3.014747e+00  3.958972e-06  1.109446e-02  4.392265e-08  2.398085e+06  1.923530e+02
   397  1.845957e+00  1.842401e+00  3.035493e+00  3.747423e-06  1.098438e-02  4.116313e-08  2.546123e+06  1.986960e+02
   398  1.853140e+00  1.849563e+00  3.056239e+00  3.546329e-06  1.087359e-02  3.856133e-08  2.704173e+06  2.052897e+02
   399  1.860362e+00  1.856766e+00  3.076985e+00  3.355229e-06  1.076213e-02  3.610942e-08  2.872954e+06  2.121451e+02
   400  1.867625e+00  1.864009e+00  3.097730e+00  3.173680e-06  1.065005e-02  3.379985e-08  3.053241e+06  2.192734e+02
   401  1.874927e+00  1.871292e+00  3.118471e+00  3.001250e-06  1.053740e-02  3.162537e-08  3.245870e+06  2.266864e+02
   402  1.882269e+00  1.878613e+00  3.139210e+00  2.837529e-06  1.042423e-02  2.957904e-08  3.451738e+06  2.343966e+02
   403  1.889649e+00  1.885974e+00  3.159943e+00  2.682116e-06  1.031058e-02  2.765418e-08  3.671816e+06  2.424169e+02
   404  1.897066e+00  1.893373e+00  3.180670e+00  2.534631e-06  1.019653e-02  2.584443e-08  3.907142e+06  2.507609e+02
   405  1.904522e+00  1.900810e+00  3.201389e+00  2.394706e-06  1.008210e-02  2.414367e-08  4.158841e+06  2.594428e+02
   406  1.912015e+00  1.908285e+00  3.222100e+00  2.261986e-06  9.967363e-03  2.254604e-08  4.428125e+06  2.684776e+02
   407  1.919544e+00  1.915796e+00  3.242801e+00  2.136138e-06  9.852355e-03  2.104599e-08  4.716293e+06  2.778808e+02
   408  1.927110e+00  1.923344e+00  3.263492e+00  2.016834e-06  9.737120e-03  1.963815e-08  5.024752e+06  2.876689e+02
   409  1.934711e+00  1.930927e+00  3.284169e+00  1.903765e-06  9.621702e-03  1.831746e-08  5.355016e+06  2.978590e+02
   410  1.942348e+00  1.938546e+00  3.304833e+00  1.796633e-06  9.506137e-03  1.707904e-08  5.708719e+06  3.084690e+02
   411  1.950019e+00  1.946200e+00  3.325481e+00  1.695156e-06  9.390467e-03  1.591831e-08  6.087607e+06  3.195176e+02
   412  1.957724e+00  1.953888e+00  3.346113e+00  1.599062e-06  9.274719e-03  1.483085e-08  6.493582e+06  3.310246e+02
   413  1.965463e+00  1.961611e+00  3.366726e+00  1.508085e-06  9.158926e-03  1.381244e-08  6.928701e+06  3.430110e+02
   414  1.973235e+00  1.969366e+00  3.387321e+00  1.421977e-06  9.043137e-03  1.285914e-08  7.395164e+06  3.554982e+02
   415  1.981040e+00  1.977155e+00  3.407894e+00  1.340492e-06  8.927408e-03  1.196712e-08  7.895379e+06  3.685093e+02
   416  1.988877e+00  1.984976e+00  3.428445e+00  1.263401e-06  8.811794e-03  1.113283e-08  8.431924e+06  3.820679e+02
   417  1.996745e+00  1.992829e+00  3.448972e+00  1.190484e-06  8.696329e-03  1.035284e-08  9.007589e+06  3.961992e+02
   418  2.004645e+00  2.000713e+00  3.469473e+00  1.121535e-06  8.581021e-03  9.623915e-09  9.625376e+06  4.109296e+02
   419  2.012575e+00  2.008628e+00  3.489947e+00  1.056357e-06  8.465885e-03  8.942996e-09  1.028853e+07  4.262867e+02
   420  2.020536e+00  2.016574e+00  3.510392e+00  9.947572e-07  8.350958e-03  8.307176e-09  1.100056e+07  4.422996e+02
   421  2.028526e+00  2.024549e+00  3.530806e+00  9.365466e-07  8.236341e-03  7.713717e-09  1.176531e+07  4.589986e+02
   422  2.036545e+00  2.032554e+00  3.551188e+00  8.815454e-07  8.122110e-03  7.160008e-09  1.258696e+07  4.764162e+02
   423  2.044592e+00  2.040587e+00  3.571535e+00  8.296042e-07  8.008154e-03  6.643598e-09  1.346985e+07  4.945857e+02
   424  2.052668e+00  2.048649e+00  3.591847e+00  7.805715e-07  7.894427e-03  6.162165e-09  1.441873e+07  5.135428e+02
   425  2.060771e+00  2.056738e+00  3.612121e+00  7.342831e-07  7.781075e-03  5.713512e-09  1.543891e+07  5.333247e+02
   426  2.068901e+00  2.064855e+00  3.632356e+00  6.905890e-07  7.668192e-03  5.295569e-09  1.653613e+07  5.539709e+02
   427  2.077058e+00  2.072998e+00  3.652549e+00  6.493459e-07  7.555891e-03  4.906387e-09  1.771663e+07  5.755226e+02
   428  2.085240e+00  2.081168e+00  3.672697e+00  6.104348e-07  7.444101e-03  4.544138e-09  1.898692e+07  5.980224e+02
   429  2.093448e+00  2.089364e+00  3.692801e+00  5.737324e-07  7.332830e-03  4.207082e-09  2.035424e+07  6.215166e+02
   430  2.101682e+00  2.097585e+00  3.712856e+00  5.391274e-07  7.222015e-03  3.893586e-09  2.182626e+07  6.460533e+02
   431  2.109939e+00  2.105830e+00  3.732862e+00  5.064971e-07  7.111830e-03  3.602122e-09  2.341167e+07  6.716826e+02
   432  2.118222e+00  2.114100e+00  3.752816e+00  4.757385e-07  7.002240e-03  3.331235e-09  2.511963e+07  6.984585e+02
   433  2.126527e+00  2.122394e+00  3.772715e+00  4.467574e-07  6.893161e-03  3.079571e-09  2.695994e+07  7.264373e+02
   434  2.134856e+00  2.130712e+00  3.792558e+00  4.194516e-07  6.784709e-03  2.845857e-09  2.894360e+07  7.556779e+02
   435  2.143207e+00  2.139052e+00  3.812342e+00  3.937250e-07  6.676987e-03  2.628897e-09  3.108256e+07  7.862424e+02
   436  2.151580e+00  2.147414e+00  3.832064e+00  3.694901e-07  6.570051e-03  2.427569e-09  3.338973e+07  8.181963e+02
   437  2.159976e+00  2.155798e+00  3.851724e+00  3.466909e-07  6.463410e-03  2.240805e-09  3.587788e+07  8.516109e+02
   438  2.168392e+00  2.164204e+00  3.871316e+00  3.251990e-07  6.358027e-03  2.067624e-09  3.856467e+07  8.865586e+02
   439  2.176829e+00  2.172631e+00  3.890841e+00  3.049801e-07  6.253203e-03  1.907102e-09  4.146458e+07  9.231160e+02
   440  2.185286e+00  2.181078e+00  3.910294e+00  2.859567e-07  6.149053e-03  1.758363e-09  4.459597e+07  9.613666e+02
   441  2.193763e+00  2.189546e+00  3.929672e+00  2.680475e-07  6.045949e-03  1.620601e-09  4.797954e+07  1.001394e+03
   442  2.202260e+00  2.198032e+00  3.948974e+00  2.512198e-07  5.943221e-03  1.493055e-09  5.163392e+07  1.043291e+03
   443  2.210775e+00  2.206538e+00  3.968197e+00  2.353901e-07  5.841394e-03  1.375006e-09  5.558448e+07  1.087154e+03
   444  2.219309e+00  2.215063e+00  3.987338e+00  2.205088e-07  5.740316e-03  1.265790e-09  5.985579e+07  1.133085e+03
   445  2.227860e+00  2.223605e+00  4.006394e+00  2.065178e-07  5.640106e-03  1.164782e-09  6.447612e+07  1.181193e+03
   446  2.236428e+00  2.232165e+00  4.025361e+00  1.933682e-07  5.540762e-03  1.071407e-09  6.947526e+07  1.231590e+03
   447  2.245014e+00  2.240742e+00  4.044236e+00  1.810050e-07  5.442511e-03  9.851218e-10  7.488757e+07  1.284394e+03
   448  2.253616e+00  2.249336e+00  4.063018e+00  1.693961e-07  5.344950e-03  9.054137e-10  8.074670e+07  1.339738e+03
   449  2.262233e+00  2.257946e+00  4.081701e+00  1.584945e-07  5.248217e-03  8.318136e-10  8.709232e+07  1.397752e+03
   450  2.270868e+00  2.266572e+00  4.100285e+00  1.482498e-07  5.152632e-03  7.638765e-10  9.397047e+07  1.458585e+03
   451  2.279516e+00  2.275213e+00  4.118764e+00  1.386391e-07  5.057677e-03  7.011920e-10  1.014235e+08  1.522386e+03
   452  2.288179e+00  2.283869e+00  4.137136e+00  1.296179e-07  4.963659e-03  6.433790e-10  1.095050e+08  1.589314e+03
   453  2.296856e+00  2.292539e+00  4.155398e+00  1.211540e-07  4.870477e-03  5.900777e-10  1.182705e+08  1.659544e+03
   454  2.305547e+00  2.301223e+00  4.173546e+00  1.132062e-07  4.778508e-03  5.409566e-10  1.277861e+08  1.733253e+03
   455  2.314251e+00  2.309921e+00  4.191575e+00  1.057517e-07  4.687451e-03  4.957061e-10  1.381160e+08  1.810636e+03
   456  2.322967e+00  2.318631e+00  4.209483e+00  9.876575e-08  4.597137e-03  4.540396e-10  1.493310e+08  1.891892e+03
   457  2.331696e+00  2.327353e+00  4.227266e+00  9.221671e-08  4.507729e-03  4.156880e-10  1.615145e+08  1.977241e+03
   458  2.340436e+00  2.336088e+00  4.244922e+00  8.607479e-08  4.419411e-03  3.803999e-10  1.747599e+08  2.066917e+03
   459  2.349188e+00  2.344834e+00  4.262445e+00  8.031691e-08  4.332154e-03  3.479452e-10  1.891651e+08  2.161164e+03
   460  2.357949e+00  2.353590e+00  4.279832e+00  7.492901e-08  4.245498e-03  3.181110e-10  2.048263e+08  2.260237e+03
   461  2.366721e+00  2.362357e+00  4.297077e+00  6.987136e-08  4.160469e-03  2.906976e-10  2.218859e+08  2.364409e+03
   462  2.375501e+00  2.371133e+00  4.314179e+00  6.514863e-08  4.075579e-03  2.655184e-10  2.404363e+08  2.473978e+03
   463  2.384292e+00  2.379919e+00  4.331132e+00  6.071213e-08  3.992624e-03  2.424007e-10  2.606726e+08  2.589264e+03
   464  2.393090e+00  2.388713e+00  4.347934e+00  5.656916e-08  3.910014e-03  2.211862e-10  2.827035e+08  2.710593e+03
   465  2.401895e+00  2.397515e+00  4.364577e+00  5.269134e-08  3.828479e-03  2.017277e-10  3.067239e+08  2.838315e+03
   466  2.410710e+00  2.406325e+00  4.381063e+00  4.906131e-08  3.748095e-03  1.838864e-10  3.329320e+08  2.972819e+03
   467  2.419530e+00  2.415142e+00  4.397382e+00  4.566434e-08  3.668848e-03  1.675355e-10  3.615413e+08  3.114511e+03
   468  2.428355e+00  2.423965e+00  4.413531e+00  4.249180e-08  3.590330e-03  1.525596e-10  3.927604e+08  3.263800e+03
   469  2.437187e+00  2.432794e+00  4.429508e+00  3.952260e-08  3.513138e-03  1.388484e-10  4.268810e+08  3.421156e+03
   470  2.446024e+00  2.441628e+00  4.445308e+00  3.675056e-08  3.436697e-03  1.263005e-10  4.641576e+08  3.587077e+03
   471  2.454862e+00  2.450465e+00  4.460922e+00  3.416010e-08  3.361368e-03  1.148247e-10  5.049203e+08  3.762059e+03
   472  2.463706e+00  2.459307e+00  4.476353e+00  3.174237e-08  3.286887e-03  1.043336e-10  5.495006e+08  3.946673e+03
   473  2.472550e+00  2.468151e+00  4.491590e+00  2.948105e-08  3.213848e-03  9.474764e-11  5.983349e+08  4.141513e+03
   474  2.481397e+00  2.476996e+00  4.506634e+00  2.737704e-08  3.141078e-03  8.599343e-11  6.517395e+08  4.347210e+03
   475  2.490244e+00  2.485843e+00  4.521475e+00  2.540522e-08  3.070354e-03  7.800300e-11  7.103672e+08  4.564441e+03
   476  2.499091e+00  2.494690e+00  4.536111e+00  2.357052e-08  3.000119e-03  7.071436e-11  7.745717e+08  4.793905e+03
   477  2.507936e+00  2.503536e+00  4.550538e+00  2.185836e-08  2.931102e-03  6.406907e-11  8.450201e+08  5.036387e+03
   478  2.516780e+00  2.512381e+00  4.564753e+00  2.026556e-08  2.862662e-03  5.801347e-11  9.222661e+08  5.292719e+03
   479  2.525618e+00  2.521222e+00  4.578744e+00  1.877588e-08  2.796095e-03  5.249914e-11  1.007219e+09  5.563744e+03
   480  2.534454e+00  2.530059e+00  4.592517e+00  1.739371e-08  2.729740e-03  4.748031e-11  1.100391e+09  5.850412e+03
   481  2.543285e+00  2.538892e+00  4.606062e+00  1.610182e-08  2.665197e-03  4.291451e-11  1.202986e+09  6.153769e+03
   482  2.552106e+00  2.547718e+00  4.619369e+00  1.490155e-08  2.601394e-03  3.876479e-11  1.315726e+09  6.474773e+03
   483  2.560919e+00  2.556535e+00  4.632443e+00  1.378535e-08  2.538576e-03  3.499517e-11  1.439750e+09  6.814582e+03
   484  2.569722e+00  2.565343e+00  4.645273e+00  1.274466e-08  2.477334e-03  3.157277e-11  1.576448e+09  7.174422e+03
   485  2.578514e+00  2.574140e+00  4.657858e+00  1.178051e-08  2.416524e-03  2.846788e-11  1.726794e+09  7.555543e+03
   486  2.587292e+00  2.582925e+00  4.670191e+00  1.088154e-08  2.357462e-03  2.565282e-11  1.892724e+09  7.959316e+03
   487  2.596054e+00  2.591695e+00  4.682273e+00  1.005115e-08  2.298451e-03  2.310207e-11  2.075232e+09  8.387215e+03
   488  2.604799e+00  2.600449e+00  4.694093e+00  9.274836e-09  2.241826e-03  2.079256e-11  2.277156e+09  8.840752e+03
   489  2.613523e+00  2.609183e+00  4.705648e+00  8.556988e-09  2.185758e-03  1.870350e-11  2.499643e+09  9.321413e+03
   490  2.622223e+00  2.617895e+00  4.716936e+00  7.891634e-09  2.130736e-03  1.681499e-11  2.745164e+09  9.830938e+03
   491  2.630900e+00  2.626583e+00  4.727955e+00  7.274665e-09  2.076903e-03  1.510877e-11  3.016331e+09  1.037119e+04
   492  2.639547e+00  2.635245e+00  4.738698e+00  6.703451e-09  2.024103e-03  1.356848e-11  3.315776e+09  1.094404e+04
   493  2.648164e+00  2.643877e+00  4.749160e+00  6.172192e-09  1.973249e-03  1.217927e-11  3.647285e+09  1.155135e+04
   494  2.656744e+00  2.652475e+00  4.759340e+00  5.683391e-09  1.922690e-03  1.092740e-11  4.012711e+09  1.219509e+04
   495  2.665285e+00  2.661036e+00  4.769233e+00  5.229582e-09  1.873991e-03  9.800190e-12  4.417223e+09  1.287734e+04
   496  2.673781e+00  2.669554e+00  4.778833e+00  4.810297e-09  1.826548e-03  8.786239e-12  4.864213e+09  1.360009e+04
   497  2.682234e+00  2.678028e+00  4.788149e+00  4.425406e-09  1.779386e-03  7.874503e-12  5.356880e+09  1.436586e+04
   498  2.690631e+00  2.686453e+00  4.797166e+00  4.067646e-09  1.734524e-03  7.055431e-12  5.902916e+09  1.517684e+04
   499  2.698970e+00  2.694821e+00  4.805881e+00  3.736889e-09  1.691458e-03  6.320792e-12  6.506676e+09  1.603458e+04
