     i         log_r      log_rmid             m           rho            v2        trelax            kn
     0  -1.548675e+00  -1.849705e+00  4.936543e-05  6.554943e+00  1.379044e-01  4.108110e-01  2.617365e-02
     1  -1.537606e+00  -1.543105e+00  5.328937e-05  6.557264e+00  1.378556e-01  4.107383e-01  2.617365e-02
     2  -1.526539e+00  -1.532037e+00  5.752323e-05  6.555159e+00  1.378530e-01  4.108740e-01  2.617810e-02
     3  -1.515467e+00  -1.520968e+00  6.209370e-05  6.552943e+00  1.378503e-01  4.110170e-01  2.618278e-02
     4  -1.504398e+00  -1.509897e+00  6.702432e-05  6.550612e+00  1.378475e-01  4.111674e-01  2.618770e-02
     5  -1.493321e+00  -1.498825e+00  7.234881e-05  6.548160e+00  1.378445e-01  4.113258e-01  2.619289e-02
     6  -1.482252e+00  -1.487752e+00  7.809033e-05  6.545581e+00  1.378414e-01  4.114926e-01  2.619835e-02
     7  -1.471185e+00  -1.476683e+00  8.428458e-05  6.542869e+00  1.378381e-01  4.116681e-01  2.620409e-02
     8  -1.460114e+00  -1.465614e+00  9.096964e-05  6.540017e+00  1.378346e-01  4.118528e-01  2.621013e-02
     9  -1.449043e+00  -1.454543e+00  9.818356e-05  6.537017e+00  1.378309e-01  4.120472e-01  2.621649e-02
    10  -1.437969e+00  -1.443471e+00  1.059689e-04  6.533862e+00  1.378271e-01  4.122520e-01  2.622319e-02
    11  -1.426903e+00  -1.432401e+00  1.143624e-04  6.530545e+00  1.378230e-01  4.124675e-01  2.623023e-02
    12  -1.415837e+00  -1.421335e+00  1.234185e-04  6.527058e+00  1.378188e-01  4.126942e-01  2.623765e-02
    13  -1.404769e+00  -1.410267e+00  1.331900e-04  6.523391e+00  1.378143e-01  4.129329e-01  2.624545e-02
    14  -1.393705e+00  -1.399201e+00  1.437275e-04  6.519536e+00  1.378096e-01  4.131842e-01  2.625365e-02
    15  -1.382636e+00  -1.388135e+00  1.550994e-04  6.515483e+00  1.378046e-01  4.134487e-01  2.626229e-02
    16  -1.371575e+00  -1.377070e+00  1.673596e-04  6.511222e+00  1.377994e-01  4.137270e-01  2.627138e-02
    17  -1.360516e+00  -1.366010e+00  1.805806e-04  6.506745e+00  1.377938e-01  4.140200e-01  2.628094e-02
    18  -1.349455e+00  -1.354950e+00  1.948435e-04  6.502039e+00  1.377881e-01  4.143283e-01  2.629100e-02
    19  -1.338398e+00  -1.343891e+00  2.102204e-04  6.497094e+00  1.377820e-01  4.146529e-01  2.630159e-02
    20  -1.327344e+00  -1.332836e+00  2.268022e-04  6.491898e+00  1.377756e-01  4.149944e-01  2.631273e-02
    21  -1.316288e+00  -1.321781e+00  2.446857e-04  6.486437e+00  1.377688e-01  4.153539e-01  2.632444e-02
    22  -1.305232e+00  -1.310725e+00  2.639729e-04  6.480699e+00  1.377617e-01  4.157324e-01  2.633677e-02
    23  -1.294181e+00  -1.299671e+00  2.847617e-04  6.474670e+00  1.377542e-01  4.161308e-01  2.634975e-02
    24  -1.283134e+00  -1.288622e+00  3.071688e-04  6.468339e+00  1.377464e-01  4.165500e-01  2.636339e-02
    25  -1.272087e+00  -1.277575e+00  3.313271e-04  6.461689e+00  1.377381e-01  4.169912e-01  2.637775e-02
    26  -1.261045e+00  -1.266531e+00  3.573620e-04  6.454704e+00  1.377294e-01  4.174556e-01  2.639285e-02
    27  -1.250003e+00  -1.255489e+00  3.854278e-04  6.447370e+00  1.377203e-01  4.179444e-01  2.640873e-02
    28  -1.238961e+00  -1.244447e+00  4.156808e-04  6.439667e+00  1.377106e-01  4.184590e-01  2.642545e-02
    29  -1.227924e+00  -1.233408e+00  4.482776e-04  6.431579e+00  1.377005e-01  4.190006e-01  2.644303e-02
    30  -1.216888e+00  -1.222371e+00  4.834077e-04  6.423089e+00  1.376898e-01  4.195706e-01  2.646152e-02
    31  -1.205854e+00  -1.211336e+00  5.212579e-04  6.414177e+00  1.376786e-01  4.201707e-01  2.648098e-02
    32  -1.194823e+00  -1.200303e+00  5.620357e-04  6.404823e+00  1.376668e-01  4.208024e-01  2.650144e-02
    33  -1.183796e+00  -1.189274e+00  6.059606e-04  6.395008e+00  1.376544e-01  4.214673e-01  2.652297e-02
    34  -1.172770e+00  -1.178248e+00  6.532785e-04  6.384709e+00  1.376414e-01  4.221671e-01  2.654561e-02
    35  -1.161747e+00  -1.167223e+00  7.042385e-04  6.373904e+00  1.376276e-01  4.229039e-01  2.656943e-02
    36  -1.150726e+00  -1.156202e+00  7.591240e-04  6.362570e+00  1.376132e-01  4.236794e-01  2.659448e-02
    37  -1.139708e+00  -1.145182e+00  8.182252e-04  6.350683e+00  1.375980e-01  4.244959e-01  2.662082e-02
    38  -1.128693e+00  -1.134166e+00  8.818583e-04  6.338217e+00  1.375820e-01  4.253555e-01  2.664854e-02
    39  -1.117680e+00  -1.123152e+00  9.503637e-04  6.325148e+00  1.375652e-01  4.262605e-01  2.667768e-02
    40  -1.106668e+00  -1.112139e+00  1.024119e-03  6.311446e+00  1.375475e-01  4.272133e-01  2.670834e-02
    41  -1.095660e+00  -1.101129e+00  1.103493e-03  6.297085e+00  1.375289e-01  4.282165e-01  2.674059e-02
    42  -1.084654e+00  -1.090122e+00  1.188917e-03  6.282037e+00  1.375093e-01  4.292728e-01  2.677450e-02
    43  -1.073651e+00  -1.079118e+00  1.280828e-03  6.266272e+00  1.374888e-01  4.303851e-01  2.681017e-02
    44  -1.062650e+00  -1.068116e+00  1.379723e-03  6.249757e+00  1.374671e-01  4.315563e-01  2.684768e-02
    45  -1.051652e+00  -1.057116e+00  1.486103e-03  6.232462e+00  1.374443e-01  4.327897e-01  2.688713e-02
    46  -1.040655e+00  -1.046119e+00  1.600525e-03  6.214354e+00  1.374204e-01  4.340887e-01  2.692863e-02
    47  -1.029661e+00  -1.035123e+00  1.723575e-03  6.195397e+00  1.373952e-01  4.354568e-01  2.697226e-02
    48  -1.018669e+00  -1.024130e+00  1.855885e-03  6.175559e+00  1.373687e-01  4.368978e-01  2.701816e-02
    49  -1.007678e+00  -1.013139e+00  1.998123e-03  6.154802e+00  1.373408e-01  4.384157e-01  2.706643e-02
    50  -9.966899e-01  -1.002149e+00  2.151017e-03  6.133089e+00  1.373115e-01  4.400148e-01  2.711719e-02
    51  -9.857029e-01  -9.911616e-01  2.315332e-03  6.110383e+00  1.372807e-01  4.416995e-01  2.717058e-02
    52  -9.747173e-01  -9.801754e-01  2.491891e-03  6.086644e+00  1.372482e-01  4.434746e-01  2.722673e-02
    53  -9.637328e-01  -9.691903e-01  2.681574e-03  6.061833e+00  1.372141e-01  4.453450e-01  2.728578e-02
    54  -9.527502e-01  -9.582068e-01  2.885299e-03  6.035910e+00  1.371782e-01  4.473162e-01  2.734789e-02
    55  -9.417683e-01  -9.472245e-01  3.104081e-03  6.008833e+00  1.371405e-01  4.493937e-01  2.741320e-02
    56  -9.307871e-01  -9.362430e-01  3.338977e-03  5.980560e+00  1.371008e-01  4.515836e-01  2.748190e-02
    57  -9.198065e-01  -9.252621e-01  3.591122e-03  5.951048e+00  1.370591e-01  4.538922e-01  2.755416e-02
    58  -9.088260e-01  -9.142816e-01  3.861724e-03  5.920253e+00  1.370152e-01  4.563263e-01  2.763016e-02
    59  -8.978456e-01  -9.033011e-01  4.152066e-03  5.888131e+00  1.369690e-01  4.588930e-01  2.771009e-02
    60  -8.868648e-01  -8.923205e-01  4.463517e-03  5.854638e+00  1.369204e-01  4.616001e-01  2.779416e-02
    61  -8.758830e-01  -8.813392e-01  4.797536e-03  5.819729e+00  1.368693e-01  4.644556e-01  2.788260e-02
    62  -8.649005e-01  -8.703571e-01  5.155655e-03  5.783359e+00  1.368156e-01  4.674681e-01  2.797563e-02
    63  -8.539164e-01  -8.593737e-01  5.539526e-03  5.745484e+00  1.367591e-01  4.706470e-01  2.807349e-02
    64  -8.429301e-01  -8.483885e-01  5.950900e-03  5.706057e+00  1.366996e-01  4.740020e-01  2.817643e-02
    65  -8.319416e-01  -8.374011e-01  6.391610e-03  5.665034e+00  1.366371e-01  4.775437e-01  2.828474e-02
    66  -8.209503e-01  -8.264112e-01  6.863620e-03  5.622372e+00  1.365713e-01  4.812832e-01  2.839868e-02
    67  -8.099555e-01  -8.154181e-01  7.369017e-03  5.578025e+00  1.365022e-01  4.852323e-01  2.851857e-02
    68  -7.989567e-01  -8.044213e-01  7.909987e-03  5.531952e+00  1.364294e-01  4.894041e-01  2.864472e-02
    69  -7.879534e-01  -7.934202e-01  8.488863e-03  5.484110e+00  1.363529e-01  4.938120e-01  2.877746e-02
    70  -7.769446e-01  -7.824141e-01  9.108117e-03  5.434459e+00  1.362724e-01  4.984707e-01  2.891716e-02
    71  -7.659299e-01  -7.714024e-01  9.770334e-03  5.382960e+00  1.361878e-01  5.033961e-01  2.906418e-02
    72  -7.549086e-01  -7.603843e-01  1.047826e-02  5.329576e+00  1.360987e-01  5.086047e-01  2.921894e-02
    73  -7.438798e-01  -7.493592e-01  1.123480e-02  5.274271e+00  1.360050e-01  5.141148e-01  2.938184e-02
    74  -7.328427e-01  -7.383262e-01  1.204299e-02  5.217013e+00  1.359065e-01  5.199456e-01  2.955334e-02
    75  -7.217963e-01  -7.272844e-01  1.290606e-02  5.157772e+00  1.358029e-01  5.261182e-01  2.973392e-02
    76  -7.107399e-01  -7.162329e-01  1.382737e-02  5.096522e+00  1.356939e-01  5.326549e-01  2.992407e-02
    77  -6.996722e-01  -7.051708e-01  1.481049e-02  5.033239e+00  1.355793e-01  5.395800e-01  3.012433e-02
    78  -6.885922e-01  -6.940969e-01  1.585915e-02  4.967902e+00  1.354587e-01  5.469197e-01  3.033527e-02
    79  -6.774989e-01  -6.830101e-01  1.697728e-02  4.900497e+00  1.353318e-01  5.547021e-01  3.055749e-02
    80  -6.663909e-01  -6.719094e-01  1.816896e-02  4.831013e+00  1.351985e-01  5.629579e-01  3.079164e-02
    81  -6.552670e-01  -6.607933e-01  1.943850e-02  4.759444e+00  1.350582e-01  5.717200e-01  3.103839e-02
    82  -6.441259e-01  -6.496607e-01  2.079041e-02  4.685788e+00  1.349106e-01  5.810244e-01  3.129849e-02
    83  -6.329660e-01  -6.385101e-01  2.222937e-02  4.610050e+00  1.347554e-01  5.909098e-01  3.157271e-02
    84  -6.217859e-01  -6.273400e-01  2.376030e-02  4.532242e+00  1.345922e-01  6.014187e-01  3.186187e-02
    85  -6.105840e-01  -6.161488e-01  2.538829e-02  4.452382e+00  1.344206e-01  6.125968e-01  3.216686e-02
    86  -5.993585e-01  -6.049350e-01  2.711870e-02  4.370493e+00  1.342401e-01  6.244942e-01  3.248863e-02
    87  -5.881076e-01  -5.936966e-01  2.895704e-02  4.286607e+00  1.340503e-01  6.371657e-01  3.282819e-02
    88  -5.768295e-01  -5.824320e-01  3.090905e-02  4.200763e+00  1.338508e-01  6.506709e-01  3.318664e-02
    89  -5.655221e-01  -5.711390e-01  3.298073e-02  4.113008e+00  1.336410e-01  6.650751e-01  3.356512e-02
    90  -5.541833e-01  -5.598157e-01  3.517823e-02  4.023397e+00  1.334204e-01  6.804497e-01  3.396489e-02
    91  -5.428108e-01  -5.484598e-01  3.750796e-02  3.931993e+00  1.331886e-01  6.968732e-01  3.438729e-02
    92  -5.314022e-01  -5.370690e-01  3.997652e-02  3.838870e+00  1.329448e-01  7.144320e-01  3.483376e-02
    93  -5.199551e-01  -5.256409e-01  4.259071e-02  3.744107e+00  1.326887e-01  7.332208e-01  3.530585e-02
    94  -5.084668e-01  -5.141730e-01  4.535754e-02  3.647795e+00  1.324195e-01  7.533443e-01  3.580523e-02
    95  -4.969343e-01  -5.026623e-01  4.828429e-02  3.550033e+00  1.321367e-01  7.749181e-01  3.633371e-02
    96  -4.853549e-01  -4.911060e-01  5.137828e-02  3.450930e+00  1.318396e-01  7.980701e-01  3.689324e-02
    97  -4.737255e-01  -4.795013e-01  5.464712e-02  3.350602e+00  1.315275e-01  8.229415e-01  3.748592e-02
    98  -4.620425e-01  -4.678447e-01  5.809861e-02  3.249176e+00  1.311997e-01  8.496898e-01  3.811402e-02
    99  -4.503027e-01  -4.561330e-01  6.174066e-02  3.146787e+00  1.308554e-01  8.784899e-01  3.878003e-02
   100  -4.385022e-01  -4.443624e-01  6.558137e-02  3.043578e+00  1.304941e-01  9.095366e-01  3.948664e-02
   101  -4.266373e-01  -4.325293e-01  6.962896e-02  2.939701e+00  1.301148e-01  9.430474e-01  4.023675e-02
   102  -4.147036e-01  -4.206295e-01  7.389183e-02  2.835315e+00  1.297168e-01  9.792659e-01  4.103354e-02
   103  -4.026970e-01  -4.086588e-01  7.837842e-02  2.730587e+00  1.292992e-01  1.018465e+00  4.188050e-02
   104  -3.906128e-01  -3.966129e-01  8.309731e-02  2.625691e+00  1.288612e-01  1.060951e+00  4.278138e-02
   105  -3.784460e-01  -3.844868e-01  8.805718e-02  2.520806e+00  1.284020e-01  1.107069e+00  4.374034e-02
   106  -3.661916e-01  -3.722756e-01  9.326673e-02  2.416116e+00  1.279206e-01  1.157209e+00  4.476190e-02
   107  -3.538440e-01  -3.599739e-01  9.873473e-02  2.311812e+00  1.274162e-01  1.211812e+00  4.585103e-02
   108  -3.413974e-01  -3.475761e-01  1.044700e-01  2.208084e+00  1.268879e-01  1.271377e+00  4.701321e-02
   109  -3.288457e-01  -3.350762e-01  1.104813e-01  2.105130e+00  1.263346e-01  1.336473e+00  4.825443e-02
   110  -3.161824e-01  -3.224679e-01  1.167774e-01  2.003144e+00  1.257554e-01  1.407746e+00  4.958134e-02
   111  -3.034005e-01  -3.097444e-01  1.233670e-01  1.902326e+00  1.251495e-01  1.485938e+00  5.100124e-02
   112  -2.904927e-01  -2.968987e-01  1.302589e-01  1.802870e+00  1.245158e-01  1.571895e+00  5.252226e-02
   113  -2.774512e-01  -2.839230e-01  1.374615e-01  1.704971e+00  1.238533e-01  1.666592e+00  5.415337e-02
   114  -2.642677e-01  -2.708095e-01  1.449834e-01  1.608821e+00  1.231610e-01  1.771151e+00  5.590455e-02
   115  -2.509333e-01  -2.575494e-01  1.528329e-01  1.514607e+00  1.224381e-01  1.886869e+00  5.778691e-02
   116  -2.374388e-01  -2.441337e-01  1.610180e-01  1.422508e+00  1.216836e-01  2.015252e+00  5.981284e-02
   117  -2.237740e-01  -2.305527e-01  1.695469e-01  1.332700e+00  1.208964e-01  2.158047e+00  6.199617e-02
   118  -2.099283e-01  -2.167960e-01  1.784273e-01  1.245348e+00  1.200757e-01  2.317298e+00  6.435242e-02
   119  -1.958904e-01  -2.028527e-01  1.876667e-01  1.160607e+00  1.192206e-01  2.495393e+00  6.689897e-02
   120  -1.816483e-01  -1.887110e-01  1.972725e-01  1.078625e+00  1.183302e-01  2.695142e+00  6.965539e-02
   121  -1.671889e-01  -1.743584e-01  2.072515e-01  9.995341e-01  1.174037e-01  2.919856e+00  7.264371e-02
   122  -1.524985e-01  -1.597816e-01  2.176105e-01  9.234557e-01  1.164404e-01  3.173453e+00  7.588884e-02
   123  -1.375625e-01  -1.449663e-01  2.283559e-01  8.504967e-01  1.154395e-01  3.460590e+00  7.941897e-02
   124  -1.223652e-01  -1.298974e-01  2.394938e-01  7.807495e-01  1.144004e-01  3.786818e+00  8.326607e-02
   125  -1.068899e-01  -1.145586e-01  2.510298e-01  7.142907e-01  1.133226e-01  4.158787e+00  8.746654e-02
   126  -9.111861e-02  -9.893265e-02  2.629693e-01  6.511807e-01  1.122057e-01  4.584490e+00  9.206182e-02
   127  -7.503247e-02  -8.300107e-02  2.753172e-01  5.914635e-01  1.110493e-01  5.073576e+00  9.709925e-02
   128  -5.861117e-02  -6.674421e-02  2.880780e-01  5.351654e-01  1.098533e-01  5.637745e+00  1.026330e-01
   129  -4.183314e-02  -5.014114e-02  3.012559e-01  4.822957e-01  1.086176e-01  6.291244e+00  1.087254e-01
   130  -2.467553e-02  -3.316961e-02  3.148546e-01  4.328457e-01  1.073424e-01  7.051494e+00  1.154477e-01
   131  -7.113983e-03  -1.580599e-02  3.288774e-01  3.867893e-01  1.060282e-01  7.939897e+00  1.228825e-01
   132  1.087704e-02  1.974686e-03  3.433271e-01  3.440833e-01  1.046754e-01  8.982850e+00  1.311245e-01
   133  2.932458e-02  2.019875e-02  3.582062e-01  3.046672e-01  1.032849e-01  1.021306e+01  1.402835e-01
   134  4.825691e-02  3.889390e-02  3.735166e-01  2.684641e-01  1.018579e-01  1.167123e+01  1.504864e-01
   135  6.770340e-02  5.808899e-02  3.892599e-01  2.353816e-01  1.003957e-01  1.340818e+01  1.618803e-01
   136  8.769441e-02  7.781392e-02  4.054373e-01  2.053121e-01  9.890026e-02  1.548769e+01  1.746352e-01
   137  1.082609e-01  9.809940e-02  4.220493e-01  1.781346e-01  9.737361e-02  1.799000e+01  1.889483e-01
   138  1.294340e-01  1.189765e-01  4.390963e-01  1.537153e-01  9.581831e-02  2.101642e+01  2.050477e-01
   139  1.512445e-01  1.404762e-01  4.565780e-01  1.319095e-01  9.423726e-02  2.469520e+01  2.231970e-01
   140  1.737217e-01  1.626285e-01  4.744939e-01  1.125630e-01  9.263376e-02  2.918902e+01  2.436998e-01
   141  1.968928e-01  1.854617e-01  4.928430e-01  9.551390e-02  9.101150e-02  3.470446e+01  2.669048e-01
   142  2.207816e-01  2.090014e-01  5.116240e-01  8.059428e-02  8.937447e-02  4.150391e+01  2.932101e-01
   143  2.454063e-01  2.332685e-01  5.308350e-01  6.763269e-02  8.772691e-02  4.992027e+01  3.230673e-01
   144  2.707785e-01  2.582777e-01  5.504739e-01  5.645603e-02  8.607323e-02  6.037478e+01  3.569838e-01
   145  2.969004e-01  2.840358e-01  5.705382e-01  4.689174e-02  8.441783e-02  7.339839e+01  3.955237e-01
   146  3.237629e-01  3.105393e-01  5.910251e-01  3.877012e-02  8.276490e-02  8.965609e+01  4.393050e-01
   147  3.513431e-01  3.377719e-01  6.119315e-01  3.192648e-02  8.111829e-02  1.099739e+02  4.889932e-01
   148  3.796021e-01  3.657024e-01  6.332539e-01  2.620328e-02  7.948121e-02  1.353668e+02  5.452902e-01
   149  4.084836e-01  3.942829e-01  6.549885e-01  2.145195e-02  7.785609e-02  1.670656e+02  6.089170e-01
   150  4.379130e-01  4.234475e-01  6.771312e-01  1.753449e-02  7.624441e-02  2.065394e+02  6.805926e-01
   151  4.677973e-01  4.531121e-01  6.996779e-01  1.432476e-02  7.464661e-02  2.555099e+02  7.610077e-01
   152  4.980270e-01  4.831751e-01  7.226239e-01  1.170932e-02  7.306222e-02  3.159526e+02  8.507962e-01
   153  5.284791e-01  5.135199e-01  7.459645e-01  9.587793e-03  7.148996e-02  3.900846e+02  9.505083e-01
   154  5.590212e-01  5.440186e-01  7.696946e-01  7.872828e-03  6.992809e-02  4.803341e+02  1.060588e+00
   155  5.895168e-01  5.745366e-01  7.938092e-01  6.489602e-03  6.837474e-02  5.892968e+02  1.181356e+00
   156  6.198309e-01  6.049383e-01  8.183029e-01  5.375010e-03  6.682832e-02  7.196817e+02  1.313009e+00
   157  6.498356e-01  6.350923e-01  8.431702e-01  4.476583e-03  6.528783e-02  8.742532e+02  1.455621e+00
   158  6.794147e-01  6.648769e-01  8.684054e-01  3.751252e-03  6.375308e-02  1.055779e+03  1.609159e+00
   159  7.084671e-01  6.941838e-01  8.940028e-01  3.164062e-03  6.222478e-02  1.266990e+03  1.773510e+00
   160  7.369096e-01  7.229212e-01  9.199565e-01  2.686907e-03  6.070446e-02  1.510557e+03  1.948503e+00
   161  7.646766e-01  7.510150e-01  9.462603e-01  2.297363e-03  5.919438e-02  1.789082e+03  2.133943e+00
   162  7.917209e-01  7.784093e-01  9.729084e-01  1.977635e-03  5.769724e-02  2.105117e+03  2.329631e+00
   163  8.180118e-01  8.050653e-01  9.998945e-01  1.713658e-03  5.621604e-02  2.461193e+03  2.535394e+00
   164  8.435331e-01  8.309599e-01  1.027212e+00  1.494338e-03  5.475377e-02  2.859856e+03  2.751100e+00
   165  8.682816e-01  8.560836e-01  1.054856e+00  1.310928e-03  5.331333e-02  3.303721e+03  2.976668e+00
   166  8.922640e-01  8.804383e-01  1.082819e+00  1.156528e-03  5.189730e-02  3.795521e+03  3.212087e+00
   167  9.154957e-01  9.040352e-01  1.111094e+00  1.025684e-03  5.050797e-02  4.338169e+03  3.457411e+00
   168  9.379978e-01  9.268925e-01  1.139677e+00  9.140715e-04  4.914721e-02  4.934810e+03  3.712772e+00
   169  9.597967e-01  9.490340e-01  1.168559e+00  8.182506e-04  4.781650e-02  5.588880e+03  3.978375e+00
   170  9.809213e-01  9.704874e-01  1.197736e+00  7.354726e-04  4.651699e-02  6.304167e+03  4.254502e+00
   171  1.001403e+00  9.912830e-01  1.227200e+00  6.635312e-04  4.524946e-02  7.084871e+03  4.541511e+00
   172  1.021275e+00  1.011453e+00  1.256946e+00  6.006466e-04  4.401442e-02  7.935668e+03  4.839837e+00
   173  1.040569e+00  1.031029e+00  1.286966e+00  5.453755e-04  4.281216e-02  8.861776e+03  5.149990e+00
   174  1.059318e+00  1.050044e+00  1.317256e+00  4.965414e-04  4.164275e-02  9.869039e+03  5.472557e+00
   175  1.077555e+00  1.068532e+00  1.347808e+00  4.531799e-04  4.050614e-02  1.096400e+04  5.808206e+00
   176  1.095312e+00  1.086524e+00  1.378616e+00  4.144967e-04  3.940216e-02  1.215399e+04  6.157681e+00
   177  1.112618e+00  1.104051e+00  1.409675e+00  3.798335e-04  3.833058e-02  1.344727e+04  6.521814e+00
   178  1.129506e+00  1.121144e+00  1.440978e+00  3.486424e-04  3.729113e-02  1.485310e+04  6.901522e+00
   179  1.146002e+00  1.137832e+00  1.472519e+00  3.204652e-04  3.628350e-02  1.638191e+04  7.297814e+00
   180  1.162135e+00  1.154143e+00  1.504292e+00  2.949163e-04  3.530742e-02  1.804547e+04  7.711794e+00
   181  1.177932e+00  1.170105e+00  1.536292e+00  2.716704e-04  3.436261e-02  1.985704e+04  8.144670e+00
   182  1.193419e+00  1.185744e+00  1.568512e+00  2.504516e-04  3.344883e-02  2.183161e+04  8.597761e+00
   183  1.208620e+00  1.201086e+00  1.600947e+00  2.310250e-04  3.256585e-02  2.398611e+04  9.072502e+00
   184  1.223560e+00  1.216154e+00  1.633591e+00  2.131898e-04  3.171348e-02  2.633975e+04  9.570455e+00
   185  1.238263e+00  1.230974e+00  1.666439e+00  1.967741e-04  3.089154e-02  2.891427e+04  1.009332e+01
   186  1.252751e+00  1.245567e+00  1.699484e+00  1.816302e-04  3.009986e-02  3.173435e+04  1.064293e+01
   187  1.267046e+00  1.259957e+00  1.732722e+00  1.676311e-04  2.933826e-02  3.482798e+04  1.122130e+01
   188  1.281170e+00  1.274166e+00  1.766147e+00  1.546670e-04  2.860651e-02  3.822697e+04  1.183059e+01
   189  1.295144e+00  1.288213e+00  1.799754e+00  1.426434e-04  2.790434e-02  4.196743e+04  1.247315e+01
   190  1.308988e+00  1.302121e+00  1.833536e+00  1.314786e-04  2.723140e-02  4.609034e+04  1.315150e+01
   191  1.322722e+00  1.315909e+00  1.867490e+00  1.211020e-04  2.658719e-02  5.064219e+04  1.386839e+01
   192  1.336365e+00  1.329597e+00  1.901609e+00  1.114523e-04  2.597108e-02  5.567575e+04  1.462677e+01
   193  1.349935e+00  1.343203e+00  1.935889e+00  1.024762e-04  2.538225e-02  6.125081e+04  1.542983e+01
   194  1.363451e+00  1.356746e+00  1.970325e+00  9.412751e-05  2.481964e-02  6.743505e+04  1.628103e+01
   195  1.376929e+00  1.370242e+00  2.004912e+00  8.636546e-05  2.428200e-02  7.430494e+04  1.718405e+01
   196  1.390385e+00  1.383709e+00  2.039645e+00  7.915425e-05  2.376786e-02  8.194656e+04  1.814285e+01
   197  1.403834e+00  1.397162e+00  2.074518e+00  7.246165e-05  2.327551e-02  9.045700e+04  1.916170e+01
   198  1.417289e+00  1.410613e+00  2.109526e+00  6.625820e-05  2.280307e-02  9.994561e+04  2.024516e+01
   199  1.430762e+00  1.424078e+00  2.144666e+00  6.051659e-05  2.234851e-02  1.105354e+05  2.139815e+01
   200  1.444265e+00  1.437566e+00  2.179932e+00  5.521103e-05  2.190975e-02  1.223645e+05  2.262591e+01
   201  1.457806e+00  1.451088e+00  2.215319e+00  5.031678e-05  2.148469e-02  1.355884e+05  2.393408e+01
   202  1.471393e+00  1.464653e+00  2.250822e+00  4.580969e-05  2.107134e-02  1.503822e+05  2.532870e+01
   203  1.485034e+00  1.478267e+00  2.286438e+00  4.166618e-05  2.066784e-02  1.669432e+05  2.681627e+01
   204  1.498733e+00  1.491938e+00  2.322160e+00  3.786314e-05  2.027254e-02  1.854938e+05  2.840373e+01
   205  1.512495e+00  1.505669e+00  2.357985e+00  3.437790e-05  1.988404e-02  2.062853e+05  3.009857e+01
   206  1.526323e+00  1.519464e+00  2.393907e+00  3.118842e-05  1.950118e-02  2.296023e+05  3.190881e+01
   207  1.540220e+00  1.533327e+00  2.429923e+00  2.827335e-05  1.912307e-02  2.557667e+05  3.384312e+01
   208  1.554187e+00  1.547260e+00  2.466027e+00  2.561223e-05  1.874900e-02  2.851436e+05  3.591080e+01
   209  1.568226e+00  1.561264e+00  2.502214e+00  2.318557e-05  1.837848e-02  3.181467e+05  3.812186e+01
   210  1.582338e+00  1.575339e+00  2.538480e+00  2.097493e-05  1.801115e-02  3.552457e+05  4.048712e+01
   211  1.596522e+00  1.589487e+00  2.574820e+00  1.896294e-05  1.764677e-02  3.969737e+05  4.301821e+01
   212  1.610779e+00  1.603709e+00  2.611229e+00  1.713334e-05  1.728520e-02  4.439363e+05  4.572771e+01
   213  1.625108e+00  1.618003e+00  2.647704e+00  1.547097e-05  1.692636e-02  4.968218e+05  4.862921e+01
   214  1.639510e+00  1.632369e+00  2.684236e+00  1.396174e-05  1.657023e-02  5.564115e+05  5.173729e+01
   215  1.653984e+00  1.646808e+00  2.720824e+00  1.259259e-05  1.621681e-02  6.235943e+05  5.506776e+01
   216  1.668529e+00  1.661317e+00  2.757461e+00  1.135140e-05  1.586616e-02  6.993825e+05  5.863774e+01
   217  1.683144e+00  1.675898e+00  2.794143e+00  1.022700e-05  1.551832e-02  7.849275e+05  6.246566e+01
   218  1.697828e+00  1.690548e+00  2.830864e+00  9.209087e-06  1.517339e-02  8.815401e+05  6.657146e+01
   219  1.712579e+00  1.705266e+00  2.867619e+00  8.288193e-06  1.483146e-02  9.907137e+05  7.097671e+01
   220  1.727397e+00  1.720051e+00  2.904402e+00  7.455596e-06  1.449261e-02  1.114152e+06  7.570477e+01
   221  1.742281e+00  1.734903e+00  2.941208e+00  6.703290e-06  1.415696e-02  1.253796e+06  8.078092e+01
   222  1.757229e+00  1.749819e+00  2.978032e+00  6.023939e-06  1.382461e-02  1.411864e+06  8.623251e+01
   223  1.772239e+00  1.764799e+00  3.014867e+00  5.410826e-06  1.349568e-02  1.590886e+06  9.208918e+01
   224  1.787310e+00  1.779840e+00  3.051708e+00  4.857815e-06  1.317025e-02  1.793750e+06  9.838304e+01
   225  1.802442e+00  1.794942e+00  3.088549e+00  4.359287e-06  1.284842e-02  2.023763e+06  1.051490e+02
   226  1.817631e+00  1.810103e+00  3.125383e+00  3.910098e-06  1.253035e-02  2.284708e+06  1.124249e+02
   227  1.832877e+00  1.825321e+00  3.162204e+00  3.505580e-06  1.221615e-02  2.580911e+06  1.202516e+02
   228  1.848178e+00  1.840595e+00  3.199004e+00  3.141492e-06  1.190585e-02  2.917318e+06  1.286736e+02
   229  1.863532e+00  1.855923e+00  3.235778e+00  2.813965e-06  1.159951e-02  3.299601e+06  1.377395e+02
   230  1.878939e+00  1.871304e+00  3.272518e+00  2.519465e-06  1.129722e-02  3.734271e+06  1.475019e+02
   231  1.894396e+00  1.886736e+00  3.309218e+00  2.254777e-06  1.099911e-02  4.228805e+06  1.580182e+02
   232  1.909902e+00  1.902218e+00  3.345867e+00  2.016985e-06  1.070533e-02  4.791786e+06  1.693505e+02
   233  1.925456e+00  1.917748e+00  3.382461e+00  1.803491e-06  1.041571e-02  5.433022e+06  1.815667e+02
   234  1.941055e+00  1.933325e+00  3.418989e+00  1.611865e-06  1.013053e-02  6.163896e+06  1.947410e+02
   235  1.956699e+00  1.948947e+00  3.455443e+00  1.439964e-06  9.849699e-03  6.997404e+06  2.089539e+02
   236  1.972386e+00  1.964613e+00  3.491816e+00  1.285817e-06  9.573308e-03  7.948583e+06  2.242937e+02
   237  1.988114e+00  1.980321e+00  3.528096e+00  1.147641e-06  9.301497e-03  9.034781e+06  2.408565e+02
   238  2.003882e+00  1.996070e+00  3.564275e+00  1.023855e-06  9.034096e-03  1.027588e+07  2.587474e+02
   239  2.019690e+00  2.011858e+00  3.600342e+00  9.129979e-07  8.771230e-03  1.169499e+07  2.780818e+02
   240  2.035534e+00  2.027684e+00  3.636288e+00  8.137643e-07  8.512867e-03  1.331875e+07  2.989858e+02
   241  2.051415e+00  2.043547e+00  3.672101e+00  7.249549e-07  8.259237e-03  1.517816e+07  3.215972e+02
   242  2.067331e+00  2.059446e+00  3.707770e+00  6.455359e-07  8.010008e-03  1.730865e+07  3.460677e+02
   243  2.083280e+00  2.075379e+00  3.743285e+00  5.745376e-07  7.765234e-03  1.975169e+07  3.725643e+02
   244  2.099261e+00  2.091344e+00  3.778631e+00  5.110662e-07  7.525335e-03  2.255589e+07  4.012696e+02
   245  2.115274e+00  2.107341e+00  3.813796e+00  4.543749e-07  7.289891e-03  2.577657e+07  4.323844e+02
   246  2.131316e+00  2.123369e+00  3.848769e+00  4.037619e-07  7.058848e-03  2.947866e+07  4.661312e+02
   247  2.147388e+00  2.139426e+00  3.883532e+00  3.585716e-07  6.832638e-03  3.373882e+07  5.027541e+02
   248  2.163487e+00  2.155512e+00  3.918075e+00  3.182735e-07  6.610565e-03  3.864384e+07  5.425231e+02
   249  2.179613e+00  2.171625e+00  3.952381e+00  2.823335e-07  6.393019e-03  4.429805e+07  5.857382e+02
   250  2.195764e+00  2.187764e+00  3.986434e+00  2.502843e-07  6.180262e-03  5.082330e+07  6.327286e+02
   251  2.211941e+00  2.203928e+00  4.020220e+00  2.217448e-07  5.971546e-03  5.835837e+07  6.838607e+02
   252  2.228141e+00  2.220116e+00  4.053721e+00  1.963221e-07  5.767403e-03  6.707191e+07  7.395423e+02
   253  2.244364e+00  2.236328e+00  4.086918e+00  1.736884e-07  5.567776e-03  7.715930e+07  8.002238e+02
   254  2.260609e+00  2.252562e+00  4.119796e+00  1.535628e-07  5.372089e-03  8.884694e+07  8.664095e+02
   255  2.276875e+00  2.268818e+00  4.152333e+00  1.356529e-07  5.181192e-03  1.024132e+08  9.386600e+02
   256  2.293161e+00  2.285094e+00  4.184514e+00  1.197482e-07  4.994027e-03  1.181696e+08  1.017602e+03
   257  2.309467e+00  2.301391e+00  4.216317e+00  1.056175e-07  4.811147e-03  1.365023e+08  1.103940e+03
   258  2.325792e+00  2.317706e+00  4.247720e+00  9.306540e-08  4.632781e-03  1.578668e+08  1.198458e+03
   259  2.342135e+00  2.334040e+00  4.278704e+00  8.193799e-08  4.458023e-03  1.827862e+08  1.302039e+03
   260  2.358495e+00  2.350392e+00  4.309247e+00  7.206715e-08  4.287528e-03  2.119138e+08  1.415682e+03
   261  2.374872e+00  2.366760e+00  4.339327e+00  6.332060e-08  4.121012e-03  2.460102e+08  1.540506e+03
   262  2.391265e+00  2.383145e+00  4.368920e+00  5.557483e-08  3.958471e-03  2.859948e+08  1.677780e+03
   263  2.407673e+00  2.399546e+00  4.398003e+00  4.872095e-08  3.799797e-03  3.329692e+08  1.828941e+03
   264  2.424096e+00  2.415962e+00  4.426551e+00  4.265983e-08  3.645021e-03  3.882674e+08  1.995622e+03
   265  2.440534e+00  2.432393e+00  4.454541e+00  3.730461e-08  3.494038e-03  4.534963e+08  2.179680e+03
   266  2.456985e+00  2.448837e+00  4.481946e+00  3.257662e-08  3.346840e-03  5.306113e+08  2.383237e+03
   267  2.473450e+00  2.465296e+00  4.508746e+00  2.840997e-08  3.202903e-03  6.219526e+08  2.608738e+03
   268  2.489928e+00  2.481767e+00  4.534908e+00  2.473241e-08  3.063300e-03  7.305313e+08  2.858971e+03
   269  2.506418e+00  2.498251e+00  4.560415e+00  2.150099e-08  2.926466e-03  8.597455e+08  3.137161e+03
   270  2.522920e+00  2.514747e+00  4.585232e+00  1.865329e-08  2.794009e-03  1.014216e+09  3.447038e+03
   271  2.539433e+00  2.531255e+00  4.609339e+00  1.615585e-08  2.664405e-03  1.199140e+09  3.792911e+03
   272  2.555958e+00  2.547774e+00  4.632710e+00  1.396351e-08  2.538391e-03  1.421432e+09  4.179854e+03
   273  2.572494e+00  2.564305e+00  4.655317e+00  1.204154e-08  2.415942e-03  1.689565e+09  4.613744e+03
   274  2.589040e+00  2.580846e+00  4.677135e+00  1.036037e-08  2.296701e-03  2.014061e+09  5.101501e+03
   275  2.605597e+00  2.597398e+00  4.698144e+00  8.892582e-09  2.180432e-03  2.408246e+09  5.651355e+03
   276  2.622164e+00  2.613959e+00  4.718316e+00  7.610517e-09  2.067798e-03  2.889561e+09  6.273020e+03
   277  2.638740e+00  2.630531e+00  4.737631e+00  6.495415e-09  1.957924e-03  3.479326e+09  6.978087e+03
   278  2.655325e+00  2.647112e+00  4.756067e+00  5.525592e-09  1.851302e-03  4.206128e+09  7.780539e+03
   279  2.671920e+00  2.663702e+00  4.773601e+00  4.683570e-09  1.748033e-03  5.106792e+09  8.697100e+03
   280  2.688524e+00  2.680302e+00  4.790222e+00  3.956655e-09  1.646976e-03  6.227708e+09  9.748327e+03
   281  2.705137e+00  2.696910e+00  4.805906e+00  3.326989e-09  1.549739e-03  7.635181e+09  1.095930e+04
   282  2.721759e+00  2.713527e+00  4.820645e+00  2.786211e-09  1.454668e-03  9.410311e+09  1.236086e+04
   283  2.738388e+00  2.730153e+00  4.834423e+00  2.320755e-09  1.363044e-03  1.167121e+10  1.399162e+04
   284  2.755026e+00  2.746787e+00  4.847237e+00  1.923188e-09  1.273693e-03  1.456954e+10  1.589991e+04
   285  2.771671e+00  2.763428e+00  4.859082e+00  1.583964e-09  1.187106e-03  1.832356e+10  1.814764e+04
   286  2.788323e+00  2.780077e+00  4.869952e+00  1.295147e-09  1.103750e-03  2.324051e+10  2.081339e+04
   287  2.804981e+00  2.796732e+00  4.879856e+00  1.051429e-09  1.022563e-03  2.974231e+10  2.399952e+04
   288  2.821645e+00  2.813393e+00  4.888804e+00  8.463189e-10  9.439229e-04  3.845897e+10  2.784213e+04
   289  2.838311e+00  2.830058e+00  4.896806e+00  6.745089e-10  8.680107e-04  5.032106e+10  3.252231e+04
   290  2.854978e+00  2.846725e+00  4.903884e+00  5.316700e-10  7.946105e-04  6.672379e+10  3.828596e+04
   291  2.871640e+00  2.863389e+00  4.910061e+00  4.137351e-10  7.238252e-04  8.983814e+10  4.547364e+04
   292  2.888290e+00  2.880045e+00  4.915372e+00  3.172114e-10  6.556930e-04  1.231122e+11  5.456487e+04
   293  2.904915e+00  2.896682e+00  4.919859e+00  2.393277e-10  5.894111e-04  1.721067e+11  6.625704e+04
   294  2.921493e+00  2.913283e+00  4.923565e+00  1.767007e-10  5.266377e-04  2.466072e+11  8.157605e+04
   295  2.937984e+00  2.929816e+00  4.926545e+00  1.274621e-10  4.665029e-04  3.632385e+11  1.020517e+05
   296  2.954314e+00  2.946225e+00  4.928872e+00  8.970491e-11  4.079227e-04  5.519438e+11  1.300890e+05
   297  2.970339e+00  2.962400e+00  4.930605e+00  6.089549e-11  3.543906e-04  8.723159e+11  1.693964e+05
   298  2.985770e+00  2.978123e+00  4.931833e+00  4.020497e-11  3.027516e-04  1.429477e+12  2.255561e+05
   299  3.000000e+00  2.992943e+00  4.932628e+00  2.547912e-11  2.600814e-04  2.433666e+12  3.056968e+05
