     i         log_r      log_rmid             m           rho            v2             p        trelax            kn
     0  -3.276485e+00  -3.577515e+00  4.936543e-05  1.000000e+06  2.174515e+00  2.174515e+06  6.781392e-07  2.733771e-05
     1  -3.270280e+00  -3.273372e+00  5.153900e-05  1.005401e+06  2.162833e+00  2.174515e+06  6.763152e-07  2.733771e-05
     2  -3.264077e+00  -3.267168e+00  5.380601e-05  1.004921e+06  2.162494e+00  2.173136e+06  6.766913e-07  2.734638e-05
     3  -3.257865e+00  -3.260960e+00  5.617461e-05  1.004427e+06  2.162145e+00  2.171716e+06  6.770789e-07  2.735531e-05
     4  -3.251652e+00  -3.254748e+00  5.864622e-05  1.003918e+06  2.161785e+00  2.170255e+06  6.774784e-07  2.736452e-05
     5  -3.245444e+00  -3.248537e+00  6.122269e-05  1.003395e+06  2.161415e+00  2.168753e+06  6.778898e-07  2.737400e-05
     6  -3.239223e+00  -3.242323e+00  6.391625e-05  1.002856e+06  2.161034e+00  2.167206e+06  6.783137e-07  2.738376e-05
     7  -3.233000e+00  -3.236101e+00  6.672776e-05  1.002301e+06  2.160642e+00  2.165614e+06  6.787508e-07  2.739383e-05
     8  -3.226768e+00  -3.229873e+00  6.966511e-05  1.001730e+06  2.160237e+00  2.163974e+06  6.792015e-07  2.740421e-05
     9  -3.220545e+00  -3.223645e+00  7.272580e-05  1.001142e+06  2.159821e+00  2.162288e+06  6.796657e-07  2.741489e-05
    10  -3.214313e+00  -3.217418e+00  7.592335e-05  1.000537e+06  2.159393e+00  2.160554e+06  6.801439e-07  2.742589e-05
    11  -3.208082e+00  -3.211186e+00  7.925890e-05  9.999151e+05  2.158952e+00  2.158769e+06  6.806367e-07  2.743723e-05
    12  -3.201846e+00  -3.204953e+00  8.274157e-05  9.992747e+05  2.158498e+00  2.156933e+06  6.811445e-07  2.744890e-05
    13  -3.195613e+00  -3.198719e+00  8.637379e-05  9.986159e+05  2.158031e+00  2.155044e+06  6.816676e-07  2.746093e-05
    14  -3.189379e+00  -3.192485e+00  9.016405e-05  9.979383e+05  2.157550e+00  2.153102e+06  6.822064e-07  2.747331e-05
    15  -3.183132e+00  -3.186244e+00  9.412640e-05  9.972407e+05  2.157055e+00  2.151103e+06  6.827621e-07  2.748607e-05
    16  -3.176888e+00  -3.179999e+00  9.825814e-05  9.965225e+05  2.156546e+00  2.149046e+06  6.833348e-07  2.749922e-05
    17  -3.170636e+00  -3.173751e+00  1.025750e-04  9.957836e+05  2.156021e+00  2.146930e+06  6.839251e-07  2.751277e-05
    18  -3.164391e+00  -3.167502e+00  1.070736e-04  9.950235e+05  2.155481e+00  2.144754e+06  6.845333e-07  2.752672e-05
    19  -3.158140e+00  -3.161254e+00  1.117716e-04  9.942419e+05  2.154925e+00  2.142517e+06  6.851598e-07  2.754109e-05
    20  -3.151887e+00  -3.155002e+00  1.166741e-04  9.934376e+05  2.154353e+00  2.140215e+06  6.858055e-07  2.755590e-05
    21  -3.145632e+00  -3.148748e+00  1.217905e-04  9.926102e+05  2.153764e+00  2.137848e+06  6.864710e-07  2.757114e-05
    22  -3.139374e+00  -3.142492e+00  1.271309e-04  9.917589e+05  2.153159e+00  2.135414e+06  6.871569e-07  2.758686e-05
    23  -3.133118e+00  -3.136235e+00  1.327005e-04  9.908835e+05  2.152535e+00  2.132911e+06  6.878636e-07  2.760304e-05
    24  -3.126857e+00  -3.129976e+00  1.385159e-04  9.899830e+05  2.151893e+00  2.130338e+06  6.885918e-07  2.761970e-05
    25  -3.120594e+00  -3.123714e+00  1.445845e-04  9.890566e+05  2.151233e+00  2.127691e+06  6.893426e-07  2.763688e-05
    26  -3.114331e+00  -3.117451e+00  1.509149e-04  9.881039e+05  2.150553e+00  2.124970e+06  6.901163e-07  2.765457e-05
    27  -3.108059e+00  -3.111184e+00  1.575290e-04  9.871236e+05  2.149854e+00  2.122171e+06  6.909140e-07  2.767280e-05
    28  -3.101791e+00  -3.104913e+00  1.644237e-04  9.861153e+05  2.149134e+00  2.119294e+06  6.917363e-07  2.769158e-05
    29  -3.095522e+00  -3.098645e+00  1.716176e-04  9.850789e+05  2.148393e+00  2.116337e+06  6.925834e-07  2.771092e-05
    30  -3.089250e+00  -3.092375e+00  1.791246e-04  9.840131e+05  2.147631e+00  2.113297e+06  6.934566e-07  2.773084e-05
    31  -3.082974e+00  -3.086101e+00  1.869613e-04  9.829167e+05  2.146847e+00  2.110172e+06  6.943569e-07  2.775137e-05
    32  -3.076695e+00  -3.079823e+00  1.951388e-04  9.817890e+05  2.146039e+00  2.106958e+06  6.952852e-07  2.777252e-05
    33  -3.070418e+00  -3.073545e+00  2.036668e-04  9.806297e+05  2.145209e+00  2.103656e+06  6.962419e-07  2.779431e-05
    34  -3.064137e+00  -3.067266e+00  2.125676e-04  9.794377e+05  2.144355e+00  2.100262e+06  6.972281e-07  2.781676e-05
    35  -3.057853e+00  -3.060984e+00  2.218557e-04  9.782118e+05  2.143475e+00  2.096773e+06  6.982450e-07  2.783989e-05
    36  -3.051570e+00  -3.054700e+00  2.315430e-04  9.769516e+05  2.142571e+00  2.093188e+06  6.992934e-07  2.786372e-05
    37  -3.045282e+00  -3.048415e+00  2.416522e-04  9.756559e+05  2.141640e+00  2.089504e+06  7.003741e-07  2.788828e-05
    38  -3.038993e+00  -3.042126e+00  2.522004e-04  9.743236e+05  2.140682e+00  2.085717e+06  7.014887e-07  2.791358e-05
    39  -3.032699e+00  -3.035834e+00  2.632088e-04  9.729537e+05  2.139696e+00  2.081826e+06  7.026382e-07  2.793966e-05
    40  -3.026406e+00  -3.029541e+00  2.746873e-04  9.715454e+05  2.138683e+00  2.077827e+06  7.038234e-07  2.796653e-05
    41  -3.020110e+00  -3.023247e+00  2.866651e-04  9.700981e+05  2.137640e+00  2.073720e+06  7.050455e-07  2.799421e-05
    42  -3.013813e+00  -3.016950e+00  2.991578e-04  9.686102e+05  2.136566e+00  2.069500e+06  7.063058e-07  2.802274e-05
    43  -3.007513e+00  -3.010652e+00  3.121906e-04  9.670810e+05  2.135463e+00  2.065165e+06  7.076054e-07  2.805213e-05
    44  -3.001209e+00  -3.004350e+00  3.257907e-04  9.655090e+05  2.134327e+00  2.060712e+06  7.089461e-07  2.808243e-05
    45  -2.994904e+00  -2.998045e+00  3.399746e-04  9.638931e+05  2.133158e+00  2.056136e+06  7.103291e-07  2.811365e-05
    46  -2.988596e+00  -2.991738e+00  3.547724e-04  9.622324e+05  2.131956e+00  2.051437e+06  7.117556e-07  2.814583e-05
    47  -2.982286e+00  -2.985429e+00  3.702053e-04  9.605257e+05  2.130720e+00  2.046611e+06  7.132271e-07  2.817900e-05
    48  -2.975975e+00  -2.979119e+00  3.863001e-04  9.587721e+05  2.129448e+00  2.041655e+06  7.147450e-07  2.821318e-05
    49  -2.969658e+00  -2.972805e+00  4.030957e-04  9.569698e+05  2.128139e+00  2.036565e+06  7.163112e-07  2.824842e-05
    50  -2.963340e+00  -2.966487e+00  4.206106e-04  9.551175e+05  2.126793e+00  2.031337e+06  7.179275e-07  2.828474e-05
    51  -2.957018e+00  -2.960167e+00  4.388801e-04  9.532144e+05  2.125408e+00  2.025970e+06  7.195951e-07  2.832219e-05
    52  -2.950695e+00  -2.953845e+00  4.579325e-04  9.512591e+05  2.123984e+00  2.020459e+06  7.213160e-07  2.836078e-05
    53  -2.944365e+00  -2.947518e+00  4.778138e-04  9.492496e+05  2.122519e+00  2.014800e+06  7.230924e-07  2.840058e-05
    54  -2.938036e+00  -2.941189e+00  4.985347e-04  9.471853e+05  2.121011e+00  2.008991e+06  7.249257e-07  2.844162e-05
    55  -2.931703e+00  -2.934858e+00  5.201481e-04  9.450652e+05  2.119462e+00  2.003029e+06  7.268177e-07  2.848391e-05
    56  -2.925366e+00  -2.928523e+00  5.426885e-04  9.428870e+05  2.117867e+00  1.996909e+06  7.287709e-07  2.852752e-05
    57  -2.919025e+00  -2.922184e+00  5.661971e-04  9.406494e+05  2.116227e+00  1.990628e+06  7.307875e-07  2.857250e-05
    58  -2.912683e+00  -2.915842e+00  5.907064e-04  9.383511e+05  2.114541e+00  1.984181e+06  7.328694e-07  2.861888e-05
    59  -2.906336e+00  -2.909497e+00  6.162668e-04  9.359907e+05  2.112806e+00  1.977567e+06  7.350191e-07  2.866670e-05
    60  -2.899985e+00  -2.903149e+00  6.429189e-04  9.335665e+05  2.111022e+00  1.970779e+06  7.372392e-07  2.871602e-05
    61  -2.893630e+00  -2.896796e+00  6.707104e-04  9.310768e+05  2.109187e+00  1.963815e+06  7.395321e-07  2.876690e-05
    62  -2.887272e+00  -2.890439e+00  6.996861e-04  9.285201e+05  2.107300e+00  1.956670e+06  7.419003e-07  2.881937e-05
    63  -2.880909e+00  -2.884079e+00  7.298974e-04  9.258948e+05  2.105359e+00  1.949341e+06  7.443467e-07  2.887350e-05
    64  -2.874542e+00  -2.877714e+00  7.613962e-04  9.231993e+05  2.103363e+00  1.941823e+06  7.468742e-07  2.892933e-05
    65  -2.868172e+00  -2.871345e+00  7.942322e-04  9.204318e+05  2.101310e+00  1.934113e+06  7.494856e-07  2.898694e-05
    66  -2.861795e+00  -2.864972e+00  8.284723e-04  9.175905e+05  2.099199e+00  1.926205e+06  7.521843e-07  2.904638e-05
    67  -2.855415e+00  -2.858593e+00  8.641640e-04  9.146735e+05  2.097028e+00  1.918096e+06  7.549736e-07  2.910771e-05
    68  -2.849030e+00  -2.852211e+00  9.013664e-04  9.116796e+05  2.094796e+00  1.909783e+06  7.578564e-07  2.917100e-05
    69  -2.842640e+00  -2.845823e+00  9.401486e-04  9.086066e+05  2.092500e+00  1.901260e+06  7.608364e-07  2.923631e-05
    70  -2.836244e+00  -2.839430e+00  9.805784e-04  9.054525e+05  2.090140e+00  1.892522e+06  7.639178e-07  2.930372e-05
    71  -2.829842e+00  -2.833031e+00  1.022722e-03  9.022153e+05  2.087712e+00  1.883566e+06  7.671044e-07  2.937331e-05
    72  -2.823435e+00  -2.826627e+00  1.066645e-03  8.988933e+05  2.085216e+00  1.874387e+06  7.704000e-07  2.944514e-05
    73  -2.817023e+00  -2.820217e+00  1.112418e-03  8.954850e+05  2.082650e+00  1.864982e+06  7.738086e-07  2.951929e-05
    74  -2.810605e+00  -2.813802e+00  1.160127e-03  8.919880e+05  2.080011e+00  1.855345e+06  7.773349e-07  2.959586e-05
    75  -2.804180e+00  -2.807381e+00  1.209843e-03  8.884004e+05  2.077298e+00  1.845472e+06  7.809835e-07  2.967492e-05
    76  -2.797749e+00  -2.800953e+00  1.261660e-03  8.847200e+05  2.074508e+00  1.835359e+06  7.847594e-07  2.975656e-05
    77  -2.791312e+00  -2.794519e+00  1.315650e-03  8.809449e+05  2.071640e+00  1.825001e+06  7.886678e-07  2.984089e-05
    78  -2.784867e+00  -2.788078e+00  1.371910e-03  8.770731e+05  2.068691e+00  1.814394e+06  7.927137e-07  2.992799e-05
    79  -2.778415e+00  -2.781629e+00  1.430537e-03  8.731021e+05  2.065659e+00  1.803532e+06  7.969032e-07  3.001797e-05
    80  -2.771957e+00  -2.775174e+00  1.491613e-03  8.690302e+05  2.062542e+00  1.792412e+06  8.012420e-07  3.011094e-05
    81  -2.765490e+00  -2.768711e+00  1.555254e-03  8.648552e+05  2.059338e+00  1.781029e+06  8.057361e-07  3.020701e-05
    82  -2.759015e+00  -2.762240e+00  1.621555e-03  8.605745e+05  2.056043e+00  1.769379e+06  8.103925e-07  3.030630e-05
    83  -2.752532e+00  -2.755761e+00  1.690622e-03  8.561863e+05  2.052657e+00  1.757457e+06  8.152176e-07  3.040892e-05
    84  -2.746040e+00  -2.749274e+00  1.762572e-03  8.516884e+05  2.049175e+00  1.745259e+06  8.202187e-07  3.051500e-05
    85  -2.739539e+00  -2.742777e+00  1.837521e-03  8.470784e+05  2.045596e+00  1.732780e+06  8.254037e-07  3.062468e-05
    86  -2.733029e+00  -2.736272e+00  1.915590e-03  8.423540e+05  2.041917e+00  1.720017e+06  8.307806e-07  3.073809e-05
    87  -2.726510e+00  -2.729757e+00  1.996900e-03  8.375130e+05  2.038135e+00  1.706965e+06  8.363575e-07  3.085539e-05
    88  -2.719980e+00  -2.723233e+00  2.081586e-03  8.325531e+05  2.034248e+00  1.693619e+06  8.421435e-07  3.097671e-05
    89  -2.713440e+00  -2.716698e+00  2.169788e-03  8.274719e+05  2.030252e+00  1.679976e+06  8.481483e-07  3.110224e-05
    90  -2.706889e+00  -2.710152e+00  2.261641e-03  8.222669e+05  2.026144e+00  1.666031e+06  8.543819e-07  3.123214e-05
    91  -2.700326e+00  -2.703595e+00  2.357288e-03  8.169362e+05  2.021922e+00  1.651781e+06  8.608543e-07  3.136657e-05
    92  -2.693753e+00  -2.697027e+00  2.456877e-03  8.114775e+05  2.017582e+00  1.637223e+06  8.675767e-07  3.150572e-05
    93  -2.687166e+00  -2.690447e+00  2.560586e-03  8.058881e+05  2.013122e+00  1.622351e+06  8.745612e-07  3.164979e-05
    94  -2.680568e+00  -2.683855e+00  2.668544e-03  8.001660e+05  2.008537e+00  1.607163e+06  8.818200e-07  3.179898e-05
    95  -2.673956e+00  -2.677250e+00  2.780947e-03  7.943090e+05  2.003826e+00  1.591657e+06  8.893661e-07  3.195351e-05
    96  -2.667331e+00  -2.670631e+00  2.897949e-03  7.883146e+05  1.998983e+00  1.575828e+06  8.972136e-07  3.211359e-05
    97  -2.660692e+00  -2.663999e+00  3.019750e-03  7.821806e+05  1.994007e+00  1.559673e+06  9.053774e-07  3.227947e-05
    98  -2.654038e+00  -2.657352e+00  3.146529e-03  7.759045e+05  1.988892e+00  1.543190e+06  9.138736e-07  3.245141e-05
    99  -2.647369e+00  -2.650691e+00  3.278481e-03  7.694843e+05  1.983636e+00  1.526376e+06  9.227186e-07  3.262965e-05
   100  -2.640684e+00  -2.644014e+00  3.415810e-03  7.629177e+05  1.978234e+00  1.509230e+06  9.319305e-07  3.281449e-05
   101  -2.633982e+00  -2.637320e+00  3.558731e-03  7.562024e+05  1.972682e+00  1.491747e+06  9.415284e-07  3.300621e-05
   102  -2.627263e+00  -2.630610e+00  3.707443e-03  7.493364e+05  1.966977e+00  1.473928e+06  9.515323e-07  3.320513e-05
   103  -2.620526e+00  -2.623882e+00  3.862193e-03  7.423175e+05  1.961115e+00  1.455770e+06  9.619640e-07  3.341157e-05
   104  -2.613771e+00  -2.617135e+00  4.023197e-03  7.351436e+05  1.955090e+00  1.437272e+06  9.728467e-07  3.362589e-05
   105  -2.606996e+00  -2.610370e+00  4.190697e-03  7.278130e+05  1.948900e+00  1.418434e+06  9.842047e-07  3.384844e-05
   106  -2.600201e+00  -2.603585e+00  4.364955e-03  7.203235e+05  1.942538e+00  1.399256e+06  9.960649e-07  3.407962e-05
   107  -2.593385e+00  -2.596779e+00  4.546218e-03  7.126731e+05  1.936001e+00  1.379736e+06  1.008456e-06  3.431984e-05
   108  -2.586547e+00  -2.589952e+00  4.734748e-03  7.048603e+05  1.929284e+00  1.359876e+06  1.021407e-06  3.456954e-05
   109  -2.579686e+00  -2.583103e+00  4.930837e-03  6.968834e+05  1.922383e+00  1.339676e+06  1.034951e-06  3.482918e-05
   110  -2.572801e+00  -2.576230e+00  5.134764e-03  6.887404e+05  1.915291e+00  1.319138e+06  1.049125e-06  3.509928e-05
   111  -2.565891e+00  -2.569332e+00  5.346829e-03  6.804299e+05  1.908003e+00  1.298263e+06  1.063964e-06  3.538034e-05
   112  -2.558956e+00  -2.562410e+00  5.567324e-03  6.719507e+05  1.900516e+00  1.277053e+06  1.079510e-06  3.567293e-05
   113  -2.551993e+00  -2.555460e+00  5.796581e-03  6.633015e+05  1.892822e+00  1.255512e+06  1.095807e-06  3.597766e-05
   114  -2.545002e+00  -2.548484e+00  6.034915e-03  6.544810e+05  1.884917e+00  1.233643e+06  1.112902e-06  3.629515e-05
   115  -2.537982e+00  -2.541478e+00  6.282676e-03  6.454882e+05  1.876795e+00  1.211449e+06  1.130845e-06  3.662610e-05
   116  -2.530931e+00  -2.534442e+00  6.540210e-03  6.363222e+05  1.868449e+00  1.188936e+06  1.149694e-06  3.697124e-05
   117  -2.523847e+00  -2.527374e+00  6.807874e-03  6.269824e+05  1.859874e+00  1.166108e+06  1.169507e-06  3.733136e-05
   118  -2.516730e+00  -2.520274e+00  7.086044e-03  6.174682e+05  1.851063e+00  1.142973e+06  1.190350e-06  3.770729e-05
   119  -2.509578e+00  -2.513139e+00  7.375103e-03  6.077793e+05  1.842010e+00  1.119536e+06  1.212294e-06  3.809994e-05
   120  -2.502389e+00  -2.505968e+00  7.675455e-03  5.979155e+05  1.832708e+00  1.095805e+06  1.235417e-06  3.851028e-05
   121  -2.495161e+00  -2.498760e+00  7.987504e-03  5.878770e+05  1.823150e+00  1.071788e+06  1.259802e-06  3.893936e-05
   122  -2.487893e+00  -2.491512e+00  8.311671e-03  5.776642e+05  1.813329e+00  1.047496e+06  1.285542e-06  3.938829e-05
   123  -2.480582e+00  -2.484222e+00  8.648426e-03  5.672773e+05  1.803238e+00  1.022936e+06  1.312738e-06  3.985833e-05
   124  -2.473227e+00  -2.476889e+00  8.998165e-03  5.567174e+05  1.792868e+00  9.981208e+05  1.341501e-06  4.035076e-05
   125  -2.465826e+00  -2.469511e+00  9.361386e-03  5.459860e+05  1.782213e+00  9.730633e+05  1.371951e-06  4.086700e-05
   126  -2.458376e+00  -2.462085e+00  9.738557e-03  5.350843e+05  1.771263e+00  9.477752e+05  1.404223e-06  4.140860e-05
   127  -2.450875e+00  -2.454609e+00  1.013019e-02  5.240140e+05  1.760011e+00  9.222706e+05  1.438465e-06  4.197726e-05
   128  -2.443319e+00  -2.447081e+00  1.053678e-02  5.127771e+05  1.748448e+00  8.965640e+05  1.474841e-06  4.257480e-05
   129  -2.435707e+00  -2.439497e+00  1.095886e-02  5.013762e+05  1.736564e+00  8.706718e+05  1.513530e-06  4.320321e-05
   130  -2.428036e+00  -2.431854e+00  1.139696e-02  4.898143e+05  1.724350e+00  8.446113e+05  1.554733e-06  4.386466e-05
   131  -2.420301e+00  -2.424151e+00  1.185164e-02  4.780947e+05  1.711797e+00  8.184010e+05  1.598674e-06  4.456154e-05
   132  -2.412500e+00  -2.416383e+00  1.232348e-02  4.662211e+05  1.698893e+00  7.920600e+05  1.645603e-06  4.529646e-05
   133  -2.404629e+00  -2.408547e+00  1.281308e-02  4.541975e+05  1.685629e+00  7.656086e+05  1.695798e-06  4.607230e-05
   134  -2.396685e+00  -2.400639e+00  1.332102e-02  4.420288e+05  1.671993e+00  7.390693e+05  1.749573e-06  4.689221e-05
   135  -2.388662e+00  -2.392655e+00  1.384795e-02  4.297204e+05  1.657975e+00  7.124655e+05  1.807279e-06  4.775967e-05
   136  -2.380557e+00  -2.384591e+00  1.439450e-02  4.172777e+05  1.643560e+00  6.858211e+05  1.869313e-06  4.867857e-05
   137  -2.372365e+00  -2.376442e+00  1.496132e-02  4.047073e+05  1.628738e+00  6.591622e+05  1.936125e-06  4.965319e-05
   138  -2.364079e+00  -2.368202e+00  1.554911e-02  3.920162e+05  1.613494e+00  6.325159e+05  2.008225e-06  5.068828e-05
   139  -2.355696e+00  -2.359867e+00  1.615855e-02  3.792120e+05  1.597815e+00  6.059107e+05  2.086194e-06  5.178917e-05
   140  -2.347207e+00  -2.351431e+00  1.679038e-02  3.663029e+05  1.581686e+00  5.793762e+05  2.170698e-06  5.296182e-05
   141  -2.338607e+00  -2.342886e+00  1.744530e-02  3.532982e+05  1.565091e+00  5.529438e+05  2.262501e-06  5.421292e-05
   142  -2.329889e+00  -2.334226e+00  1.812408e-02  3.402076e+05  1.548014e+00  5.266462e+05  2.362482e-06  5.554997e-05
   143  -2.321043e+00  -2.325443e+00  1.882751e-02  3.270417e+05  1.530438e+00  5.005169e+05  2.471662e-06  5.698150e-05
   144  -2.312062e+00  -2.316529e+00  1.955637e-02  3.138120e+05  1.512343e+00  4.745914e+05  2.591226e-06  5.851717e-05
   145  -2.302935e+00  -2.307474e+00  2.031146e-02  3.005310e+05  1.493711e+00  4.489064e+05  2.722560e-06  6.016797e-05
   146  -2.293652e+00  -2.298268e+00  2.109364e-02  2.872120e+05  1.474520e+00  4.234997e+05  2.867294e-06  6.194649e-05
   147  -2.284200e+00  -2.288900e+00  2.190376e-02  2.738693e+05  1.454747e+00  3.984104e+05  3.027353e-06  6.386721e-05
   148  -2.274568e+00  -2.279358e+00  2.274267e-02  2.605184e+05  1.434368e+00  3.736792e+05  3.205025e-06  6.594681e-05
   149  -2.264740e+00  -2.269626e+00  2.361129e-02  2.471759e+05  1.413357e+00  3.493478e+05  3.403047e-06  6.820469e-05
   150  -2.254698e+00  -2.259690e+00  2.451054e-02  2.338594e+05  1.391686e+00  3.254588e+05  3.624721e-06  7.066352e-05
   151  -2.244426e+00  -2.249532e+00  2.544136e-02  2.205878e+05  1.369323e+00  3.020560e+05  3.874052e-06  7.334990e-05
   152  -2.233902e+00  -2.239132e+00  2.640469e-02  2.073817e+05  1.346234e+00  2.791844e+05  4.155939e-06  7.629529e-05
   153  -2.223102e+00  -2.228469e+00  2.740152e-02  1.942627e+05  1.322383e+00  2.568897e+05  4.476432e-06  7.953714e-05
   154  -2.211999e+00  -2.217515e+00  2.843287e-02  1.812540e+05  1.297727e+00  2.352182e+05  4.843070e-06  8.312043e-05
   155  -2.200562e+00  -2.206243e+00  2.949974e-02  1.683804e+05  1.272222e+00  2.142172e+05  5.265347e-06  8.709958e-05
   156  -2.188753e+00  -2.194617e+00  3.060319e-02  1.556684e+05  1.245816e+00  1.939342e+05  5.755361e-06  9.154109e-05
   157  -2.176532e+00  -2.182599e+00  3.174428e-02  1.431463e+05  1.218451e+00  1.744168e+05  6.328717e-06  9.652706e-05
   158  -2.163847e+00  -2.170143e+00  3.292412e-02  1.308445e+05  1.190062e+00  1.557130e+05  7.005834e-06  1.021600e-04
   159  -2.150640e+00  -2.157193e+00  3.414379e-02  1.187951e+05  1.160574e+00  1.378705e+05  7.813852e-06  1.085694e-04
   160  -2.136839e+00  -2.143684e+00  3.540444e-02  1.070328e+05  1.129901e+00  1.209364e+05  8.789477e-06  1.159217e-04
   161  -2.122357e+00  -2.129537e+00  3.670722e-02  9.559464e+04  1.097940e+00  1.049572e+05  9.983370e-06  1.244335e-04
   162  -2.107086e+00  -2.114654e+00  3.805332e-02  8.452030e+04  1.064573e+00  8.997804e+04  1.146704e-05  1.343925e-04
   163  -2.090892e+00  -2.098913e+00  3.944390e-02  7.385252e+04  1.029656e+00  7.604272e+04  1.334408e-05  1.461889e-04
   164  -2.073601e+00  -2.082160e+00  4.088021e-02  6.363722e+04  9.930155e-01  6.319275e+04  1.576924e-05  1.603650e-04
   165  -2.054989e+00  -2.064195e+00  4.236348e-02  5.392405e+04  9.544339e-01  5.146694e+04  1.898211e-05  1.776966e-04
   166  -2.034750e+00  -2.044751e+00  4.389496e-02  4.476694e+04  9.136372e-01  4.090074e+04  2.336984e-05  1.993323e-04
   167  -2.012461e+00  -2.023462e+00  4.547592e-02  3.622482e+04  8.702681e-01  3.152531e+04  2.959151e-05  2.270459e-04
   168  -1.987508e+00  -1.999805e+00  4.710768e-02  2.836250e+04  8.238454e-01  2.336632e+04  3.884477e-05  2.637231e-04
   169  -1.958953e+00  -1.972996e+00  4.879156e-02  2.125207e+04  7.736914e-01  1.644254e+04  5.349521e-05  3.143828e-04
   170  -1.925254e+00  -1.941777e+00  5.052886e-02  1.497514e+04  7.187978e-01  1.076410e+04  7.876363e-05  3.885567e-04
   171  -1.883614e+00  -1.903935e+00  5.232095e-02  9.625759e+03  6.575289e-01  6.329215e+03  1.281172e-04  5.067203e-04
   172  -1.828153e+00  -1.854998e+00  5.416922e-02  5.315660e+03  5.868608e-01  3.119552e+03  2.455700e-04  7.217672e-04
   173  -1.743163e+00  -1.783582e+00  5.607503e-02  2.183983e+03  4.997417e-01  1.091428e+03  6.477059e-04  1.220242e-03
   174  -1.565975e+00  -1.645594e+00  5.803982e-02  4.164796e+02  3.707144e-01  1.543950e+02  3.943542e-03  3.244342e-03
   175  -1.090640e+00  -1.266284e+00  6.006498e-02  1.180593e+01  1.608525e-01  1.899013e+00  2.111961e-01  2.925360e-02
   176  -2.922239e-01  -5.291448e-01  6.215198e-02  4.732228e-02  4.623413e-02  2.187904e-03  9.827725e+01  8.618448e-01
   177  3.057462e-01  1.024473e-01  6.430225e-02  7.932555e-04  3.951206e-02  3.134316e-05  6.341939e+03  7.200653e+00
   178  4.529128e-01  3.855335e-01  6.651726e-02  4.558469e-04  3.297332e-02  1.503079e-05  1.208091e+04  1.039806e+01
   179  5.336733e-01  4.951676e-01  6.879851e-02  4.011090e-04  3.092164e-02  1.240295e-05  1.417772e+04  1.144671e+01
   180  5.898252e-01  5.626562e-01  7.114747e-02  3.726736e-04  2.998943e-02  1.117627e-05  1.549485e+04  1.205854e+01
   181  6.330353e-01  6.119675e-01  7.356565e-02  3.546381e-04  2.936939e-02  1.041550e-05  1.645383e+04  1.249117e+01
   182  6.682528e-01  6.510010e-01  7.605458e-02  3.420075e-04  2.887954e-02  9.877019e-06  1.720558e+04  1.282715e+01
   183  6.980528e-01  6.834084e-01  7.861579e-02  3.324975e-04  2.846621e-02  9.464942e-06  1.782571e+04  1.310341e+01
   184  7.239464e-01  7.111926e-01  8.125079e-02  3.249338e-04  2.810689e-02  9.132878e-06  1.835687e+04  1.333950e+01
   185  7.468950e-01  7.355723e-01  8.396115e-02  3.186672e-04  2.778849e-02  8.855281e-06  1.882479e+04  1.354697e+01
   186  7.675464e-01  7.573435e-01  8.674840e-02  3.133151e-04  2.750194e-02  8.616773e-06  1.924585e+04  1.373317e+01
   187  7.863573e-01  7.770537e-01  8.961413e-02  3.086383e-04  2.724051e-02  8.407463e-06  1.963101e+04  1.390307e+01
   188  8.036609e-01  7.950953e-01  9.255987e-02  3.044789e-04  2.699912e-02  8.220661e-06  1.998794e+04  1.406015e+01
   189  8.197080e-01  8.117585e-01  9.558720e-02  3.007272e-04  2.677394e-02  8.051652e-06  2.032222e+04  1.420695e+01
   190  8.346916e-01  8.272644e-01  9.869768e-02  2.973038e-04  2.656207e-02  7.897003e-06  2.063805e+04  1.434538e+01
   191  8.487638e-01  8.417847e-01  1.018929e-01  2.941493e-04  2.636125e-02  7.754142e-06  2.093868e+04  1.447693e+01
   192  8.620461e-01  8.554557e-01  1.051744e-01  2.912181e-04  2.616975e-02  7.621102e-06  2.122667e+04  1.460274e+01
   193  8.746372e-01  8.683872e-01  1.085438e-01  2.884742e-04  2.598620e-02  7.496347e-06  2.150412e+04  1.472375e+01
   194  8.866186e-01  8.806692e-01  1.120026e-01  2.858889e-04  2.580951e-02  7.378654e-06  2.177272e+04  1.484071e+01
   195  8.980579e-01  8.923759e-01  1.155524e-01  2.834390e-04  2.563881e-02  7.267039e-06  2.203390e+04  1.495425e+01
   196  9.090124e-01  9.035697e-01  1.191948e-01  2.811053e-04  2.547337e-02  7.160700e-06  2.228885e+04  1.506488e+01
   197  9.195303e-01  9.143032e-01  1.229312e-01  2.788720e-04  2.531258e-02  7.058971e-06  2.253860e+04  1.517304e+01
   198  9.296534e-01  9.246214e-01  1.267634e-01  2.767257e-04  2.515595e-02  6.961298e-06  2.278401e+04  1.527911e+01
   199  9.394174e-01  9.345628e-01  1.306927e-01  2.746552e-04  2.500304e-02  6.867215e-06  2.302585e+04  1.538342e+01
   200  9.488534e-01  9.441610e-01  1.347208e-01  2.726509e-04  2.485348e-02  6.776326e-06  2.326480e+04  1.548624e+01
   201  9.579887e-01  9.534451e-01  1.388490e-01  2.707046e-04  2.470697e-02  6.688290e-06  2.350145e+04  1.558783e+01
   202  9.668472e-01  9.624405e-01  1.430790e-01  2.688091e-04  2.456322e-02  6.602817e-06  2.373632e+04  1.568840e+01
   203  9.754501e-01  9.711700e-01  1.474123e-01  2.669582e-04  2.442200e-02  6.519653e-06  2.396989e+04  1.578814e+01
   204  9.838162e-01  9.796533e-01  1.518502e-01  2.651465e-04  2.428310e-02  6.438578e-06  2.420260e+04  1.588723e+01
   205  9.919621e-01  9.879083e-01  1.563943e-01  2.633691e-04  2.414634e-02  6.359400e-06  2.443484e+04  1.598583e+01
   206  9.999030e-01  9.959507e-01  1.610460e-01  2.616218e-04  2.401156e-02  6.281948e-06  2.466697e+04  1.608407e+01
   207  1.007652e+00  1.003795e+00  1.658067e-01  2.599009e-04  2.387861e-02  6.206073e-06  2.489933e+04  1.618210e+01
   208  1.015222e+00  1.011454e+00  1.706778e-01  2.582029e-04  2.374738e-02  6.131643e-06  2.513223e+04  1.628002e+01
   209  1.022624e+00  1.018939e+00  1.756607e-01  2.565249e-04  2.361774e-02  6.058538e-06  2.536596e+04  1.637794e+01
   210  1.029867e+00  1.026260e+00  1.807567e-01  2.548640e-04  2.348961e-02  5.986654e-06  2.560081e+04  1.647598e+01
   211  1.036961e+00  1.033428e+00  1.859671e-01  2.532178e-04  2.336289e-02  5.915898e-06  2.583703e+04  1.657421e+01
   212  1.043913e+00  1.040451e+00  1.912933e-01  2.515840e-04  2.323750e-02  5.846183e-06  2.607488e+04  1.667274e+01
   213  1.050733e+00  1.047337e+00  1.967366e-01  2.499607e-04  2.311338e-02  5.777435e-06  2.631459e+04  1.677165e+01
   214  1.057426e+00  1.054093e+00  2.022981e-01  2.483459e-04  2.299046e-02  5.709586e-06  2.655640e+04  1.687101e+01
   215  1.064000e+00  1.060726e+00  2.079790e-01  2.467379e-04  2.286869e-02  5.642573e-06  2.680054e+04  1.697089e+01
   216  1.070459e+00  1.067242e+00  2.137806e-01  2.451353e-04  2.274801e-02  5.576341e-06  2.704721e+04  1.707138e+01
   217  1.076811e+00  1.073647e+00  2.197041e-01  2.435365e-04  2.262839e-02  5.510839e-06  2.729664e+04  1.717253e+01
   218  1.083058e+00  1.079946e+00  2.257504e-01  2.419402e-04  2.250979e-02  5.446023e-06  2.754902e+04  1.727442e+01
   219  1.089208e+00  1.086144e+00  2.319208e-01  2.403453e-04  2.239216e-02  5.381850e-06  2.780458e+04  1.737711e+01
   220  1.095263e+00  1.092246e+00  2.382162e-01  2.387507e-04  2.227547e-02  5.318284e-06  2.806350e+04  1.748065e+01
   221  1.101228e+00  1.098256e+00  2.446377e-01  2.371553e-04  2.215971e-02  5.255291e-06  2.832600e+04  1.758510e+01
   222  1.107107e+00  1.104177e+00  2.511862e-01  2.355581e-04  2.204483e-02  5.192840e-06  2.859226e+04  1.769053e+01
   223  1.112903e+00  1.110015e+00  2.578626e-01  2.339584e-04  2.193083e-02  5.130902e-06  2.886249e+04  1.779698e+01
   224  1.118620e+00  1.115771e+00  2.646680e-01  2.323553e-04  2.181768e-02  5.069453e-06  2.913689e+04  1.790452e+01
   225  1.124261e+00  1.121450e+00  2.716031e-01  2.307481e-04  2.170536e-02  5.008471e-06  2.941565e+04  1.801319e+01
   226  1.129829e+00  1.127054e+00  2.786687e-01  2.291361e-04  2.159387e-02  4.947933e-06  2.969897e+04  1.812305e+01
   227  1.135326e+00  1.132586e+00  2.858656e-01  2.275186e-04  2.148317e-02  4.887822e-06  2.998705e+04  1.823415e+01
   228  1.140756e+00  1.138050e+00  2.931946e-01  2.258953e-04  2.137327e-02  4.828121e-06  3.028010e+04  1.834654e+01
   229  1.146120e+00  1.143446e+00  3.006563e-01  2.242654e-04  2.126416e-02  4.768814e-06  3.057832e+04  1.846027e+01
   230  1.151422e+00  1.148779e+00  3.082514e-01  2.226286e-04  2.115581e-02  4.709889e-06  3.088191e+04  1.857539e+01
   231  1.156663e+00  1.154050e+00  3.159805e-01  2.209844e-04  2.104824e-02  4.651332e-06  3.119109e+04  1.869195e+01
   232  1.161845e+00  1.159262e+00  3.238442e-01  2.193325e-04  2.094142e-02  4.593134e-06  3.150605e+04  1.881000e+01
   233  1.166971e+00  1.164415e+00  3.318430e-01  2.176724e-04  2.083536e-02  4.535284e-06  3.182703e+04  1.892958e+01
   234  1.172042e+00  1.169514e+00  3.399773e-01  2.160040e-04  2.073005e-02  4.477774e-06  3.215423e+04  1.905076e+01
   235  1.177060e+00  1.174558e+00  3.482476e-01  2.143269e-04  2.062549e-02  4.420596e-06  3.248787e+04  1.917356e+01
   236  1.182027e+00  1.179551e+00  3.566544e-01  2.126409e-04  2.052166e-02  4.363744e-06  3.282819e+04  1.929806e+01
   237  1.186945e+00  1.184493e+00  3.651978e-01  2.109458e-04  2.041858e-02  4.307213e-06  3.317542e+04  1.942429e+01
   238  1.191815e+00  1.189387e+00  3.738783e-01  2.092414e-04  2.031624e-02  4.250998e-06  3.352978e+04  1.955230e+01
   239  1.196639e+00  1.194233e+00  3.826961e-01  2.075276e-04  2.021463e-02  4.195095e-06  3.389153e+04  1.968214e+01
   240  1.201417e+00  1.199034e+00  3.916514e-01  2.058044e-04  2.011376e-02  4.139500e-06  3.426090e+04  1.981387e+01
   241  1.206152e+00  1.203791e+00  4.007443e-01  2.040715e-04  2.001362e-02  4.084211e-06  3.463815e+04  1.994753e+01
   242  1.210845e+00  1.208505e+00  4.099751e-01  2.023291e-04  1.991422e-02  4.029226e-06  3.502354e+04  2.008318e+01
   243  1.215497e+00  1.213178e+00  4.193438e-01  2.005770e-04  1.981555e-02  3.974543e-06  3.541733e+04  2.022086e+01
   244  1.220110e+00  1.217810e+00  4.288503e-01  1.988153e-04  1.971761e-02  3.920163e-06  3.581979e+04  2.036063e+01
   245  1.224684e+00  1.222403e+00  4.384948e-01  1.970440e-04  1.962041e-02  3.866084e-06  3.623120e+04  2.050254e+01
   246  1.229220e+00  1.226958e+00  4.482772e-01  1.952632e-04  1.952393e-02  3.812306e-06  3.665185e+04  2.064664e+01
   247  1.233721e+00  1.231476e+00  4.581974e-01  1.934730e-04  1.942819e-02  3.758830e-06  3.708203e+04  2.079299e+01
   248  1.238186e+00  1.235959e+00  4.682552e-01  1.916734e-04  1.933318e-02  3.705657e-06  3.752204e+04  2.094164e+01
   249  1.242617e+00  1.240407e+00  4.784506e-01  1.898647e-04  1.923890e-02  3.652788e-06  3.797219e+04  2.109264e+01
   250  1.247015e+00  1.244822e+00  4.887832e-01  1.880470e-04  1.914535e-02  3.600225e-06  3.843280e+04  2.124606e+01
   251  1.251381e+00  1.249204e+00  4.992529e-01  1.862204e-04  1.905253e-02  3.547969e-06  3.890420e+04  2.140195e+01
   252  1.255716e+00  1.253554e+00  5.098594e-01  1.843851e-04  1.896044e-02  3.496023e-06  3.938673e+04  2.156037e+01
   253  1.260021e+00  1.257874e+00  5.206023e-01  1.825415e-04  1.886907e-02  3.444388e-06  3.988073e+04  2.172137e+01
   254  1.264296e+00  1.262163e+00  5.314812e-01  1.806897e-04  1.877843e-02  3.393069e-06  4.038657e+04  2.188502e+01
   255  1.268542e+00  1.266424e+00  5.424959e-01  1.788299e-04  1.868852e-02  3.342067e-06  4.090462e+04  2.205138e+01
   256  1.272761e+00  1.270657e+00  5.536457e-01  1.769626e-04  1.859932e-02  3.291385e-06  4.143525e+04  2.222051e+01
   257  1.276953e+00  1.274862e+00  5.649304e-01  1.750879e-04  1.851085e-02  3.241026e-06  4.197886e+04  2.239247e+01
   258  1.281119e+00  1.279041e+00  5.763493e-01  1.732063e-04  1.842309e-02  3.190995e-06  4.253585e+04  2.256733e+01
   259  1.285260e+00  1.283195e+00  5.879020e-01  1.713179e-04  1.833605e-02  3.141294e-06  4.310665e+04  2.274516e+01
   260  1.289376e+00  1.287323e+00  5.995879e-01  1.694233e-04  1.824972e-02  3.091927e-06  4.369169e+04  2.292602e+01
   261  1.293469e+00  1.291427e+00  6.114063e-01  1.675227e-04  1.816409e-02  3.042897e-06  4.429141e+04  2.310998e+01
   262  1.297538e+00  1.295508e+00  6.233566e-01  1.656165e-04  1.807916e-02  2.994208e-06  4.490628e+04  2.329712e+01
   263  1.301586e+00  1.299567e+00  6.354383e-01  1.637052e-04  1.799493e-02  2.945865e-06  4.553678e+04  2.348750e+01
   264  1.305611e+00  1.303603e+00  6.476505e-01  1.617892e-04  1.791140e-02  2.897870e-06  4.618339e+04  2.368121e+01
   265  1.309616e+00  1.307618e+00  6.599927e-01  1.598688e-04  1.782855e-02  2.850228e-06  4.684663e+04  2.387830e+01
   266  1.313600e+00  1.311612e+00  6.724639e-01  1.579445e-04  1.774638e-02  2.802943e-06  4.752703e+04  2.407887e+01
   267  1.317565e+00  1.315587e+00  6.850636e-01  1.560168e-04  1.766488e-02  2.756018e-06  4.822512e+04  2.428300e+01
   268  1.321510e+00  1.319542e+00  6.977908e-01  1.540861e-04  1.758405e-02  2.709457e-06  4.894149e+04  2.449075e+01
   269  1.325438e+00  1.323478e+00  7.106448e-01  1.521529e-04  1.750388e-02  2.663265e-06  4.967670e+04  2.470223e+01
   270  1.329347e+00  1.327397e+00  7.236247e-01  1.502176e-04  1.742435e-02  2.617445e-06  5.043137e+04  2.491750e+01
   271  1.333240e+00  1.331298e+00  7.367296e-01  1.482808e-04  1.734547e-02  2.572001e-06  5.120613e+04  2.513667e+01
   272  1.337116e+00  1.335182e+00  7.499587e-01  1.463430e-04  1.726723e-02  2.526937e-06  5.200162e+04  2.535981e+01
   273  1.340976e+00  1.339051e+00  7.633112e-01  1.444045e-04  1.718960e-02  2.482257e-06  5.281852e+04  2.558703e+01
   274  1.344821e+00  1.342903e+00  7.767859e-01  1.424661e-04  1.711259e-02  2.437964e-06  5.365753e+04  2.581842e+01
   275  1.348651e+00  1.346741e+00  7.903821e-01  1.405281e-04  1.703618e-02  2.394062e-06  5.451936e+04  2.605407e+01
   276  1.352467e+00  1.350564e+00  8.040988e-01  1.385910e-04  1.696037e-02  2.350555e-06  5.540478e+04  2.629409e+01
   277  1.356270e+00  1.354373e+00  8.179349e-01  1.366555e-04  1.688513e-02  2.307446e-06  5.631456e+04  2.653857e+01
   278  1.360059e+00  1.358169e+00  8.318895e-01  1.347219e-04  1.681046e-02  2.264738e-06  5.724951e+04  2.678763e+01
   279  1.363836e+00  1.361952e+00  8.459616e-01  1.327909e-04  1.673635e-02  2.222436e-06  5.821047e+04  2.704137e+01
   280  1.367601e+00  1.365722e+00  8.601502e-01  1.308630e-04  1.666279e-02  2.180542e-06  5.919831e+04  2.729990e+01
   281  1.371354e+00  1.369481e+00  8.744542e-01  1.289386e-04  1.658975e-02  2.139059e-06  6.021394e+04  2.756334e+01
   282  1.375096e+00  1.373229e+00  8.888727e-01  1.270184e-04  1.651723e-02  2.097991e-06  6.125829e+04  2.783181e+01
   283  1.378828e+00  1.376966e+00  9.034045e-01  1.251027e-04  1.644521e-02  2.057341e-06  6.233235e+04  2.810542e+01
   284  1.382550e+00  1.380693e+00  9.180486e-01  1.231922e-04  1.637368e-02  2.017110e-06  6.343713e+04  2.838432e+01
   285  1.386263e+00  1.384411e+00  9.328039e-01  1.212874e-04  1.630263e-02  1.977303e-06  6.457369e+04  2.866861e+01
   286  1.389967e+00  1.388119e+00  9.476693e-01  1.193887e-04  1.623203e-02  1.937921e-06  6.574312e+04  2.895844e+01
   287  1.393662e+00  1.391818e+00  9.626437e-01  1.174967e-04  1.616188e-02  1.898968e-06  6.694657e+04  2.925395e+01
   288  1.397350e+00  1.395510e+00  9.777261e-01  1.156119e-04  1.609216e-02  1.860445e-06  6.818524e+04  2.955527e+01
   289  1.401030e+00  1.399193e+00  9.929154e-01  1.137347e-04  1.602285e-02  1.822354e-06  6.946037e+04  2.986255e+01
   290  1.404703e+00  1.402870e+00  1.008210e+00  1.118657e-04  1.595394e-02  1.784699e-06  7.077324e+04  3.017594e+01
   291  1.408369e+00  1.406540e+00  1.023610e+00  1.100053e-04  1.588541e-02  1.747480e-06  7.212521e+04  3.049560e+01
   292  1.412030e+00  1.410203e+00  1.039113e+00  1.081540e-04  1.581725e-02  1.710700e-06  7.351768e+04  3.082168e+01
   293  1.415685e+00  1.413861e+00  1.054718e+00  1.063123e-04  1.574944e-02  1.674360e-06  7.495211e+04  3.115436e+01
   294  1.419335e+00  1.417514e+00  1.070425e+00  1.044806e-04  1.568197e-02  1.638462e-06  7.643003e+04  3.149380e+01
   295  1.422980e+00  1.421161e+00  1.086232e+00  1.026593e-04  1.561482e-02  1.603007e-06  7.795304e+04  3.184018e+01
   296  1.426622e+00  1.424805e+00  1.102138e+00  1.008490e-04  1.554797e-02  1.567997e-06  7.952280e+04  3.219368e+01
   297  1.430259e+00  1.428444e+00  1.118142e+00  9.904992e-05  1.548141e-02  1.533432e-06  8.114105e+04  3.255449e+01
   298  1.433894e+00  1.432080e+00  1.134242e+00  9.726257e-05  1.541512e-02  1.499315e-06  8.280961e+04  3.292281e+01
   299  1.437525e+00  1.435713e+00  1.150438e+00  9.548732e-05  1.534910e-02  1.465644e-06  8.453039e+04  3.329883e+01
   300  1.441155e+00  1.439344e+00  1.166729e+00  9.372456e-05  1.528332e-02  1.432422e-06  8.630536e+04  3.368276e+01
   301  1.444782e+00  1.442972e+00  1.183113e+00  9.197466e-05  1.521777e-02  1.399649e-06  8.813660e+04  3.407483e+01
   302  1.448408e+00  1.446599e+00  1.199589e+00  9.023797e-05  1.515244e-02  1.367326e-06  9.002630e+04  3.447524e+01
   303  1.452034e+00  1.450225e+00  1.216156e+00  8.851483e-05  1.508732e-02  1.335451e-06  9.197673e+04  3.488424e+01
   304  1.455659e+00  1.453850e+00  1.232813e+00  8.680556e-05  1.502239e-02  1.304027e-06  9.399028e+04  3.530206e+01
   305  1.459283e+00  1.457475e+00  1.249559e+00  8.511049e-05  1.495764e-02  1.273052e-06  9.606946e+04  3.572894e+01
   306  1.462909e+00  1.461100e+00  1.266393e+00  8.342990e-05  1.489307e-02  1.242527e-06  9.821689e+04  3.616515e+01
   307  1.466535e+00  1.464726e+00  1.283313e+00  8.176409e-05  1.482866e-02  1.212452e-06  1.004353e+05  3.661095e+01
   308  1.470162e+00  1.468352e+00  1.300318e+00  8.011331e-05  1.476440e-02  1.182825e-06  1.027277e+05  3.706662e+01
   309  1.473792e+00  1.471981e+00  1.317409e+00  7.847782e-05  1.470029e-02  1.153647e-06  1.050969e+05  3.753244e+01
   310  1.477424e+00  1.475612e+00  1.334582e+00  7.685785e-05  1.463633e-02  1.124917e-06  1.075464e+05  3.800871e+01
   311  1.481058e+00  1.479245e+00  1.351837e+00  7.525364e-05  1.457250e-02  1.096634e-06  1.100793e+05  3.849572e+01
   312  1.484696e+00  1.482881e+00  1.369174e+00  7.366539e-05  1.450880e-02  1.068796e-06  1.126992e+05  3.899382e+01
   313  1.488338e+00  1.486521e+00  1.386590e+00  7.209330e-05  1.444523e-02  1.041405e-06  1.154098e+05  3.950331e+01
   314  1.491983e+00  1.490164e+00  1.404086e+00  7.053753e-05  1.438180e-02  1.014457e-06  1.182152e+05  4.002456e+01
   315  1.495634e+00  1.493812e+00  1.421659e+00  6.899826e-05  1.431849e-02  9.879512e-07  1.211193e+05  4.055791e+01
   316  1.499290e+00  1.497466e+00  1.439309e+00  6.747564e-05  1.425532e-02  9.618871e-07  1.241265e+05  4.110373e+01
   317  1.502951e+00  1.501124e+00  1.457034e+00  6.596981e-05  1.419229e-02  9.362627e-07  1.272414e+05  4.166241e+01
   318  1.506619e+00  1.504789e+00  1.474834e+00  6.448089e-05  1.412940e-02  9.110766e-07  1.304689e+05  4.223435e+01
   319  1.510294e+00  1.508460e+00  1.492708e+00  6.300901e-05  1.406667e-02  8.863270e-07  1.338140e+05  4.281996e+01
   320  1.513976e+00  1.512139e+00  1.510654e+00  6.155424e-05  1.400410e-02  8.620118e-07  1.372822e+05  4.341968e+01
   321  1.517666e+00  1.515825e+00  1.528672e+00  6.011671e-05  1.394171e-02  8.381294e-07  1.408792e+05  4.403396e+01
   322  1.521364e+00  1.519519e+00  1.546760e+00  5.869646e-05  1.387950e-02  8.146776e-07  1.446109e+05  4.466326e+01
   323  1.525071e+00  1.523221e+00  1.564917e+00  5.729359e-05  1.381750e-02  7.916542e-07  1.484839e+05  4.530806e+01
   324  1.528788e+00  1.526934e+00  1.583142e+00  5.590814e-05  1.375573e-02  7.690570e-07  1.525047e+05  4.596889e+01
   325  1.532515e+00  1.530656e+00  1.601435e+00  5.454016e-05  1.369420e-02  7.468837e-07  1.566806e+05  4.664625e+01
   326  1.536253e+00  1.534388e+00  1.619794e+00  5.318972e-05  1.363293e-02  7.251319e-07  1.610192e+05  4.734071e+01
   327  1.540003e+00  1.538132e+00  1.638218e+00  5.185683e-05  1.357197e-02  7.037990e-07  1.655285e+05  4.805283e+01
   328  1.543764e+00  1.541888e+00  1.656707e+00  5.054152e-05  1.351132e-02  6.828825e-07  1.702170e+05  4.878320e+01
   329  1.547539e+00  1.545656e+00  1.675259e+00  4.924384e-05  1.345102e-02  6.623797e-07  1.750937e+05  4.953245e+01
   330  1.551327e+00  1.549437e+00  1.693873e+00  4.796379e-05  1.339110e-02  6.422877e-07  1.801683e+05  5.030121e+01
   331  1.555129e+00  1.553232e+00  1.712548e+00  4.670140e-05  1.333159e-02  6.226037e-07  1.854510e+05  5.109018e+01
   332  1.558946e+00  1.557042e+00  1.731284e+00  4.545668e-05  1.327253e-02  6.033249e-07  1.909526e+05  5.190003e+01
   333  1.562779e+00  1.560867e+00  1.750080e+00  4.422965e-05  1.321395e-02  5.844483e-07  1.966845e+05  5.273151e+01
   334  1.566628e+00  1.564708e+00  1.768933e+00  4.302033e-05  1.315589e-02  5.659708e-07  2.026591e+05  5.358537e+01
   335  1.570495e+00  1.568566e+00  1.787844e+00  4.182875e-05  1.309840e-02  5.478895e-07  2.088893e+05  5.446240e+01
   336  1.574379e+00  1.572441e+00  1.806811e+00  4.065491e-05  1.304150e-02  5.302009e-07  2.153889e+05  5.536343e+01
   337  1.578283e+00  1.576336e+00  1.825834e+00  3.949885e-05  1.298524e-02  5.129021e-07  2.221726e+05  5.628932e+01
   338  1.582207e+00  1.580249e+00  1.844912e+00  3.836060e-05  1.292966e-02  4.959896e-07  2.292562e+05  5.724097e+01
   339  1.586151e+00  1.584183e+00  1.864043e+00  3.724018e-05  1.287481e-02  4.794601e-07  2.366562e+05  5.821931e+01
   340  1.590117e+00  1.588138e+00  1.883227e+00  3.613765e-05  1.282071e-02  4.633102e-07  2.443904e+05  5.922531e+01
   341  1.594105e+00  1.592116e+00  1.902463e+00  3.505304e-05  1.276741e-02  4.475364e-07  2.524777e+05  6.025999e+01
   342  1.598118e+00  1.596116e+00  1.921749e+00  3.398640e-05  1.271494e-02  4.321351e-07  2.609382e+05  6.132442e+01
   343  1.602155e+00  1.600141e+00  1.941086e+00  3.293781e-05  1.266335e-02  4.171030e-07  2.697932e+05  6.241969e+01
   344  1.606217e+00  1.604191e+00  1.960472e+00  3.190733e-05  1.261265e-02  4.024361e-07  2.790656e+05  6.354696e+01
   345  1.610307e+00  1.608267e+00  1.979907e+00  3.089502e-05  1.256289e-02  3.881306e-07  2.887798e+05  6.470746e+01
   346  1.614424e+00  1.612370e+00  1.999389e+00  2.990098e-05  1.251407e-02  3.741830e-07  2.989615e+05  6.590240e+01
   347  1.618570e+00  1.616502e+00  2.018916e+00  2.892533e-05  1.246623e-02  3.605900e-07  3.096378e+05  6.713306e+01
   348  1.622747e+00  1.620664e+00  2.038490e+00  2.796816e-05  1.241938e-02  3.473473e-07  3.208382e+05  6.840082e+01
   349  1.626954e+00  1.624856e+00  2.058108e+00  2.702958e-05  1.237352e-02  3.344510e-07  3.325938e+05  6.970710e+01
   350  1.631194e+00  1.629080e+00  2.077770e+00  2.610970e-05  1.232865e-02  3.218974e-07  3.449375e+05  7.105335e+01
   351  1.635468e+00  1.633336e+00  2.097475e+00  2.520864e-05  1.228477e-02  3.096822e-07  3.579045e+05  7.244111e+01
   352  1.639777e+00  1.637628e+00  2.117222e+00  2.432653e-05  1.224185e-02  2.978017e-07  3.715321e+05  7.387197e+01
   353  1.644121e+00  1.641954e+00  2.137010e+00  2.346350e-05  1.219986e-02  2.862515e-07  3.858599e+05  7.534759e+01
   354  1.648503e+00  1.646317e+00  2.156839e+00  2.261967e-05  1.215878e-02  2.750277e-07  4.009301e+05  7.686968e+01
   355  1.652923e+00  1.650718e+00  2.176706e+00  2.179515e-05  1.211856e-02  2.641258e-07  4.167875e+05  7.844005e+01
   356  1.657382e+00  1.655158e+00  2.196613e+00  2.099006e-05  1.207913e-02  2.535416e-07  4.334795e+05  8.006057e+01
   357  1.661882e+00  1.659638e+00  2.216557e+00  2.020452e-05  1.204042e-02  2.432708e-07  4.510563e+05  8.173315e+01
   358  1.666425e+00  1.664159e+00  2.236538e+00  1.943861e-05  1.200235e-02  2.333090e-07  4.695715e+05  8.345984e+01
   359  1.671010e+00  1.668723e+00  2.256555e+00  1.869240e-05  1.196483e-02  2.236515e-07  4.890818e+05  8.524273e+01
   360  1.675639e+00  1.673330e+00  2.276608e+00  1.796598e-05  1.192776e-02  2.142939e-07  5.096472e+05  8.708399e+01
   361  1.680313e+00  1.677982e+00  2.296694e+00  1.725937e-05  1.189102e-02  2.052316e-07  5.313313e+05  8.898590e+01
   362  1.685034e+00  1.682680e+00  2.316815e+00  1.657259e-05  1.185449e-02  1.964596e-07  5.542021e+05  9.095082e+01
   363  1.689801e+00  1.687424e+00  2.336968e+00  1.590564e-05  1.181803e-02  1.879733e-07  5.783308e+05  9.298120e+01
   364  1.694617e+00  1.692216e+00  2.357153e+00  1.525849e-05  1.178151e-02  1.797680e-07  6.037931e+05  9.507955e+01
   365  1.699481e+00  1.697056e+00  2.377369e+00  1.463105e-05  1.174478e-02  1.718384e-07  6.306700e+05  9.724856e+01
   366  1.704395e+00  1.701945e+00  2.397614e+00  1.402323e-05  1.170769e-02  1.641797e-07  6.590468e+05  9.949095e+01
   367  1.709360e+00  1.706885e+00  2.417890e+00  1.343491e-05  1.167010e-02  1.567867e-07  6.890141e+05  1.018096e+02
   368  1.714375e+00  1.711875e+00  2.438194e+00  1.286590e-05  1.163185e-02  1.496542e-07  7.206684e+05  1.042075e+02
   369  1.719442e+00  1.716916e+00  2.458525e+00  1.231600e-05  1.159280e-02  1.427770e-07  7.541122e+05  1.066876e+02
   370  1.724561e+00  1.722009e+00  2.478883e+00  1.178499e-05  1.155282e-02  1.361498e-07  7.894539e+05  1.092533e+02
   371  1.729732e+00  1.727154e+00  2.499268e+00  1.127259e-05  1.151175e-02  1.297672e-07  8.268098e+05  1.119079e+02
   372  1.734956e+00  1.732352e+00  2.519677e+00  1.077850e-05  1.146948e-02  1.236238e-07  8.663030e+05  1.146548e+02
   373  1.740233e+00  1.737602e+00  2.540110e+00  1.030239e-05  1.142590e-02  1.177140e-07  9.080650e+05  1.174976e+02
   374  1.745563e+00  1.742906e+00  2.560567e+00  9.843893e-06  1.138089e-02  1.120323e-07  9.522368e+05  1.204403e+02
   375  1.750946e+00  1.748263e+00  2.581047e+00  9.402641e-06  1.133438e-02  1.065731e-07  9.989675e+05  1.234865e+02
   376  1.756383e+00  1.753673e+00  2.601548e+00  8.978232e-06  1.128627e-02  1.013308e-07  1.048417e+06  1.266405e+02
   377  1.761874e+00  1.759137e+00  2.622070e+00  8.570243e-06  1.123652e-02  9.629969e-08  1.100756e+06  1.299065e+02
   378  1.767418e+00  1.764655e+00  2.642612e+00  8.178241e-06  1.118506e-02  9.147413e-08  1.156168e+06  1.332889e+02
   379  1.773015e+00  1.770225e+00  2.663173e+00  7.801790e-06  1.113187e-02  8.684854e-08  1.214847e+06  1.367924e+02
   380  1.778665e+00  1.775849e+00  2.683753e+00  7.440438e-06  1.107692e-02  8.241717e-08  1.277003e+06  1.404218e+02
   381  1.784368e+00  1.781526e+00  2.704349e+00  7.093727e-06  1.102021e-02  7.817434e-08  1.342860e+06  1.441820e+02
   382  1.790124e+00  1.787256e+00  2.724962e+00  6.761206e-06  1.096172e-02  7.411442e-08  1.412656e+06  1.480785e+02
   383  1.795933e+00  1.793039e+00  2.745591e+00  6.442416e-06  1.090146e-02  7.023176e-08  1.486650e+06  1.521166e+02
   384  1.801794e+00  1.798874e+00  2.766234e+00  6.136911e-06  1.083947e-02  6.652083e-08  1.565115e+06  1.563020e+02
   385  1.807708e+00  1.804761e+00  2.786890e+00  5.844245e-06  1.077574e-02  6.297609e-08  1.648344e+06  1.606406e+02
   386  1.813673e+00  1.810701e+00  2.807560e+00  5.563975e-06  1.071033e-02  5.959201e-08  1.736654e+06  1.651389e+02
   387  1.819690e+00  1.816692e+00  2.828242e+00  5.295670e-06  1.064325e-02  5.636316e-08  1.830383e+06  1.698031e+02
   388  1.825758e+00  1.822735e+00  2.848934e+00  5.038905e-06  1.057455e-02  5.328418e-08  1.929891e+06  1.746402e+02
   389  1.831877e+00  1.828828e+00  2.869636e+00  4.793267e-06  1.050427e-02  5.034979e-08  2.035567e+06  1.796571e+02
   390  1.838047e+00  1.834973e+00  2.890347e+00  4.558354e-06  1.043245e-02  4.755479e-08  2.147825e+06  1.848613e+02
   391  1.844267e+00  1.841168e+00  2.911066e+00  4.333768e-06  1.035913e-02  4.489406e-08  2.267111e+06  1.902606e+02
   392  1.850537e+00  1.847413e+00  2.931793e+00  4.119125e-06  1.028436e-02  4.236255e-08  2.393902e+06  1.958629e+02
   393  1.856856e+00  1.853708e+00  2.952525e+00  3.914052e-06  1.020818e-02  3.995533e-08  2.528712e+06  2.016768e+02
   394  1.863225e+00  1.860052e+00  2.973262e+00  3.718181e-06  1.013063e-02  3.766753e-08  2.672090e+06  2.077111e+02
   395  1.869642e+00  1.866445e+00  2.994003e+00  3.531164e-06  1.005177e-02  3.549446e-08  2.824625e+06  2.139750e+02
   396  1.876108e+00  1.872887e+00  3.014747e+00  3.352657e-06  9.971646e-03  3.343151e-08  2.986947e+06  2.204780e+02
   397  1.882622e+00  1.879377e+00  3.035493e+00  3.182325e-06  9.890294e-03  3.147412e-08  3.159737e+06  2.272304e+02
   398  1.889183e+00  1.885915e+00  3.056239e+00  3.019845e-06  9.807764e-03  2.961792e-08  3.343724e+06  2.342426e+02
   399  1.895792e+00  1.892500e+00  3.076985e+00  2.864905e-06  9.724103e-03  2.785863e-08  3.539688e+06  2.415257e+02
   400  1.902447e+00  1.899132e+00  3.097730e+00  2.717200e-06  9.639359e-03  2.619207e-08  3.748472e+06  2.490912e+02
   401  1.909149e+00  1.905811e+00  3.118471e+00  2.576437e-06  9.553578e-03  2.461419e-08  3.970978e+06  2.569511e+02
   402  1.915896e+00  1.912536e+00  3.139210e+00  2.442328e-06  9.466809e-03  2.312106e-08  4.208178e+06  2.651181e+02
   403  1.922689e+00  1.919306e+00  3.159943e+00  2.314599e-06  9.379100e-03  2.170886e-08  4.461117e+06  2.736055e+02
   404  1.929527e+00  1.926122e+00  3.180670e+00  2.192983e-06  9.290503e-03  2.037391e-08  4.730915e+06  2.824269e+02
   405  1.936409e+00  1.932982e+00  3.201389e+00  2.077221e-06  9.201065e-03  1.911264e-08  5.018782e+06  2.915969e+02
   406  1.943336e+00  1.939886e+00  3.222100e+00  1.967063e-06  9.110834e-03  1.792158e-08  5.326019e+06  3.011307e+02
   407  1.950306e+00  1.946835e+00  3.242801e+00  1.862270e-06  9.019860e-03  1.679742e-08  5.654021e+06  3.110441e+02
   408  1.957319e+00  1.953826e+00  3.263492e+00  1.762610e-06  8.928188e-03  1.573691e-08  6.004297e+06  3.213538e+02
   409  1.964375e+00  1.960861e+00  3.284169e+00  1.667859e-06  8.835862e-03  1.473697e-08  6.378466e+06  3.320773e+02
   410  1.971473e+00  1.967938e+00  3.304833e+00  1.577802e-06  8.742925e-03  1.379460e-08  6.778276e+06  3.432327e+02
   411  1.978612e+00  1.975057e+00  3.325481e+00  1.492234e-06  8.649422e-03  1.290696e-08  7.205590e+06  3.548389e+02
   412  1.985792e+00  1.982217e+00  3.346113e+00  1.410954e-06  8.555391e-03  1.207127e-08  7.662441e+06  3.669162e+02
   413  1.993013e+00  1.989418e+00  3.366726e+00  1.333768e-06  8.460874e-03  1.128484e-08  8.151023e+06  3.794858e+02
   414  2.000275e+00  1.996659e+00  3.387321e+00  1.260492e-06  8.365918e-03  1.054517e-08  8.673673e+06  3.925693e+02
   415  2.007576e+00  2.003941e+00  3.407894e+00  1.190946e-06  8.270566e-03  9.849799e-09  9.232945e+06  4.061903e+02
   416  2.014916e+00  2.011261e+00  3.428445e+00  1.124960e-06  8.174864e-03  9.196393e-09  9.831567e+06  4.203727e+02
   417  2.022294e+00  2.018621e+00  3.448972e+00  1.062368e-06  8.078851e-03  8.582716e-09  1.047249e+07  4.351419e+02
   418  2.029711e+00  2.026018e+00  3.469473e+00  1.003014e-06  7.982566e-03  8.006622e-09  1.115891e+07  4.505247e+02
   419  2.037165e+00  2.033454e+00  3.489947e+00  9.467443e-07  7.886045e-03  7.466068e-09  1.189427e+07  4.665490e+02
   420  2.044656e+00  2.040926e+00  3.510392e+00  8.934141e-07  7.789330e-03  6.959098e-09  1.268227e+07  4.832444e+02
   421  2.052183e+00  2.048436e+00  3.530806e+00  8.428834e-07  7.692467e-03  6.483853e-09  1.352694e+07  5.006413e+02
   422  2.059746e+00  2.055981e+00  3.551188e+00  7.950179e-07  7.595487e-03  6.038548e-09  1.443262e+07  5.187726e+02
   423  2.067345e+00  2.063562e+00  3.571535e+00  7.496915e-07  7.498408e-03  5.621493e-09  1.540398e+07  5.376720e+02
   424  2.074978e+00  2.071178e+00  3.591847e+00  7.067823e-07  7.401250e-03  5.231072e-09  1.644606e+07  5.573755e+02
   425  2.082645e+00  2.078829e+00  3.612121e+00  6.661702e-07  7.304066e-03  4.865751e-09  1.756436e+07  5.779208e+02
   426  2.090347e+00  2.086513e+00  3.632356e+00  6.277388e-07  7.206928e-03  4.524068e-09  1.876489e+07  5.993475e+02
   427  2.098081e+00  2.094231e+00  3.652549e+00  5.913785e-07  7.109895e-03  4.204639e-09  2.005409e+07  6.216972e+02
   428  2.105848e+00  2.101982e+00  3.672697e+00  5.569884e-07  7.012996e-03  3.906157e-09  2.143888e+07  6.450129e+02
   429  2.113647e+00  2.109765e+00  3.692801e+00  5.244713e-07  6.916236e-03  3.627368e-09  2.292679e+07  6.693411e+02
   430  2.121477e+00  2.117580e+00  3.712856e+00  4.937342e-07  6.819632e-03  3.367086e-09  2.452598e+07  6.947302e+02
   431  2.129339e+00  2.125426e+00  3.732862e+00  4.646870e-07  6.723228e-03  3.124197e-09  2.624524e+07  7.212305e+02
   432  2.137231e+00  2.133303e+00  3.752816e+00  4.372434e-07  6.627041e-03  2.897630e-09  2.809421e+07  7.488965e+02
   433  2.145152e+00  2.141209e+00  3.772715e+00  4.113229e-07  6.531080e-03  2.686383e-09  3.008324e+07  7.777846e+02
   434  2.153103e+00  2.149146e+00  3.792558e+00  3.868460e-07  6.435398e-03  2.489508e-09  3.222361e+07  8.079538e+02
   435  2.161083e+00  2.157111e+00  3.812342e+00  3.637362e-07  6.340059e-03  2.306109e-09  3.452763e+07  8.394665e+02
   436  2.169090e+00  2.165105e+00  3.832064e+00  3.419241e-07  6.245070e-03  2.135340e-09  3.700851e+07  8.723881e+02
   437  2.177126e+00  2.173126e+00  3.851724e+00  3.213440e-07  6.150391e-03  1.976391e-09  3.968062e+07  9.067902e+02
   438  2.185188e+00  2.181175e+00  3.871316e+00  3.019219e-07  6.056245e-03  1.828513e-09  4.256021e+07  9.427451e+02
   439  2.193277e+00  2.189251e+00  3.890841e+00  2.836041e-07  5.962523e-03  1.690996e-09  4.566384e+07  9.803292e+02
   440  2.201392e+00  2.197353e+00  3.910294e+00  2.663322e-07  5.869228e-03  1.563164e-09  4.901013e+07  1.019626e+03
   441  2.209532e+00  2.205481e+00  3.929672e+00  2.500482e-07  5.776460e-03  1.444393e-09  5.261934e+07  1.060719e+03
   442  2.217697e+00  2.213634e+00  3.948974e+00  2.347079e-07  5.684032e-03  1.334087e-09  5.651243e+07  1.103700e+03
   443  2.225886e+00  2.221811e+00  3.968197e+00  2.202543e-07  5.592096e-03  1.231683e-09  6.071391e+07  1.148666e+03
   444  2.234099e+00  2.230012e+00  3.987338e+00  2.066395e-07  5.500671e-03  1.136656e-09  6.524973e+07  1.195718e+03
   445  2.242335e+00  2.238237e+00  4.006394e+00  1.938162e-07  5.409823e-03  1.048511e-09  7.014852e+07  1.244964e+03
   446  2.250593e+00  2.246484e+00  4.025361e+00  1.817409e-07  5.319603e-03  9.667895e-10  7.544104e+07  1.296514e+03
   447  2.258873e+00  2.254753e+00  4.044236e+00  1.703707e-07  5.230107e-03  8.910568e-10  8.116146e+07  1.350487e+03
   448  2.267175e+00  2.263044e+00  4.063018e+00  1.596725e-07  5.141149e-03  8.208999e-10  8.734537e+07  1.407013e+03
   449  2.275496e+00  2.271355e+00  4.081701e+00  1.496080e-07  5.052800e-03  7.559393e-10  9.403275e+07  1.466222e+03
   450  2.283839e+00  2.279688e+00  4.100285e+00  1.401371e-07  4.965232e-03  6.958135e-10  1.012691e+08  1.528259e+03
   451  2.292201e+00  2.288040e+00  4.118764e+00  1.312346e-07  4.878188e-03  6.401872e-10  1.090994e+08  1.593271e+03
   452  2.300581e+00  2.296411e+00  4.137136e+00  1.228655e-07  4.791810e-03  5.887483e-10  1.175764e+08  1.661416e+03
   453  2.308980e+00  2.304801e+00  4.155398e+00  1.149996e-07  4.706105e-03  5.412002e-10  1.267573e+08  1.732863e+03
   454  2.317397e+00  2.313209e+00  4.173546e+00  1.076034e-07  4.621311e-03  4.972687e-10  1.367072e+08  1.807789e+03
   455  2.325831e+00  2.321635e+00  4.191575e+00  1.006551e-07  4.537244e-03  4.566966e-10  1.474920e+08  1.886381e+03
   456  2.334281e+00  2.330077e+00  4.209483e+00  9.413258e-08  4.453770e-03  4.192449e-10  1.591828e+08  1.968835e+03
   457  2.342747e+00  2.338535e+00  4.227266e+00  8.800889e-08  4.371014e-03  3.846881e-10  1.718630e+08  2.055365e+03
   458  2.351228e+00  2.347008e+00  4.244922e+00  8.225780e-08  4.289133e-03  3.528147e-10  1.856257e+08  2.146199e+03
   459  2.359724e+00  2.355497e+00  4.262445e+00  7.685901e-08  4.208103e-03  3.234306e-10  2.005682e+08  2.241572e+03
   460  2.368233e+00  2.364000e+00  4.279832e+00  7.179793e-08  4.127630e-03  2.963553e-10  2.167892e+08  2.341731e+03
   461  2.376755e+00  2.372515e+00  4.297077e+00  6.704336e-08  4.048411e-03  2.714191e-10  2.344239e+08  2.446939e+03
   462  2.385290e+00  2.381044e+00  4.314179e+00  6.259393e-08  3.969434e-03  2.484625e-10  2.535733e+08  2.557484e+03
   463  2.393836e+00  2.389584e+00  4.331132e+00  5.841179e-08  3.891980e-03  2.273375e-10  2.744190e+08  2.673670e+03
   464  2.402394e+00  2.398136e+00  4.347934e+00  5.449900e-08  3.814896e-03  2.079080e-10  2.970777e+08  2.795810e+03
   465  2.410960e+00  2.406698e+00  4.364577e+00  5.083236e-08  3.738705e-03  1.900472e-10  3.217357e+08  2.924237e+03
   466  2.419537e+00  2.415270e+00  4.381063e+00  4.739560e-08  3.663519e-03  1.736347e-10  3.485883e+08  3.059321e+03
   467  2.428122e+00  2.423851e+00  4.397382e+00  4.417556e-08  3.589323e-03  1.585603e-10  3.778433e+08  3.201445e+03
   468  2.436714e+00  2.432440e+00  4.413531e+00  4.116391e-08  3.515791e-03  1.447237e-10  4.097056e+08  3.350992e+03
   469  2.445314e+00  2.441036e+00  4.429508e+00  3.834233e-08  3.443407e-03  1.320283e-10  4.444544e+08  3.508406e+03
   470  2.453920e+00  2.449638e+00  4.445308e+00  3.570446e-08  3.371712e-03  1.203852e-10  4.823388e+08  3.674149e+03
   471  2.462529e+00  2.458246e+00  4.460922e+00  3.323663e-08  3.301001e-03  1.097141e-10  5.236730e+08  3.848681e+03
   472  2.471143e+00  2.466858e+00  4.476353e+00  3.093032e-08  3.231073e-03  9.993814e-11  5.687772e+08  4.032530e+03
   473  2.479759e+00  2.475473e+00  4.491590e+00  2.877114e-08  3.162429e-03  9.098668e-11  6.180628e+08  4.226242e+03
   474  2.488377e+00  2.484090e+00  4.506634e+00  2.675908e-08  3.094078e-03  8.279468e-11  6.718359e+08  4.430391e+03
   475  2.496996e+00  2.492708e+00  4.521475e+00  2.487195e-08  3.027573e-03  7.530164e-11  7.307063e+08  4.645592e+03
   476  2.505613e+00  2.501326e+00  4.536111e+00  2.311357e-08  2.961561e-03  6.845227e-11  7.950099e+08  4.872472e+03
   477  2.514228e+00  2.509942e+00  4.550538e+00  2.147102e-08  2.896662e-03  6.219428e-11  8.653634e+08  5.111732e+03
   478  2.522840e+00  2.518556e+00  4.564753e+00  1.994098e-08  2.832332e-03  5.647949e-11  9.422830e+08  5.364112e+03
   479  2.531446e+00  2.527165e+00  4.578744e+00  1.850873e-08  2.769742e-03  5.126441e-11  1.026606e+09  5.630349e+03
   480  2.540047e+00  2.535768e+00  4.592517e+00  1.717803e-08  2.707396e-03  4.650773e-11  1.118796e+09  5.911269e+03
   481  2.548640e+00  2.544364e+00  4.606062e+00  1.593309e-08  2.646758e-03  4.217102e-11  1.219953e+09  6.207778e+03
   482  2.557220e+00  2.552951e+00  4.619369e+00  1.477505e-08  2.586854e-03  3.822089e-11  1.330715e+09  6.520679e+03
   483  2.565790e+00  2.561526e+00  4.632443e+00  1.369692e-08  2.527912e-03  3.462461e-11  1.452098e+09  6.850950e+03
   484  2.574346e+00  2.570089e+00  4.645273e+00  1.269068e-08  2.470493e-03  3.135225e-11  1.585343e+09  7.199609e+03
   485  2.582885e+00  2.578636e+00  4.657858e+00  1.175733e-08  2.413531e-03  2.837668e-11  1.731270e+09  7.567675e+03
   486  2.591406e+00  2.587166e+00  4.670191e+00  1.088623e-08  2.358264e-03  2.567260e-11  1.891587e+09  7.956249e+03
   487  2.599906e+00  2.595676e+00  4.682273e+00  1.008058e-08  2.303100e-03  2.321660e-11  2.067083e+09  8.366503e+03
   488  2.608382e+00  2.604164e+00  4.694093e+00  9.326621e-09  2.250277e-03  2.098748e-11  2.260256e+09  8.799604e+03
   489  2.616829e+00  2.612626e+00  4.705648e+00  8.628610e-09  2.198052e-03  1.896613e-11  2.471953e+09  9.256650e+03
   490  2.625247e+00  2.621058e+00  4.716936e+00  7.980936e-09  2.146889e-03  1.713418e-11  2.704216e+09  9.738938e+03
   491  2.633631e+00  2.629459e+00  4.727955e+00  7.379676e-09  2.096939e-03  1.547473e-11  2.959169e+09  1.024783e+04
   492  2.641978e+00  2.637825e+00  4.738698e+00  6.822342e-09  2.048068e-03  1.397262e-11  3.238876e+09  1.078461e+04
   493  2.650284e+00  2.646151e+00  4.749160e+00  6.303346e-09  2.001174e-03  1.261409e-11  3.546389e+09  1.135051e+04
   494  2.658543e+00  2.654433e+00  4.759340e+00  5.825279e-09  1.954645e-03  1.138635e-11  3.882839e+09  1.194678e+04
   495  2.666751e+00  2.662666e+00  4.769233e+00  5.380855e-09  1.910029e-03  1.027759e-11  4.252347e+09  1.257470e+04
   496  2.674901e+00  2.670845e+00  4.778833e+00  4.969716e-09  1.866739e-03  9.277161e-12  4.657219e+09  1.323536e+04
   497  2.682995e+00  2.678967e+00  4.788149e+00  4.591883e-09  1.823808e-03  8.374712e-12  5.099407e+09  1.393023e+04
   498  2.691019e+00  2.687025e+00  4.797166e+00  4.240116e-09  1.783276e-03  7.561295e-12  5.584870e+09  1.466038e+04
   499  2.698970e+00  2.695013e+00  4.805881e+00  3.913860e-09  1.744879e-03  6.829210e-12  6.116629e+09  1.542617e+04
