     i         log_r      log_rmid             m           rho            v2        trelax            kn
     0  -1.907414e+00  -2.208444e+00  4.936543e-05  7.812410e+01  2.919956e-01  2.368791e-02  5.210232e-03
     1  -1.896353e+00  -1.901848e+00  5.328937e-05  7.820904e+01  2.916785e-01  2.367504e-02  5.210232e-03
     2  -1.885293e+00  -1.890787e+00  5.752323e-05  7.818483e+01  2.916619e-01  2.368305e-02  5.211187e-03
     3  -1.874228e+00  -1.879725e+00  6.209370e-05  7.815935e+01  2.916445e-01  2.369148e-02  5.212192e-03
     4  -1.863166e+00  -1.868662e+00  6.702432e-05  7.813254e+01  2.916261e-01  2.370036e-02  5.213250e-03
     5  -1.852095e+00  -1.857595e+00  7.234881e-05  7.810433e+01  2.916068e-01  2.370970e-02  5.214364e-03
     6  -1.841032e+00  -1.846528e+00  7.809033e-05  7.807465e+01  2.915865e-01  2.371954e-02  5.215537e-03
     7  -1.829970e+00  -1.835466e+00  8.428458e-05  7.804345e+01  2.915651e-01  2.372989e-02  5.216771e-03
     8  -1.818905e+00  -1.824402e+00  9.096964e-05  7.801062e+01  2.915426e-01  2.374079e-02  5.218070e-03
     9  -1.807839e+00  -1.813337e+00  9.818356e-05  7.797609e+01  2.915189e-01  2.375227e-02  5.219437e-03
    10  -1.796770e+00  -1.802269e+00  1.059689e-04  7.793977e+01  2.914940e-01  2.376436e-02  5.220876e-03
    11  -1.785709e+00  -1.791204e+00  1.143624e-04  7.790158e+01  2.914677e-01  2.377708e-02  5.222391e-03
    12  -1.774647e+00  -1.780142e+00  1.234185e-04  7.786142e+01  2.914402e-01  2.379047e-02  5.223984e-03
    13  -1.763583e+00  -1.769080e+00  1.331900e-04  7.781919e+01  2.914112e-01  2.380456e-02  5.225662e-03
    14  -1.752524e+00  -1.758018e+00  1.437275e-04  7.777479e+01  2.913806e-01  2.381940e-02  5.227427e-03
    15  -1.741460e+00  -1.746956e+00  1.550994e-04  7.772810e+01  2.913485e-01  2.383502e-02  5.229285e-03
    16  -1.730402e+00  -1.735896e+00  1.673596e-04  7.767902e+01  2.913148e-01  2.385146e-02  5.231240e-03
    17  -1.719347e+00  -1.724839e+00  1.805806e-04  7.762743e+01  2.912793e-01  2.386877e-02  5.233297e-03
    18  -1.708290e+00  -1.713784e+00  1.948435e-04  7.757320e+01  2.912419e-01  2.388699e-02  5.235461e-03
    19  -1.697238e+00  -1.702729e+00  2.102204e-04  7.751620e+01  2.912026e-01  2.390616e-02  5.237739e-03
    20  -1.686187e+00  -1.691678e+00  2.268022e-04  7.745630e+01  2.911613e-01  2.392635e-02  5.240136e-03
    21  -1.675136e+00  -1.680627e+00  2.446857e-04  7.739334e+01  2.911179e-01  2.394760e-02  5.242658e-03
    22  -1.664084e+00  -1.669575e+00  2.639729e-04  7.732716e+01  2.910722e-01  2.396997e-02  5.245312e-03
    23  -1.653037e+00  -1.658525e+00  2.847617e-04  7.725763e+01  2.910241e-01  2.399353e-02  5.248106e-03
    24  -1.641994e+00  -1.647480e+00  3.071688e-04  7.718458e+01  2.909736e-01  2.401832e-02  5.251044e-03
    25  -1.630952e+00  -1.636438e+00  3.313271e-04  7.710785e+01  2.909205e-01  2.404442e-02  5.254136e-03
    26  -1.619914e+00  -1.625398e+00  3.573620e-04  7.702724e+01  2.908647e-01  2.407189e-02  5.257389e-03
    27  -1.608876e+00  -1.614360e+00  3.854278e-04  7.694258e+01  2.908060e-01  2.410081e-02  5.260811e-03
    28  -1.597839e+00  -1.603322e+00  4.156808e-04  7.685364e+01  2.907443e-01  2.413126e-02  5.264413e-03
    29  -1.586806e+00  -1.592287e+00  4.482776e-04  7.676024e+01  2.906794e-01  2.416332e-02  5.268202e-03
    30  -1.575774e+00  -1.581255e+00  4.834077e-04  7.666216e+01  2.906112e-01  2.419707e-02  5.272190e-03
    31  -1.564745e+00  -1.570225e+00  5.212579e-04  7.655918e+01  2.905396e-01  2.423260e-02  5.276385e-03
    32  -1.553719e+00  -1.559197e+00  5.620357e-04  7.645107e+01  2.904642e-01  2.427002e-02  5.280799e-03
    33  -1.542697e+00  -1.548173e+00  6.059606e-04  7.633759e+01  2.903851e-01  2.430941e-02  5.285443e-03
    34  -1.531676e+00  -1.537152e+00  6.532785e-04  7.621849e+01  2.903019e-01  2.435088e-02  5.290329e-03
    35  -1.520659e+00  -1.526133e+00  7.042385e-04  7.609350e+01  2.902145e-01  2.439456e-02  5.295469e-03
    36  -1.509644e+00  -1.515117e+00  7.591240e-04  7.596235e+01  2.901226e-01  2.444054e-02  5.300877e-03
    37  -1.498632e+00  -1.504103e+00  8.182252e-04  7.582474e+01  2.900261e-01  2.448897e-02  5.306568e-03
    38  -1.487623e+00  -1.493092e+00  8.818583e-04  7.568039e+01  2.899247e-01  2.453997e-02  5.312555e-03
    39  -1.476616e+00  -1.482084e+00  9.503637e-04  7.552899e+01  2.898182e-01  2.459368e-02  5.318854e-03
    40  -1.465610e+00  -1.471078e+00  1.024119e-03  7.537021e+01  2.897063e-01  2.465025e-02  5.325482e-03
    41  -1.454609e+00  -1.460075e+00  1.103493e-03  7.520372e+01  2.895888e-01  2.470983e-02  5.332455e-03
    42  -1.443610e+00  -1.449075e+00  1.188917e-03  7.502918e+01  2.894654e-01  2.477259e-02  5.339792e-03
    43  -1.432614e+00  -1.438077e+00  1.280828e-03  7.484625e+01  2.893357e-01  2.483870e-02  5.347511e-03
    44  -1.421621e+00  -1.427083e+00  1.379723e-03  7.465453e+01  2.891996e-01  2.490835e-02  5.355633e-03
    45  -1.410630e+00  -1.416090e+00  1.486103e-03  7.445365e+01  2.890567e-01  2.498173e-02  5.364179e-03
    46  -1.399641e+00  -1.405101e+00  1.600525e-03  7.424321e+01  2.889066e-01  2.505904e-02  5.373171e-03
    47  -1.388655e+00  -1.394113e+00  1.723575e-03  7.402281e+01  2.887491e-01  2.514051e-02  5.382632e-03
    48  -1.377671e+00  -1.383129e+00  1.855885e-03  7.379201e+01  2.885837e-01  2.522637e-02  5.392588e-03
    49  -1.366690e+00  -1.372146e+00  1.998123e-03  7.355039e+01  2.884101e-01  2.531686e-02  5.403063e-03
    50  -1.355711e+00  -1.361166e+00  2.151017e-03  7.329748e+01  2.882279e-01  2.541224e-02  5.414087e-03
    51  -1.344733e+00  -1.350187e+00  2.315332e-03  7.303283e+01  2.880367e-01  2.551279e-02  5.425688e-03
    52  -1.333757e+00  -1.339210e+00  2.491891e-03  7.275596e+01  2.878360e-01  2.561880e-02  5.437896e-03
    53  -1.322783e+00  -1.328235e+00  2.681574e-03  7.246638e+01  2.876255e-01  2.573059e-02  5.450744e-03
    54  -1.311811e+00  -1.317262e+00  2.885299e-03  7.216359e+01  2.874047e-01  2.584848e-02  5.464266e-03
    55  -1.300839e+00  -1.306290e+00  3.104081e-03  7.184707e+01  2.871730e-01  2.597282e-02  5.478497e-03
    56  -1.289869e+00  -1.295320e+00  3.338977e-03  7.151630e+01  2.869300e-01  2.610399e-02  5.493476e-03
    57  -1.278900e+00  -1.284350e+00  3.591122e-03  7.117075e+01  2.866752e-01  2.624239e-02  5.509243e-03
    58  -1.267931e+00  -1.273381e+00  3.861724e-03  7.080985e+01  2.864080e-01  2.638844e-02  5.525841e-03
    59  -1.256962e+00  -1.262412e+00  4.152066e-03  7.043305e+01  2.861278e-01  2.654260e-02  5.543314e-03
    60  -1.245993e+00  -1.251443e+00  4.463517e-03  7.003979e+01  2.858341e-01  2.670534e-02  5.561709e-03
    61  -1.235024e+00  -1.240474e+00  4.797536e-03  6.962948e+01  2.855263e-01  2.687719e-02  5.581079e-03
    62  -1.224054e+00  -1.229504e+00  5.155655e-03  6.920155e+01  2.852036e-01  2.705868e-02  5.601474e-03
    63  -1.213082e+00  -1.218534e+00  5.539526e-03  6.875541e+01  2.848655e-01  2.725042e-02  5.622952e-03
    64  -1.202109e+00  -1.207561e+00  5.950900e-03  6.829046e+01  2.845112e-01  2.745303e-02  5.645573e-03
    65  -1.191133e+00  -1.196586e+00  6.391610e-03  6.780611e+01  2.841401e-01  2.766718e-02  5.669400e-03
    66  -1.180155e+00  -1.185609e+00  6.863620e-03  6.730176e+01  2.837513e-01  2.789360e-02  5.694500e-03
    67  -1.169173e+00  -1.174629e+00  7.369017e-03  6.677682e+01  2.833442e-01  2.813307e-02  5.720945e-03
    68  -1.158187e+00  -1.163645e+00  7.909987e-03  6.623069e+01  2.829179e-01  2.838641e-02  5.748810e-03
    69  -1.147197e+00  -1.152657e+00  8.488863e-03  6.566280e+01  2.824715e-01  2.865453e-02  5.778175e-03
    70  -1.136200e+00  -1.141664e+00  9.108117e-03  6.507256e+01  2.820043e-01  2.893838e-02  5.809128e-03
    71  -1.125198e+00  -1.130664e+00  9.770334e-03  6.445940e+01  2.815153e-01  2.923902e-02  5.841759e-03
    72  -1.114188e+00  -1.119658e+00  1.047826e-02  6.382278e+01  2.810035e-01  2.955755e-02  5.876165e-03
    73  -1.103171e+00  -1.108644e+00  1.123480e-02  6.316217e+01  2.804681e-01  2.989518e-02  5.912450e-03
    74  -1.092144e+00  -1.097622e+00  1.204299e-02  6.247705e+01  2.799080e-01  3.025324e-02  5.950724e-03
    75  -1.081107e+00  -1.086590e+00  1.290606e-02  6.176693e+01  2.793222e-01  3.063312e-02  5.991106e-03
    76  -1.070059e+00  -1.075548e+00  1.382737e-02  6.103136e+01  2.787096e-01  3.103637e-02  6.033721e-03
    77  -1.058999e+00  -1.064494e+00  1.481049e-02  6.026990e+01  2.780692e-01  3.146466e-02  6.078705e-03
    78  -1.047924e+00  -1.053426e+00  1.585915e-02  5.948218e+01  2.773997e-01  3.191980e-02  6.126202e-03
    79  -1.036835e+00  -1.042344e+00  1.697728e-02  5.866783e+01  2.767001e-01  3.240375e-02  6.176367e-03
    80  -1.025729e+00  -1.031247e+00  1.816896e-02  5.782657e+01  2.759690e-01  3.291868e-02  6.229366e-03
    81  -1.014605e+00  -1.020131e+00  1.943850e-02  5.695815e+01  2.752053e-01  3.346692e-02  6.285379e-03
    82  -1.003461e+00  -1.008997e+00  2.079041e-02  5.606237e+01  2.744075e-01  3.405105e-02  6.344596e-03
    83  -9.922946e-01  -9.978417e-01  2.222937e-02  5.513911e+01  2.735745e-01  3.467388e-02  6.407226e-03
    84  -9.811047e-01  -9.866636e-01  2.376030e-02  5.418831e+01  2.727048e-01  3.533849e-02  6.473491e-03
    85  -9.698890e-01  -9.754607e-01  2.538829e-02  5.320999e+01  2.717969e-01  3.604828e-02  6.543632e-03
    86  -9.586451e-01  -9.642307e-01  2.711870e-02  5.220425e+01  2.708494e-01  3.680698e-02  6.617910e-03
    87  -9.473706e-01  -9.529713e-01  2.895704e-02  5.117125e+01  2.698609e-01  3.761872e-02  6.696607e-03
    88  -9.360630e-01  -9.416800e-01  3.090905e-02  5.011128e+01  2.688296e-01  3.848805e-02  6.780027e-03
    89  -9.247193e-01  -9.303541e-01  3.298073e-02  4.902471e+01  2.677541e-01  3.942002e-02  6.868504e-03
    90  -9.133367e-01  -9.189907e-01  3.517823e-02  4.791202e+01  2.666326e-01  4.042024e-02  6.962399e-03
    91  -9.019119e-01  -9.075867e-01  3.750796e-02  4.677378e+01  2.654634e-01  4.149494e-02  7.062105e-03
    92  -8.904416e-01  -8.961389e-01  3.997652e-02  4.561070e+01  2.642449e-01  4.265107e-02  7.168051e-03
    93  -8.789219e-01  -8.846435e-01  4.259071e-02  4.442359e+01  2.629751e-01  4.389641e-02  7.280708e-03
    94  -8.673491e-01  -8.730970e-01  4.535754e-02  4.321341e+01  2.616522e-01  4.523966e-02  7.400589e-03
    95  -8.557186e-01  -8.614949e-01  4.828429e-02  4.198120e+01  2.602743e-01  4.669060e-02  7.528261e-03
    96  -8.440261e-01  -8.498330e-01  5.137828e-02  4.072819e+01  2.588394e-01  4.826027e-02  7.664344e-03
    97  -8.322666e-01  -8.381065e-01  5.464712e-02  3.945572e+01  2.573455e-01  4.996107e-02  7.809523e-03
    98  -8.204347e-01  -8.263104e-01  5.809861e-02  3.816527e+01  2.557904e-01  5.180712e-02  7.964553e-03
    99  -8.085248e-01  -8.144389e-01  6.174066e-02  3.685847e+01  2.541720e-01  5.381444e-02  8.130275e-03
   100  -7.965305e-01  -8.024863e-01  6.558137e-02  3.553707e+01  2.524881e-01  5.600128e-02  8.307617e-03
   101  -7.844453e-01  -7.904459e-01  6.962896e-02  3.420299e+01  2.507364e-01  5.838850e-02  8.497615e-03
   102  -7.722618e-01  -7.783108e-01  7.389183e-02  3.285828e+01  2.489144e-01  6.100006e-02  8.701425e-03
   103  -7.599721e-01  -7.660735e-01  7.837842e-02  3.150513e+01  2.470197e-01  6.386354e-02  8.920338e-03
   104  -7.475678e-01  -7.537257e-01  8.309731e-02  3.014588e+01  2.450498e-01  6.701081e-02  9.155806e-03
   105  -7.350394e-01  -7.412584e-01  8.805718e-02  2.878300e+01  2.430020e-01  7.047889e-02  9.409462e-03
   106  -7.223770e-01  -7.286621e-01  9.326673e-02  2.741908e+01  2.408736e-01  7.431090e-02  9.683152e-03
   107  -7.095693e-01  -7.159259e-01  9.873473e-02  2.605685e+01  2.386617e-01  7.855733e-02  9.978964e-03
   108  -6.966044e-01  -7.030385e-01  1.044700e-01  2.469915e+01  2.363633e-01  8.327756e-02  1.029928e-02
   109  -6.834689e-01  -6.899870e-01  1.104813e-01  2.334891e+01  2.339755e-01  8.854178e-02  1.064680e-02
   110  -6.701483e-01  -6.767575e-01  1.167774e-01  2.200917e+01  2.314950e-01  9.443338e-02  1.102466e-02
   111  -6.566264e-01  -6.633347e-01  1.233670e-01  2.068307e+01  2.289183e-01  1.010520e-01  1.143642e-02
   112  -6.428857e-01  -6.497017e-01  1.302589e-01  1.937378e+01  2.262421e-01  1.085173e-01  1.188622e-02
   113  -6.289063e-01  -6.358398e-01  1.374615e-01  1.808457e+01  2.234625e-01  1.169741e-01  1.237888e-02
   114  -6.146666e-01  -6.217281e-01  1.449834e-01  1.681870e+01  2.205757e-01  1.265986e-01  1.292001e-02
   115  -6.001420e-01  -6.073436e-01  1.528329e-01  1.557947e+01  2.175775e-01  1.376069e-01  1.351619e-02
   116  -5.853056e-01  -5.926604e-01  1.610180e-01  1.437020e+01  2.144637e-01  1.502659e-01  1.417521e-02
   117  -5.701265e-01  -5.776497e-01  1.695469e-01  1.319415e+01  2.112295e-01  1.649079e-01  1.490630e-02
   118  -5.545703e-01  -5.622788e-01  1.784273e-01  1.205454e+01  2.078701e-01  1.819505e-01  1.572050e-02
   119  -5.385980e-01  -5.465108e-01  1.876667e-01  1.095454e+01  2.043801e-01  2.019234e-01  1.663112e-02
   120  -5.221652e-01  -5.303039e-01  1.972725e-01  9.897190e+00  2.007540e-01  2.255049e-01  1.765427e-02
   121  -5.052208e-01  -5.136103e-01  2.072515e-01  8.885424e+00  1.969857e-01  2.535738e-01  1.880967e-02
   122  -4.877064e-01  -4.963753e-01  2.176105e-01  7.922009e+00  1.930688e-01  2.872821e-01  2.012167e-02
   123  -4.695544e-01  -4.785356e-01  2.283559e-01  7.009523e+00  1.889962e-01  3.281595e-01  2.162056e-02
   124  -4.506857e-01  -4.600176e-01  2.394938e-01  6.150322e+00  1.847604e-01  3.782664e-01  2.334449e-02
   125  -4.310079e-01  -4.407354e-01  2.510298e-01  5.346500e+00  1.803532e-01  4.404215e-01  2.534201e-02
   126  -4.104116e-01  -4.205877e-01  2.629693e-01  4.599856e+00  1.757659e-01  5.185474e-01  2.767568e-02
   127  -3.887667e-01  -3.994543e-01  2.753172e-01  3.911855e+00  1.709890e-01  6.182059e-01  3.042722e-02
   128  -3.659165e-01  -3.771913e-01  2.880780e-01  3.283578e+00  1.660124e-01  7.474505e-01  3.370496e-02
   129  -3.416713e-01  -3.536247e-01  3.012559e-01  2.715681e+00  1.608254e-01  9.182141e-01  3.765486e-02
   130  -3.157986e-01  -3.285423e-01  3.148546e-01  2.208345e+00  1.554169e-01  1.148640e+00  4.247714e-02
   131  -2.880109e-01  -3.016825e-01  3.288774e-01  1.761221e+00  1.497756e-01  1.467120e+00  4.845185e-02
   132  -2.579490e-01  -2.727199e-01  3.433271e-01  1.373369e+00  1.438909e-01  1.919535e+00  5.597929e-02
   133  -2.251600e-01  -2.412451e-01  3.582062e-01  1.043200e+00  1.377540e-01  2.582737e+00  6.564503e-02
   134  -1.890685e-01  -2.067394e-01  3.735166e-01  7.683974e-01  1.313599e-01  3.590729e+00  7.832734e-02
   135  -1.489419e-01  -1.685419e-01  3.892599e-01  5.458508e-01  1.247114e-01  5.187678e+00  9.537790e-02
   136  -1.038528e-01  -1.258124e-01  4.054373e-01  3.715843e-01  1.178250e-01  7.840143e+00  1.189297e-01
   137  -5.265749e-02  -7.750118e-02  4.220493e-01  2.407031e-01  1.107416e-01  1.248426e+01  1.524199e-01
   138  5.962656e-03  -2.235911e-02  4.390963e-01  1.473885e-01  1.035412e-01  2.108530e+01  2.014417e-01
   139  7.328804e-02  4.092866e-02  4.565780e-01  8.499769e-02  9.636120e-02  3.790022e+01  2.749686e-01
   140  1.499981e-01  1.133345e-01  4.744939e-01  4.636314e-02  8.940287e-02  7.213589e+01  3.865232e-01
   141  2.351829e-01  1.946757e-01  4.928430e-01  2.437906e-02  8.289637e-02  1.424673e+02  5.535560e-01
   142  3.254625e-01  2.826644e-01  5.116240e-01  1.282126e-02  7.700247e-02  2.810717e+02  7.919908e-01
   143  4.154867e-01  3.728030e-01  5.308350e-01  7.056270e-03  7.172875e-02  5.291492e+02  1.106123e+00
   144  5.001328e-01  4.598688e-01  5.504739e-01  4.204320e-03  6.698762e-02  9.189818e+02  1.482834e+00
   145  5.764286e-01  5.399540e-01  5.705382e-01  2.740636e-03  6.271868e-02  1.456968e+03  1.898076e+00
   146  6.436863e-01  6.113581e-01  5.910251e-01  1.938422e-03  5.890745e-02  2.125527e+03  2.328780e+00
   147  7.025754e-01  6.741282e-01  6.119315e-01  1.464353e-03  5.553934e-02  2.897704e+03  2.759399e+00
   148  7.542612e-01  7.291867e-01  6.332539e-01  1.163296e-03  5.257899e-02  3.748899e+03  3.181900e+00
   149  7.999395e-01  7.777006e-01  6.549885e-01  9.596751e-04  4.997693e-02  4.661127e+03  3.593278e+00
   150  8.406600e-01  8.207768e-01  6.771312e-01  8.144643e-04  4.768094e-02  5.622837e+03  3.993276e+00
   151  8.772881e-01  8.593601e-01  6.996779e-01  7.062719e-04  4.564285e-02  6.627377e+03  4.382939e+00
   152  9.105195e-01  8.942216e-01  7.226239e-01  6.226998e-04  4.382117e-02  7.671483e+03  4.763832e+00
   153  9.409094e-01  9.259802e-01  7.459645e-01  5.561931e-04  4.218130e-02  8.754160e+03  5.137656e+00
   154  9.689017e-01  9.551311e-01  7.696946e-01  5.019411e-04  4.069483e-02  9.875921e+03  5.506070e+00
   155  9.948532e-01  9.820713e-01  7.938092e-01  4.567604e-04  3.933854e-02  1.103831e+04  5.870626e+00
   156  1.019053e+00  1.007122e+00  8.183029e-01  4.184725e-04  3.809343e-02  1.224357e+04  6.232743e+00
   157  1.041736e+00  1.030543e+00  8.431702e-01  3.855423e-04  3.694390e-02  1.349449e+04  6.593718e+00
   158  1.063099e+00  1.052549e+00  8.684054e-01  3.568601e-04  3.587705e-02  1.479428e+04  6.954733e+00
   159  1.083301e+00  1.073317e+00  8.940028e-01  3.316049e-04  3.488217e-02  1.614646e+04  7.316874e+00
   160  1.102480e+00  1.092996e+00  9.199565e-01  3.091572e-04  3.395031e-02  1.755492e+04  7.681149e+00
   161  1.120749e+00  1.111710e+00  9.462603e-01  2.890412e-04  3.307392e-02  1.902381e+04  8.048502e+00
   162  1.138206e+00  1.129565e+00  9.729084e-01  2.708854e-04  3.224661e-02  2.055760e+04  8.419823e+00
   163  1.154934e+00  1.146651e+00  9.998945e-01  2.543954e-04  3.146294e-02  2.216109e+04  8.795965e+00
   164  1.171007e+00  1.163045e+00  1.027212e+00  2.393350e-04  3.071824e-02  2.383941e+04  9.177755e+00
   165  1.186487e+00  1.178816e+00  1.054856e+00  2.255126e-04  3.000848e-02  2.559806e+04  9.565998e+00
   166  1.201428e+00  1.194022e+00  1.082819e+00  2.127706e-04  2.933021e-02  2.744295e+04  9.961491e+00
   167  1.215879e+00  1.208714e+00  1.111094e+00  2.009786e-04  2.868038e-02  2.938041e+04  1.036503e+01
   168  1.229883e+00  1.222938e+00  1.139677e+00  1.900271e-04  2.805639e-02  3.141727e+04  1.077740e+01
   169  1.243478e+00  1.236734e+00  1.168559e+00  1.798241e-04  2.745592e-02  3.356093e+04  1.119943e+01
   170  1.256698e+00  1.250138e+00  1.197736e+00  1.702911e-04  2.687698e-02  3.581936e+04  1.163192e+01
   171  1.269572e+00  1.263183e+00  1.227200e+00  1.613609e-04  2.631780e-02  3.820119e+04  1.207574e+01
   172  1.282129e+00  1.275896e+00  1.256946e+00  1.529755e-04  2.577683e-02  4.071584e+04  1.253176e+01
   173  1.294394e+00  1.288305e+00  1.286966e+00  1.450846e-04  2.525273e-02  4.337351e+04  1.300089e+01
   174  1.306390e+00  1.300434e+00  1.317256e+00  1.376442e-04  2.474431e-02  4.618538e+04  1.348408e+01
   175  1.318137e+00  1.312303e+00  1.347808e+00  1.306156e-04  2.425055e-02  4.916364e+04  1.398232e+01
   176  1.329654e+00  1.323933e+00  1.378616e+00  1.239649e-04  2.377056e-02  5.232165e+04  1.449668e+01
   177  1.340960e+00  1.335344e+00  1.409675e+00  1.176619e-04  2.330356e-02  5.567409e+04  1.502826e+01
   178  1.352071e+00  1.346551e+00  1.440978e+00  1.116795e-04  2.284891e-02  5.923712e+04  1.557824e+01
   179  1.363002e+00  1.357571e+00  1.472519e+00  1.059937e-04  2.240605e-02  6.302853e+04  1.614786e+01
   180  1.373768e+00  1.368418e+00  1.504292e+00  1.005830e-04  2.197455e-02  6.706800e+04  1.673846e+01
   181  1.384383e+00  1.379108e+00  1.536292e+00  9.542797e-05  2.155402e-02  7.137731e+04  1.735145e+01
   182  1.394861e+00  1.389654e+00  1.568512e+00  9.051102e-05  2.114420e-02  7.598064e+04  1.798835e+01
   183  1.405213e+00  1.400068e+00  1.600947e+00  8.581635e-05  2.074488e-02  8.090484e+04  1.865079e+01
   184  1.415452e+00  1.410362e+00  1.633591e+00  8.132962e-05  2.035593e-02  8.617986e+04  1.934051e+01
   185  1.425589e+00  1.420550e+00  1.666439e+00  7.703785e-05  1.997728e-02  9.183910e+04  2.005938e+01
   186  1.435637e+00  1.430642e+00  1.699484e+00  7.292931e-05  1.960893e-02  9.791989e+04  2.080941e+01
   187  1.445606e+00  1.440650e+00  1.732722e+00  6.899337e-05  1.925093e-02  1.044640e+05  2.159276e+01
   188  1.455508e+00  1.450585e+00  1.766147e+00  6.522048e-05  1.890335e-02  1.115184e+05  2.241178e+01
   189  1.465353e+00  1.460459e+00  1.799754e+00  6.160205e-05  1.856634e-02  1.191356e+05  2.326896e+01
   190  1.475154e+00  1.470281e+00  1.833536e+00  5.813044e-05  1.824004e-02  1.273748e+05  2.416702e+01
   191  1.484919e+00  1.480064e+00  1.867490e+00  5.479889e-05  1.792462e-02  1.363023e+05  2.510885e+01
   192  1.494662e+00  1.489818e+00  1.901609e+00  5.160143e-05  1.762025e-02  1.459931e+05  2.609762e+01
   193  1.504392e+00  1.499554e+00  1.935889e+00  4.853289e-05  1.732707e-02  1.565313e+05  2.713671e+01
   194  1.514121e+00  1.509284e+00  1.970325e+00  4.558882e-05  1.704519e-02  1.680121e+05  2.822979e+01
   195  1.523861e+00  1.519019e+00  2.004912e+00  4.276553e-05  1.677468e-02  1.805424e+05  2.938081e+01
   196  1.533622e+00  1.528769e+00  2.039645e+00  4.006001e-05  1.651551e-02  1.942419e+05  3.059400e+01
   197  1.543416e+00  1.538547e+00  2.074518e+00  3.746983e-05  1.626758e-02  2.092458e+05  3.187391e+01
   198  1.553254e+00  1.548363e+00  2.109526e+00  3.499305e-05  1.603066e-02  2.257057e+05  3.322547e+01
   199  1.563146e+00  1.558228e+00  2.144666e+00  3.262817e-05  1.580436e-02  2.437916e+05  3.465397e+01
   200  1.573104e+00  1.568154e+00  2.179932e+00  3.037403e-05  1.558815e-02  2.636940e+05  3.616506e+01
   201  1.583138e+00  1.578150e+00  2.215319e+00  2.822966e-05  1.538135e-02  2.856256e+05  3.776485e+01
   202  1.593258e+00  1.588228e+00  2.250822e+00  2.619416e-05  1.518308e-02  3.098243e+05  3.945986e+01
   203  1.603473e+00  1.598395e+00  2.286438e+00  2.426658e-05  1.499234e-02  3.365555e+05  4.125710e+01
   204  1.613791e+00  1.608662e+00  2.322160e+00  2.244579e-05  1.480798e-02  3.661147e+05  4.316407e+01
   205  1.624220e+00  1.619037e+00  2.357985e+00  2.073035e-05  1.462874e-02  3.988320e+05  4.518882e+01
   206  1.634767e+00  1.629526e+00  2.393907e+00  1.911840e-05  1.445334e-02  4.350751e+05  4.733995e+01
   207  1.645437e+00  1.640135e+00  2.429923e+00  1.760766e-05  1.428048e-02  4.752552e+05  4.962670e+01
   208  1.656235e+00  1.650870e+00  2.466027e+00  1.619533e-05  1.410893e-02  5.198320e+05  5.205899e+01
   209  1.667164e+00  1.661734e+00  2.502214e+00  1.487817e-05  1.393756e-02  5.693207e+05  5.464740e+01
   210  1.678227e+00  1.672731e+00  2.538480e+00  1.365249e-05  1.376541e-02  6.243004e+05  5.740336e+01
   211  1.689426e+00  1.683863e+00  2.574820e+00  1.251425e-05  1.359166e-02  6.854231e+05  6.033912e+01
   212  1.700762e+00  1.695131e+00  2.611229e+00  1.145918e-05  1.341572e-02  7.534242e+05  6.346788e+01
   213  1.712235e+00  1.706536e+00  2.647704e+00  1.048280e-05  1.323716e-02  8.291348e+05  6.680387e+01
   214  1.723845e+00  1.718079e+00  2.684236e+00  9.580644e-06  1.305570e-02  9.134930e+05  7.036235e+01
   215  1.735592e+00  1.729758e+00  2.720824e+00  8.748203e-06  1.287121e-02  1.007561e+06  7.415981e+01
   216  1.747475e+00  1.741574e+00  2.757461e+00  7.981062e-06  1.268367e-02  1.112543e+06  7.821409e+01
   217  1.759493e+00  1.753526e+00  2.794143e+00  7.274944e-06  1.249311e-02  1.229802e+06  8.254441e+01
   218  1.771644e+00  1.765611e+00  2.830864e+00  6.625729e-06  1.229965e-02  1.360880e+06  8.717151e+01
   219  1.783928e+00  1.777830e+00  2.867619e+00  6.029481e-06  1.210343e-02  1.507530e+06  9.211780e+01
   220  1.796342e+00  1.790180e+00  2.904402e+00  5.482446e-06  1.190463e-02  1.671736e+06  9.740755e+01
   221  1.808886e+00  1.802659e+00  2.941208e+00  4.981070e-06  1.170343e-02  1.855755e+06  1.030670e+02
   222  1.821556e+00  1.815267e+00  2.978032e+00  4.521995e-06  1.150006e-02  2.062148e+06  1.091246e+02
   223  1.834351e+00  1.828000e+00  3.014867e+00  4.102059e-06  1.129471e-02  2.293826e+06  1.156110e+02
   224  1.847269e+00  1.840858e+00  3.051708e+00  3.718288e-06  1.108763e-02  2.554099e+06  1.225595e+02
   225  1.860308e+00  1.853837e+00  3.088549e+00  3.367885e-06  1.087903e-02  2.846740e+06  1.300062e+02
   226  1.873466e+00  1.866937e+00  3.125383e+00  3.048235e-06  1.066914e-02  3.176046e+06  1.379904e+02
   227  1.886739e+00  1.880153e+00  3.162204e+00  2.756902e-06  1.045822e-02  3.546908e+06  1.465542e+02
   228  1.900127e+00  1.893485e+00  3.199004e+00  2.491609e-06  1.024646e-02  3.964908e+06  1.557438e+02
   229  1.913626e+00  1.906929e+00  3.235778e+00  2.250236e-06  1.003409e-02  4.436424e+06  1.656093e+02
   230  1.927235e+00  1.920484e+00  3.272518e+00  2.030806e-06  9.821317e-03  4.968744e+06  1.762052e+02
   231  1.940950e+00  1.934146e+00  3.309218e+00  1.831485e-06  9.608388e-03  5.570208e+06  1.875905e+02
   232  1.954769e+00  1.947914e+00  3.345867e+00  1.650576e-06  9.395524e-03  6.250344e+06  1.998294e+02
   233  1.968690e+00  1.961785e+00  3.382461e+00  1.486512e-06  9.182902e-03  7.020074e+06  2.129922e+02
   234  1.982709e+00  1.975756e+00  3.418989e+00  1.337835e-06  8.970738e-03  7.891932e+06  2.271550e+02
   235  1.996826e+00  1.989825e+00  3.455443e+00  1.203208e-06  8.759216e-03  8.880279e+06  2.424012e+02
   236  2.011036e+00  2.003989e+00  3.491816e+00  1.081392e-06  8.548533e-03  1.000164e+07  2.588215e+02
   237  2.025338e+00  2.018246e+00  3.528096e+00  9.712464e-07  8.338894e-03  1.127499e+07  2.765151e+02
   238  2.039728e+00  2.032592e+00  3.564275e+00  8.717330e-07  8.130407e-03  1.272215e+07  2.955901e+02
   239  2.054205e+00  2.047027e+00  3.600342e+00  7.818871e-07  7.923247e-03  1.436826e+07  3.161652e+02
   240  2.068766e+00  2.061547e+00  3.636288e+00  7.008257e-07  7.717577e-03  1.624237e+07  3.383703e+02
   241  2.083408e+00  2.076149e+00  3.672101e+00  6.277346e-07  7.513625e-03  1.837804e+07  3.623473e+02
   242  2.098129e+00  2.090831e+00  3.707770e+00  5.618883e-07  7.311366e-03  2.081377e+07  3.882518e+02
   243  2.112927e+00  2.105591e+00  3.743285e+00  5.026054e-07  7.110952e-03  2.359440e+07  4.162558e+02
   244  2.127798e+00  2.120426e+00  3.778631e+00  4.492523e-07  6.912754e-03  2.677220e+07  4.465469e+02
   245  2.142741e+00  2.135334e+00  3.813796e+00  4.012833e-07  6.716654e-03  3.040692e+07  4.793312e+02
   246  2.157754e+00  2.150313e+00  3.848769e+00  3.581846e-07  6.522715e-03  3.456837e+07  5.148374e+02
   247  2.172834e+00  2.165360e+00  3.883532e+00  3.194738e-07  6.331311e-03  3.933851e+07  5.533161e+02
   248  2.187979e+00  2.180472e+00  3.918075e+00  2.847478e-07  6.142092e-03  4.481067e+07  5.950444e+02
   249  2.203186e+00  2.195649e+00  3.952381e+00  2.536036e-07  5.955416e-03  5.109619e+07  6.403302e+02
   250  2.218454e+00  2.210887e+00  3.986434e+00  2.256824e-07  5.771588e-03  5.832499e+07  6.895111e+02
   251  2.233781e+00  2.226185e+00  4.020220e+00  2.006866e-07  5.590140e-03  6.664540e+07  7.429630e+02
   252  2.249164e+00  2.241540e+00  4.053721e+00  1.783101e-07  5.411552e-03  7.623655e+07  8.011040e+02
   253  2.264601e+00  2.256951e+00  4.086918e+00  1.582927e-07  5.235878e-03  8.730606e+07  8.643956e+02
   254  2.280091e+00  2.272415e+00  4.119796e+00  1.404096e-07  5.062733e-03  1.000946e+08  9.333549e+02
   255  2.295631e+00  2.287931e+00  4.152333e+00  1.244260e-07  4.892877e-03  1.148965e+08  1.008556e+03
   256  2.311221e+00  2.303496e+00  4.184514e+00  1.101700e-07  4.725511e-03  1.320420e+08  1.090641e+03
   257  2.326857e+00  2.319109e+00  4.216317e+00  9.745237e-08  4.561162e-03  1.519392e+08  1.180331e+03
   258  2.342538e+00  2.334768e+00  4.247720e+00  8.611118e-08  4.400107e-03  1.750688e+08  1.278428e+03
   259  2.358264e+00  2.350472e+00  4.278704e+00  7.601861e-08  4.241613e-03  2.019829e+08  1.385837e+03
   260  2.374031e+00  2.366219e+00  4.309247e+00  6.703339e-08  4.086310e-03  2.333690e+08  1.503580e+03
   261  2.389838e+00  2.382006e+00  4.339327e+00  5.904366e-08  3.934012e-03  2.700281e+08  1.632801e+03
   262  2.405685e+00  2.397834e+00  4.368920e+00  5.194435e-08  3.784767e-03  3.129263e+08  1.774798e+03
   263  2.421569e+00  2.413699e+00  4.398003e+00  4.564223e-08  3.638528e-03  3.632205e+08  1.931041e+03
   264  2.437488e+00  2.429601e+00  4.426551e+00  4.005181e-08  3.495371e-03  4.223098e+08  2.103197e+03
   265  2.453443e+00  2.445539e+00  4.454541e+00  3.509779e-08  3.355248e-03  4.918786e+08  2.293166e+03
   266  2.469431e+00  2.461510e+00  4.481946e+00  3.071158e-08  3.218190e-03  5.739738e+08  2.503115e+03
   267  2.485451e+00  2.477515e+00  4.508746e+00  2.683550e-08  3.083752e-03  6.710434e+08  2.735541e+03
   268  2.501501e+00  2.493550e+00  4.534908e+00  2.340548e-08  2.952978e-03  7.862348e+08  2.993290e+03
   269  2.517582e+00  2.509616e+00  4.560415e+00  2.038393e-08  2.824434e-03  9.230950e+08  3.279654e+03
   270  2.533691e+00  2.525711e+00  4.585232e+00  1.771479e-08  2.699673e-03  1.086447e+09  3.598440e+03
   271  2.549827e+00  2.541834e+00  4.609339e+00  1.536849e-08  2.577282e-03  1.281704e+09  3.954041e+03
   272  2.565990e+00  2.557984e+00  4.632710e+00  1.330425e-08  2.457992e-03  1.516070e+09  4.351633e+03
   273  2.582178e+00  2.574159e+00  4.655317e+00  1.149072e-08  2.341812e-03  1.798361e+09  4.797204e+03
   274  2.598390e+00  2.590360e+00  4.677135e+00  9.901156e-09  2.228424e-03  2.139514e+09  5.297804e+03
   275  2.614626e+00  2.606584e+00  4.698144e+00  8.510628e-09  2.117628e-03  2.553369e+09  5.861815e+03
   276  2.630885e+00  2.622832e+00  4.718316e+00  7.293752e-09  2.010088e-03  3.058028e+09  6.499123e+03
   277  2.647165e+00  2.639101e+00  4.737631e+00  6.233439e-09  1.904982e-03  3.675589e+09  7.221518e+03
   278  2.663465e+00  2.655392e+00  4.756067e+00  5.309664e-09  1.802807e-03  4.435661e+09  8.043214e+03
   279  2.679786e+00  2.671702e+00  4.773601e+00  4.506284e-09  1.703682e-03  5.376346e+09  8.981198e+03
   280  2.696125e+00  2.688033e+00  4.790222e+00  3.811626e-09  1.606519e-03  6.545559e+09  1.005633e+04
   281  2.712483e+00  2.704381e+00  4.805906e+00  3.208972e-09  1.512902e-03  8.011775e+09  1.129404e+04
   282  2.728857e+00  2.720747e+00  4.820645e+00  2.690636e-09  1.421237e-03  9.858525e+09  1.272557e+04
   283  2.745248e+00  2.737130e+00  4.834423e+00  2.243860e-09  1.332790e-03  1.220741e+10  1.438994e+04
   284  2.761652e+00  2.753527e+00  4.847237e+00  1.861735e-09  1.246433e-03  1.521415e+10  1.633595e+04
   285  2.778070e+00  2.769939e+00  4.859082e+00  1.535263e-09  1.162664e-03  1.910250e+10  1.862599e+04
   286  2.794499e+00  2.786363e+00  4.869952e+00  1.256951e-09  1.081954e-03  2.418672e+10  2.133900e+04
   287  2.810937e+00  2.802796e+00  4.879856e+00  1.021821e-09  1.003287e-03  3.089673e+10  2.457750e+04
   288  2.827381e+00  2.819237e+00  4.888804e+00  8.237119e-10  9.270473e-04  3.987252e+10  2.847732e+04
   289  2.843825e+00  2.835681e+00  4.896806e+00  6.575848e-10  8.534376e-04  5.205499e+10  3.321819e+04
   290  2.860263e+00  2.852122e+00  4.903884e+00  5.193278e-10  7.822717e-04  6.884614e+10  3.904255e+04
   291  2.876686e+00  2.868552e+00  4.910061e+00  4.050652e-10  7.136830e-04  9.241074e+10  4.628312e+04
   292  2.893077e+00  2.884959e+00  4.915372e+00  3.114629e-10  6.477516e-04  1.261506e+11  5.540263e+04
   293  2.909413e+00  2.901322e+00  4.919859e+00  2.358806e-10  5.837416e-04  1.754678e+11  6.706274e+04
   294  2.925653e+00  2.917609e+00  4.923565e+00  1.750602e-10  5.233761e-04  2.496926e+11  8.221236e+04
   295  2.941731e+00  2.933766e+00  4.926545e+00  1.272212e-10  4.659174e-04  3.641548e+11  1.022124e+05
   296  2.957526e+00  2.949700e+00  4.928872e+00  9.054381e-11  4.104640e-04  5.451345e+11  1.290835e+05
   297  2.972822e+00  2.965241e+00  4.930605e+00  6.255919e-11  3.608178e-04  8.415209e+11  1.656335e+05
   298  2.987221e+00  2.980081e+00  4.931833e+00  4.250715e-11  3.142027e-04  1.327190e+12  2.153286e+05
   299  3.000000e+00  2.993657e+00  4.932628e+00  2.823234e-11  2.784971e-04  2.122476e+12  2.806428e+05
