     i         log_r      log_rmid             m           rho            v2             p        trelax            kn
     0  -2.455283e+00  -2.756313e+00  4.936543e-05  3.438686e+03  7.084752e-01  2.436224e+03  3.454977e-04  8.167416e-04
     1  -2.449057e+00  -2.452159e+00  5.153900e-05  3.445663e+03  7.070406e-01  2.436224e+03  3.451477e-04  8.167416e-04
     2  -2.442836e+00  -2.445936e+00  5.380601e-05  3.444855e+03  7.069989e-01  2.435508e+03  3.452389e-04  8.168616e-04
     3  -2.436608e+00  -2.439711e+00  5.617461e-05  3.444022e+03  7.069559e-01  2.434772e+03  3.453328e-04  8.169851e-04
     4  -2.430382e+00  -2.433484e+00  5.864622e-05  3.443165e+03  7.069117e-01  2.434014e+03  3.454296e-04  8.171123e-04
     5  -2.424162e+00  -2.427261e+00  6.122269e-05  3.442284e+03  7.068662e-01  2.433234e+03  3.455291e-04  8.172431e-04
     6  -2.417932e+00  -2.421036e+00  6.391625e-05  3.441378e+03  7.068194e-01  2.432432e+03  3.456316e-04  8.173779e-04
     7  -2.411702e+00  -2.414806e+00  6.672776e-05  3.440444e+03  7.067711e-01  2.431607e+03  3.457372e-04  8.175167e-04
     8  -2.405465e+00  -2.408572e+00  6.966511e-05  3.439483e+03  7.067215e-01  2.430756e+03  3.458460e-04  8.176596e-04
     9  -2.399238e+00  -2.402340e+00  7.272580e-05  3.438494e+03  7.066704e-01  2.429882e+03  3.459579e-04  8.178067e-04
    10  -2.393005e+00  -2.396111e+00  7.592335e-05  3.437477e+03  7.066178e-01  2.428983e+03  3.460731e-04  8.179581e-04
    11  -2.386775e+00  -2.389879e+00  7.925890e-05  3.436430e+03  7.065637e-01  2.428057e+03  3.461918e-04  8.181140e-04
    12  -2.380543e+00  -2.383648e+00  8.274157e-05  3.435354e+03  7.065081e-01  2.427105e+03  3.463140e-04  8.182744e-04
    13  -2.374314e+00  -2.377417e+00  8.637379e-05  3.434246e+03  7.064508e-01  2.426126e+03  3.464397e-04  8.184395e-04
    14  -2.368087e+00  -2.371189e+00  9.016405e-05  3.433107e+03  7.063918e-01  2.425119e+03  3.465691e-04  8.186094e-04
    15  -2.361848e+00  -2.364956e+00  9.412640e-05  3.431934e+03  7.063312e-01  2.424082e+03  3.467024e-04  8.187845e-04
    16  -2.355615e+00  -2.358721e+00  9.825814e-05  3.430727e+03  7.062687e-01  2.423015e+03  3.468397e-04  8.189647e-04
    17  -2.349375e+00  -2.352484e+00  1.025750e-04  3.429485e+03  7.062044e-01  2.421918e+03  3.469811e-04  8.191503e-04
    18  -2.343145e+00  -2.346249e+00  1.070736e-04  3.428208e+03  7.061383e-01  2.420789e+03  3.471267e-04  8.193412e-04
    19  -2.336910e+00  -2.340016e+00  1.117716e-04  3.426894e+03  7.060702e-01  2.419628e+03  3.472765e-04  8.195377e-04
    20  -2.330675e+00  -2.333781e+00  1.166741e-04  3.425543e+03  7.060002e-01  2.418434e+03  3.474307e-04  8.197401e-04
    21  -2.324440e+00  -2.327546e+00  1.217905e-04  3.424152e+03  7.059281e-01  2.417205e+03  3.475895e-04  8.199483e-04
    22  -2.318204e+00  -2.321311e+00  1.271309e-04  3.422722e+03  7.058540e-01  2.415942e+03  3.477531e-04  8.201627e-04
    23  -2.311971e+00  -2.315076e+00  1.327005e-04  3.421251e+03  7.057777e-01  2.414642e+03  3.479214e-04  8.203834e-04
    24  -2.305735e+00  -2.308842e+00  1.385159e-04  3.419738e+03  7.056992e-01  2.413306e+03  3.480947e-04  8.206105e-04
    25  -2.299500e+00  -2.302606e+00  1.445845e-04  3.418181e+03  7.056184e-01  2.411931e+03  3.482732e-04  8.208443e-04
    26  -2.293266e+00  -2.296372e+00  1.509149e-04  3.416580e+03  7.055353e-01  2.410518e+03  3.484569e-04  8.210850e-04
    27  -2.287025e+00  -2.290134e+00  1.575290e-04  3.414932e+03  7.054498e-01  2.409063e+03  3.486461e-04  8.213328e-04
    28  -2.280790e+00  -2.283896e+00  1.644237e-04  3.413237e+03  7.053617e-01  2.407567e+03  3.488410e-04  8.215879e-04
    29  -2.274556e+00  -2.277662e+00  1.716176e-04  3.411495e+03  7.052712e-01  2.406030e+03  3.490415e-04  8.218504e-04
    30  -2.268321e+00  -2.271427e+00  1.791246e-04  3.409704e+03  7.051781e-01  2.404448e+03  3.492480e-04  8.221206e-04
    31  -2.262083e+00  -2.265191e+00  1.869613e-04  3.407861e+03  7.050823e-01  2.402822e+03  3.494606e-04  8.223988e-04
    32  -2.255846e+00  -2.258953e+00  1.951388e-04  3.405965e+03  7.049836e-01  2.401149e+03  3.496796e-04  8.226852e-04
    33  -2.249611e+00  -2.252717e+00  2.036668e-04  3.404015e+03  7.048822e-01  2.399430e+03  3.499051e-04  8.229799e-04
    34  -2.243375e+00  -2.246482e+00  2.125676e-04  3.402011e+03  7.047778e-01  2.397662e+03  3.501371e-04  8.232833e-04
    35  -2.237138e+00  -2.240245e+00  2.218557e-04  3.399949e+03  7.046705e-01  2.395844e+03  3.503762e-04  8.235956e-04
    36  -2.230903e+00  -2.234010e+00  2.315430e-04  3.397829e+03  7.045600e-01  2.393974e+03  3.506223e-04  8.239171e-04
    37  -2.224668e+00  -2.227774e+00  2.416522e-04  3.395649e+03  7.044464e-01  2.392053e+03  3.508756e-04  8.242480e-04
    38  -2.218431e+00  -2.221538e+00  2.522004e-04  3.393408e+03  7.043295e-01  2.390077e+03  3.511366e-04  8.245886e-04
    39  -2.212193e+00  -2.215301e+00  2.632088e-04  3.391102e+03  7.042092e-01  2.388045e+03  3.514053e-04  8.249393e-04
    40  -2.205958e+00  -2.209064e+00  2.746873e-04  3.388732e+03  7.040854e-01  2.385956e+03  3.516820e-04  8.253003e-04
    41  -2.199722e+00  -2.202829e+00  2.866651e-04  3.386295e+03  7.039581e-01  2.383810e+03  3.519669e-04  8.256718e-04
    42  -2.193487e+00  -2.196593e+00  2.991578e-04  3.383789e+03  7.038272e-01  2.381603e+03  3.522603e-04  8.260542e-04
    43  -2.187252e+00  -2.190358e+00  3.121906e-04  3.381214e+03  7.036926e-01  2.379335e+03  3.525623e-04  8.264479e-04
    44  -2.181015e+00  -2.184122e+00  3.257907e-04  3.378565e+03  7.035540e-01  2.377003e+03  3.528734e-04  8.268531e-04
    45  -2.174780e+00  -2.177886e+00  3.399746e-04  3.375842e+03  7.034115e-01  2.374606e+03  3.531938e-04  8.272703e-04
    46  -2.168544e+00  -2.171651e+00  3.547724e-04  3.373043e+03  7.032649e-01  2.372143e+03  3.535238e-04  8.276997e-04
    47  -2.162309e+00  -2.165415e+00  3.702053e-04  3.370166e+03  7.031141e-01  2.369611e+03  3.538635e-04  8.281418e-04
    48  -2.156075e+00  -2.159181e+00  3.863001e-04  3.367209e+03  7.029591e-01  2.367010e+03  3.542134e-04  8.285967e-04
    49  -2.149839e+00  -2.152946e+00  4.030957e-04  3.364168e+03  7.027996e-01  2.364336e+03  3.545737e-04  8.290651e-04
    50  -2.143604e+00  -2.146710e+00  4.206106e-04  3.361043e+03  7.026355e-01  2.361588e+03  3.549449e-04  8.295474e-04
    51  -2.137368e+00  -2.140475e+00  4.388801e-04  3.357831e+03  7.024667e-01  2.358764e+03  3.553271e-04  8.300438e-04
    52  -2.131133e+00  -2.134240e+00  4.579325e-04  3.354529e+03  7.022931e-01  2.355863e+03  3.557208e-04  8.305548e-04
    53  -2.124895e+00  -2.128003e+00  4.778138e-04  3.351135e+03  7.021146e-01  2.352881e+03  3.561263e-04  8.310809e-04
    54  -2.118662e+00  -2.121767e+00  4.985347e-04  3.347647e+03  7.019310e-01  2.349817e+03  3.565440e-04  8.316225e-04
    55  -2.112427e+00  -2.115533e+00  5.201481e-04  3.344064e+03  7.017422e-01  2.346670e+03  3.569741e-04  8.321799e-04
    56  -2.106191e+00  -2.109298e+00  5.426885e-04  3.340380e+03  7.015480e-01  2.343437e+03  3.574171e-04  8.327538e-04
    57  -2.099956e+00  -2.103062e+00  5.661971e-04  3.336595e+03  7.013482e-01  2.340115e+03  3.578736e-04  8.333446e-04
    58  -2.093721e+00  -2.096827e+00  5.907064e-04  3.332706e+03  7.011429e-01  2.336703e+03  3.583437e-04  8.339528e-04
    59  -2.087486e+00  -2.090592e+00  6.162668e-04  3.328710e+03  7.009316e-01  2.333198e+03  3.588279e-04  8.345790e-04
    60  -2.081251e+00  -2.084357e+00  6.429189e-04  3.324604e+03  7.007144e-01  2.329598e+03  3.593268e-04  8.352236e-04
    61  -2.075015e+00  -2.078122e+00  6.707104e-04  3.320385e+03  7.004911e-01  2.325900e+03  3.598407e-04  8.358873e-04
    62  -2.068780e+00  -2.071886e+00  6.996861e-04  3.316051e+03  7.002614e-01  2.322102e+03  3.603701e-04  8.365706e-04
    63  -2.062545e+00  -2.065651e+00  7.298974e-04  3.311598e+03  7.000252e-01  2.318202e+03  3.609155e-04  8.372740e-04
    64  -2.056309e+00  -2.059415e+00  7.613962e-04  3.307024e+03  6.997823e-01  2.314197e+03  3.614775e-04  8.379983e-04
    65  -2.050074e+00  -2.053180e+00  7.942322e-04  3.302325e+03  6.995326e-01  2.310084e+03  3.620564e-04  8.387439e-04
    66  -2.043837e+00  -2.046944e+00  8.284723e-04  3.297498e+03  6.992758e-01  2.305861e+03  3.626529e-04  8.395116e-04
    67  -2.037600e+00  -2.040707e+00  8.641640e-04  3.292540e+03  6.990118e-01  2.301524e+03  3.632676e-04  8.403022e-04
    68  -2.031364e+00  -2.034471e+00  9.013664e-04  3.287448e+03  6.987403e-01  2.297072e+03  3.639010e-04  8.411160e-04
    69  -2.025127e+00  -2.028235e+00  9.401486e-04  3.282218e+03  6.984612e-01  2.292502e+03  3.645536e-04  8.419540e-04
    70  -2.018890e+00  -2.021997e+00  9.805784e-04  3.276847e+03  6.981742e-01  2.287810e+03  3.652261e-04  8.428169e-04
    71  -2.012651e+00  -2.015759e+00  1.022722e-03  3.271331e+03  6.978792e-01  2.282994e+03  3.659193e-04  8.437055e-04
    72  -2.006413e+00  -2.009521e+00  1.066645e-03  3.265667e+03  6.975758e-01  2.278050e+03  3.666337e-04  8.446204e-04
    73  -2.000175e+00  -2.003283e+00  1.112418e-03  3.259852e+03  6.972640e-01  2.272977e+03  3.673699e-04  8.455625e-04
    74  -1.993936e+00  -1.997044e+00  1.160127e-03  3.253881e+03  6.969434e-01  2.267771e+03  3.681286e-04  8.465326e-04
    75  -1.987697e+00  -1.990805e+00  1.209843e-03  3.247751e+03  6.966138e-01  2.262428e+03  3.689107e-04  8.475316e-04
    76  -1.981457e+00  -1.984566e+00  1.261660e-03  3.241457e+03  6.962750e-01  2.256946e+03  3.697169e-04  8.485603e-04
    77  -1.975217e+00  -1.978325e+00  1.315650e-03  3.234997e+03  6.959267e-01  2.251321e+03  3.705479e-04  8.496197e-04
    78  -1.968975e+00  -1.972085e+00  1.371910e-03  3.228365e+03  6.955687e-01  2.245550e+03  3.714046e-04  8.507107e-04
    79  -1.962733e+00  -1.965843e+00  1.430537e-03  3.221558e+03  6.952007e-01  2.239630e+03  3.722879e-04  8.518344e-04
    80  -1.956491e+00  -1.959601e+00  1.491613e-03  3.214572e+03  6.948224e-01  2.233557e+03  3.731985e-04  8.529916e-04
    81  -1.950247e+00  -1.953358e+00  1.555254e-03  3.207403e+03  6.944337e-01  2.227328e+03  3.741374e-04  8.541834e-04
    82  -1.944003e+00  -1.947114e+00  1.621555e-03  3.200045e+03  6.940340e-01  2.220940e+03  3.751056e-04  8.554110e-04
    83  -1.937758e+00  -1.940869e+00  1.690622e-03  3.192495e+03  6.936233e-01  2.214389e+03  3.761039e-04  8.566754e-04
    84  -1.931512e+00  -1.934624e+00  1.762572e-03  3.184749e+03  6.932011e-01  2.207672e+03  3.771335e-04  8.579777e-04
    85  -1.925264e+00  -1.928377e+00  1.837521e-03  3.176802e+03  6.927673e-01  2.200784e+03  3.781954e-04  8.593192e-04
    86  -1.919016e+00  -1.922129e+00  1.915590e-03  3.168648e+03  6.923214e-01  2.193723e+03  3.792906e-04  8.607011e-04
    87  -1.912767e+00  -1.915880e+00  1.996900e-03  3.160285e+03  6.918632e-01  2.186485e+03  3.804203e-04  8.621246e-04
    88  -1.906516e+00  -1.909630e+00  2.081586e-03  3.151706e+03  6.913923e-01  2.179065e+03  3.815856e-04  8.635910e-04
    89  -1.900263e+00  -1.903378e+00  2.169788e-03  3.142907e+03  6.909084e-01  2.171461e+03  3.827879e-04  8.651019e-04
    90  -1.894009e+00  -1.897125e+00  2.261641e-03  3.133883e+03  6.904111e-01  2.163668e+03  3.840284e-04  8.666585e-04
    91  -1.887753e+00  -1.890870e+00  2.357288e-03  3.124629e+03  6.899001e-01  2.155682e+03  3.853083e-04  8.682622e-04
    92  -1.881496e+00  -1.884614e+00  2.456877e-03  3.115141e+03  6.893751e-01  2.147501e+03  3.866291e-04  8.699146e-04
    93  -1.875237e+00  -1.878355e+00  2.560586e-03  3.105413e+03  6.888356e-01  2.139119e+03  3.879921e-04  8.716173e-04
    94  -1.868976e+00  -1.872095e+00  2.668544e-03  3.095439e+03  6.882812e-01  2.130533e+03  3.893989e-04  8.733718e-04
    95  -1.862713e+00  -1.865834e+00  2.780947e-03  3.085216e+03  6.877117e-01  2.121739e+03  3.908510e-04  8.751797e-04
    96  -1.856449e+00  -1.859570e+00  2.897949e-03  3.074737e+03  6.871266e-01  2.112734e+03  3.923499e-04  8.770429e-04
    97  -1.850182e+00  -1.853304e+00  3.019750e-03  3.063998e+03  6.865255e-01  2.103513e+03  3.938974e-04  8.789631e-04
    98  -1.843913e+00  -1.847036e+00  3.146529e-03  3.052993e+03  6.859080e-01  2.094072e+03  3.954953e-04  8.809422e-04
    99  -1.837641e+00  -1.840766e+00  3.278481e-03  3.041716e+03  6.852736e-01  2.084408e+03  3.971452e-04  8.829822e-04
   100  -1.831367e+00  -1.834493e+00  3.415810e-03  3.030163e+03  6.846219e-01  2.074516e+03  3.988492e-04  8.850849e-04
   101  -1.825090e+00  -1.828217e+00  3.558731e-03  3.018326e+03  6.839524e-01  2.064391e+03  4.006092e-04  8.872525e-04
   102  -1.818810e+00  -1.821939e+00  3.707443e-03  3.006202e+03  6.832648e-01  2.054032e+03  4.024272e-04  8.894871e-04
   103  -1.812527e+00  -1.815657e+00  3.862193e-03  2.993784e+03  6.825585e-01  2.043433e+03  4.043054e-04  8.917910e-04
   104  -1.806241e+00  -1.809373e+00  4.023197e-03  2.981067e+03  6.818330e-01  2.032590e+03  4.062461e-04  8.941664e-04
   105  -1.799952e+00  -1.803085e+00  4.190697e-03  2.968046e+03  6.810879e-01  2.021500e+03  4.082515e-04  8.966157e-04
   106  -1.793660e+00  -1.796795e+00  4.364955e-03  2.954714e+03  6.803227e-01  2.010159e+03  4.103241e-04  8.991415e-04
   107  -1.787363e+00  -1.790500e+00  4.546218e-03  2.941066e+03  6.795367e-01  1.998562e+03  4.124666e-04  9.017464e-04
   108  -1.781063e+00  -1.784202e+00  4.734748e-03  2.927096e+03  6.787297e-01  1.986707e+03  4.146814e-04  9.044329e-04
   109  -1.774759e+00  -1.777900e+00  4.930837e-03  2.912799e+03  6.779009e-01  1.974589e+03  4.169715e-04  9.072039e-04
   110  -1.768451e+00  -1.771593e+00  5.134764e-03  2.898169e+03  6.770498e-01  1.962204e+03  4.193397e-04  9.100623e-04
   111  -1.762138e+00  -1.765283e+00  5.346829e-03  2.883199e+03  6.761758e-01  1.949550e+03  4.217893e-04  9.130112e-04
   112  -1.755821e+00  -1.758968e+00  5.567324e-03  2.867885e+03  6.752785e-01  1.936621e+03  4.243232e-04  9.160537e-04
   113  -1.749499e+00  -1.752648e+00  5.796581e-03  2.852222e+03  6.743571e-01  1.923416e+03  4.269448e-04  9.191929e-04
   114  -1.743171e+00  -1.746323e+00  6.034915e-03  2.836202e+03  6.734112e-01  1.909930e+03  4.296578e-04  9.224324e-04
   115  -1.736839e+00  -1.739994e+00  6.282676e-03  2.819821e+03  6.724400e-01  1.896160e+03  4.324658e-04  9.257757e-04
   116  -1.730501e+00  -1.733658e+00  6.540210e-03  2.803072e+03  6.714429e-01  1.882103e+03  4.353727e-04  9.292265e-04
   117  -1.724157e+00  -1.727317e+00  6.807874e-03  2.785952e+03  6.704193e-01  1.867756e+03  4.383825e-04  9.327886e-04
   118  -1.717807e+00  -1.720970e+00  7.086044e-03  2.768453e+03  6.693686e-01  1.853115e+03  4.414995e-04  9.364660e-04
   119  -1.711451e+00  -1.714617e+00  7.375103e-03  2.750571e+03  6.682900e-01  1.838179e+03  4.447281e-04  9.402630e-04
   120  -1.705088e+00  -1.708258e+00  7.675455e-03  2.732301e+03  6.671829e-01  1.822944e+03  4.480733e-04  9.441838e-04
   121  -1.698718e+00  -1.701891e+00  7.987504e-03  2.713637e+03  6.660465e-01  1.807408e+03  4.515398e-04  9.482331e-04
   122  -1.692341e+00  -1.695518e+00  8.311671e-03  2.694574e+03  6.648802e-01  1.791569e+03  4.551329e-04  9.524156e-04
   123  -1.685956e+00  -1.689137e+00  8.648426e-03  2.675107e+03  6.636831e-01  1.775423e+03  4.588582e-04  9.567364e-04
   124  -1.679563e+00  -1.682748e+00  8.998165e-03  2.655231e+03  6.624546e-01  1.758970e+03  4.627214e-04  9.612006e-04
   125  -1.673163e+00  -1.676351e+00  9.361386e-03  2.634943e+03  6.611939e-01  1.742208e+03  4.667285e-04  9.658134e-04
   126  -1.666753e+00  -1.669946e+00  9.738557e-03  2.614237e+03  6.599002e-01  1.725136e+03  4.708861e-04  9.705807e-04
   127  -1.660335e+00  -1.663532e+00  1.013019e-02  2.593109e+03  6.585727e-01  1.707751e+03  4.752011e-04  9.755084e-04
   128  -1.653907e+00  -1.657109e+00  1.053678e-02  2.571554e+03  6.572105e-01  1.690052e+03  4.796805e-04  9.806029e-04
   129  -1.647469e+00  -1.650676e+00  1.095886e-02  2.549569e+03  6.558128e-01  1.672040e+03  4.843321e-04  9.858706e-04
   130  -1.641021e+00  -1.644233e+00  1.139696e-02  2.527150e+03  6.543788e-01  1.653714e+03  4.891638e-04  9.913183e-04
   131  -1.634562e+00  -1.637779e+00  1.185164e-02  2.504294e+03  6.529076e-01  1.635073e+03  4.941842e-04  9.969531e-04
   132  -1.628092e+00  -1.631315e+00  1.232348e-02  2.480997e+03  6.513983e-01  1.616117e+03  4.994022e-04  1.002783e-03
   133  -1.621610e+00  -1.624839e+00  1.281308e-02  2.457256e+03  6.498499e-01  1.596847e+03  5.048276e-04  1.008815e-03
   134  -1.615117e+00  -1.618351e+00  1.332102e-02  2.433068e+03  6.482615e-01  1.577264e+03  5.104705e-04  1.015058e-03
   135  -1.608610e+00  -1.611851e+00  1.384795e-02  2.408432e+03  6.466322e-01  1.557370e+03  5.163414e-04  1.021521e-03
   136  -1.602090e+00  -1.605338e+00  1.439450e-02  2.383344e+03  6.449610e-01  1.537164e+03  5.224521e-04  1.028213e-03
   137  -1.595556e+00  -1.598811e+00  1.496132e-02  2.357804e+03  6.432469e-01  1.516650e+03  5.288146e-04  1.035143e-03
   138  -1.589008e+00  -1.592270e+00  1.554911e-02  2.331810e+03  6.414888e-01  1.495830e+03  5.354418e-04  1.042323e-03
   139  -1.582445e+00  -1.585714e+00  1.615855e-02  2.305361e+03  6.396858e-01  1.474707e+03  5.423476e-04  1.049761e-03
   140  -1.575866e+00  -1.579143e+00  1.679038e-02  2.278456e+03  6.378366e-01  1.453283e+03  5.495467e-04  1.057470e-03
   141  -1.569270e+00  -1.572556e+00  1.744530e-02  2.251095e+03  6.359404e-01  1.431562e+03  5.570548e-04  1.065462e-03
   142  -1.562658e+00  -1.565951e+00  1.812408e-02  2.223279e+03  6.339959e-01  1.409550e+03  5.648886e-04  1.073750e-03
   143  -1.556027e+00  -1.559330e+00  1.882751e-02  2.195008e+03  6.320020e-01  1.387249e+03  5.730660e-04  1.082346e-03
   144  -1.549378e+00  -1.552690e+00  1.955637e-02  2.166284e+03  6.299574e-01  1.364667e+03  5.816062e-04  1.091264e-03
   145  -1.542709e+00  -1.546030e+00  2.031146e-02  2.137108e+03  6.278612e-01  1.341807e+03  5.905297e-04  1.100521e-03
   146  -1.536020e+00  -1.539351e+00  2.109364e-02  2.107483e+03  6.257119e-01  1.318677e+03  5.998585e-04  1.110131e-03
   147  -1.529309e+00  -1.532651e+00  2.190376e-02  2.077411e+03  6.235084e-01  1.295283e+03  6.096161e-04  1.120111e-03
   148  -1.522576e+00  -1.525930e+00  2.274267e-02  2.046896e+03  6.212493e-01  1.271633e+03  6.198279e-04  1.130479e-03
   149  -1.515820e+00  -1.519185e+00  2.361129e-02  2.015944e+03  6.189335e-01  1.247735e+03  6.305211e-04  1.141253e-03
   150  -1.509040e+00  -1.512417e+00  2.451054e-02  1.984557e+03  6.165594e-01  1.223597e+03  6.417251e-04  1.152455e-03
   151  -1.502234e+00  -1.505624e+00  2.544136e-02  1.952741e+03  6.141258e-01  1.199229e+03  6.534715e-04  1.164105e-03
   152  -1.495402e+00  -1.498805e+00  2.640469e-02  1.920504e+03  6.116313e-01  1.174640e+03  6.657942e-04  1.176226e-03
   153  -1.488542e+00  -1.491958e+00  2.740152e-02  1.887851e+03  6.090743e-01  1.149842e+03  6.787302e-04  1.188842e-03
   154  -1.481653e+00  -1.485084e+00  2.843287e-02  1.854790e+03  6.064535e-01  1.124844e+03  6.923193e-04  1.201980e-03
   155  -1.474734e+00  -1.478180e+00  2.949974e-02  1.821331e+03  6.037673e-01  1.099660e+03  7.066045e-04  1.215665e-03
   156  -1.467783e+00  -1.471245e+00  3.060319e-02  1.787481e+03  6.010142e-01  1.074302e+03  7.216327e-04  1.229929e-03
   157  -1.460800e+00  -1.464277e+00  3.174428e-02  1.753252e+03  5.981926e-01  1.048782e+03  7.374545e-04  1.244803e-03
   158  -1.453781e+00  -1.457276e+00  3.292412e-02  1.718653e+03  5.953007e-01  1.023116e+03  7.541253e-04  1.260320e-03
   159  -1.446726e+00  -1.450239e+00  3.414379e-02  1.683698e+03  5.923371e-01  9.973166e+02  7.717052e-04  1.276517e-03
   160  -1.439634e+00  -1.443166e+00  3.540444e-02  1.648398e+03  5.892999e-01  9.714008e+02  7.902595e-04  1.293433e-03
   161  -1.432501e+00  -1.436053e+00  3.670722e-02  1.612768e+03  5.861873e-01  9.453840e+02  8.098600e-04  1.311110e-03
   162  -1.425327e+00  -1.428899e+00  3.805332e-02  1.576821e+03  5.829976e-01  9.192831e+02  8.305850e-04  1.329593e-03
   163  -1.418109e+00  -1.421703e+00  3.944390e-02  1.540575e+03  5.797288e-01  8.931157e+02  8.525203e-04  1.348930e-03
   164  -1.410845e+00  -1.414462e+00  4.088021e-02  1.504045e+03  5.763791e-01  8.669001e+02  8.757599e-04  1.369174e-03
   165  -1.403534e+00  -1.407174e+00  4.236348e-02  1.467249e+03  5.729464e-01  8.406551e+02  9.004076e-04  1.390383e-03
   166  -1.396171e+00  -1.399837e+00  4.389496e-02  1.430206e+03  5.694287e-01  8.144003e+02  9.265775e-04  1.412617e-03
   167  -1.388756e+00  -1.392448e+00  4.547592e-02  1.392936e+03  5.658238e-01  7.881562e+02  9.543953e-04  1.435943e-03
   168  -1.381285e+00  -1.385005e+00  4.710768e-02  1.355459e+03  5.621296e-01  7.619438e+02  9.840005e-04  1.460434e-03
   169  -1.373756e+00  -1.377504e+00  4.879156e-02  1.317798e+03  5.583437e-01  7.357844e+02  1.015548e-03  1.486168e-03
   170  -1.366165e+00  -1.369944e+00  5.052886e-02  1.279976e+03  5.544639e-01  7.097006e+02  1.049208e-03  1.513232e-03
   171  -1.358510e+00  -1.362321e+00  5.232095e-02  1.242018e+03  5.504878e-01  6.837157e+02  1.085171e-03  1.541720e-03
   172  -1.350786e+00  -1.354631e+00  5.416922e-02  1.203949e+03  5.464127e-01  6.578528e+02  1.123652e-03  1.571733e-03
   173  -1.342990e+00  -1.346870e+00  5.607503e-02  1.165795e+03  5.422360e-01  6.321361e+02  1.164886e-03  1.603386e-03
   174  -1.335119e+00  -1.339037e+00  5.803982e-02  1.127585e+03  5.379551e-01  6.065902e+02  1.209143e-03  1.636800e-03
   175  -1.327167e+00  -1.331125e+00  6.006498e-02  1.089348e+03  5.335670e-01  5.812401e+02  1.256721e-03  1.672112e-03
   176  -1.319131e+00  -1.323130e+00  6.215198e-02  1.051114e+03  5.290688e-01  5.561116e+02  1.307959e-03  1.709473e-03
   177  -1.311005e+00  -1.315049e+00  6.430225e-02  1.012915e+03  5.244574e-01  5.312306e+02  1.363239e-03  1.749048e-03
   178  -1.302785e+00  -1.306876e+00  6.651726e-02  9.747832e+02  5.197295e-01  5.066236e+02  1.422995e-03  1.791020e-03
   179  -1.294465e+00  -1.298605e+00  6.879851e-02  9.367532e+02  5.148818e-01  4.823172e+02  1.487719e-03  1.835595e-03
   180  -1.286038e+00  -1.290231e+00  7.114747e-02  8.988601e+02  5.099106e-01  4.583382e+02  1.557977e-03  1.883000e-03
   181  -1.277498e+00  -1.281747e+00  7.356565e-02  8.611405e+02  5.048121e-01  4.347142e+02  1.634410e-03  1.933487e-03
   182  -1.268839e+00  -1.273147e+00  7.605458e-02  8.236320e+02  4.995825e-01  4.114722e+02  1.717763e-03  1.987344e-03
   183  -1.260051e+00  -1.264423e+00  7.861579e-02  7.863734e+02  4.942175e-01  3.886395e+02  1.808890e-03  2.044889e-03
   184  -1.251127e+00  -1.255566e+00  8.125079e-02  7.494049e+02  4.887125e-01  3.662436e+02  1.908784e-03  2.106484e-03
   185  -1.242058e+00  -1.246569e+00  8.396115e-02  7.127678e+02  4.830631e-01  3.443118e+02  2.018599e-03  2.172538e-03
   186  -1.232833e+00  -1.237421e+00  8.674840e-02  6.765044e+02  4.772639e-01  3.228712e+02  2.139686e-03  2.243513e-03
   187  -1.223442e+00  -1.228112e+00  8.961413e-02  6.406582e+02  4.713098e-01  3.019485e+02  2.273633e-03  2.319940e-03
   188  -1.213872e+00  -1.218631e+00  9.255987e-02  6.052738e+02  4.651949e-01  2.815703e+02  2.422315e-03  2.402425e-03
   189  -1.204109e+00  -1.208963e+00  9.558720e-02  5.703970e+02  4.589131e-01  2.617627e+02  2.587960e-03  2.491663e-03
   190  -1.194140e+00  -1.199096e+00  9.869768e-02  5.360745e+02  4.524578e-01  2.425511e+02  2.773230e-03  2.588461e-03
   191  -1.183947e+00  -1.189013e+00  1.018929e-01  5.023538e+02  4.458217e-01  2.239602e+02  2.981328e-03  2.693753e-03
   192  -1.173511e+00  -1.178698e+00  1.051744e-01  4.692835e+02  4.389970e-01  2.060140e+02  3.216133e-03  2.808632e-03
   193  -1.162813e+00  -1.168129e+00  1.085438e-01  4.369130e+02  4.319752e-01  1.887356e+02  3.482376e-03  2.934380e-03
   194  -1.151828e+00  -1.157285e+00  1.120026e-01  4.052924e+02  4.247471e-01  1.721468e+02  3.785876e-03  3.072514e-03
   195  -1.140530e+00  -1.146142e+00  1.155524e-01  3.744727e+02  4.173025e-01  1.562684e+02  4.133847e-03  3.224837e-03
   196  -1.128889e+00  -1.134670e+00  1.191948e-01  3.445054e+02  4.096301e-01  1.411198e+02  4.535321e-03  3.393511e-03
   197  -1.116871e+00  -1.122838e+00  1.229312e-01  3.154428e+02  4.017176e-01  1.267189e+02  5.001716e-03  3.581150e-03
   198  -1.104435e+00  -1.110608e+00  1.267634e-01  2.873372e+02  3.935510e-01  1.130818e+02  5.547632e-03  3.790939e-03
   199  -1.091537e+00  -1.097938e+00  1.306927e-01  2.602415e+02  3.851147e-01  1.002228e+02  6.191963e-03  4.026798e-03
   200  -1.078121e+00  -1.084777e+00  1.347208e-01  2.342088e+02  3.763913e-01  8.815418e+01  6.959482e-03  4.293602e-03
   201  -1.064125e+00  -1.071067e+00  1.388490e-01  2.092923e+02  3.673609e-01  7.688581e+01  7.883160e-03  4.597483e-03
   202  -1.049474e+00  -1.056738e+00  1.430790e-01  1.855448e+02  3.580008e-01  6.642517e+01  9.007604e-03  4.946260e-03
   203  -1.034075e+00  -1.041706e+00  1.474123e-01  1.630189e+02  3.482845e-01  5.677697e+01  1.039429e-02  5.350042e-03
   204  -1.017819e+00  -1.025871e+00  1.518502e-01  1.417669e+02  3.381817e-01  4.794297e+01  1.212970e-02  5.822115e-03
   205  -1.000570e+00  -1.009109e+00  1.563943e-01  1.218401e+02  3.276563e-01  3.992167e+01  1.433840e-02  6.380268e-03
   206  -9.821565e-01  -9.912658e-01  1.610460e-01  1.032886e+02  3.166657e-01  3.270795e+01  1.720470e-02  7.048823e-03
   207  -9.623604e-01  -9.721457e-01  1.658067e-01  8.616102e+01  3.051583e-01  2.629275e+01  2.101002e-02  7.861859e-03
   208  -9.408976e-01  -9.514964e-01  1.706778e-01  7.050398e+01  2.930711e-01  2.066268e+01  2.619992e-02  8.868496e-03
   209  -9.173885e-01  -9.289840e-01  1.756607e-01  5.636131e+01  2.803254e-01  1.579951e+01  3.351102e-02  1.014195e-02
   210  -8.913110e-01  -9.041540e-01  1.807567e-01  4.377332e+01  2.668215e-01  1.167966e+01  4.422625e-02  1.179582e-02
   211  -8.619200e-01  -8.763669e-01  1.859671e-01  3.277535e+01  2.524291e-01  8.273451e+00  6.072716e-02  1.401522e-02
   212  -8.281049e-01  -8.446834e-01  1.912933e-01  2.339599e+01  2.369732e-01  5.544222e+00  8.780293e-02  1.712076e-02
   213  -7.881140e-01  -8.076493e-01  1.967366e-01  1.565406e+01  2.202099e-01  3.447179e+00  1.361303e-01  2.171258e-02
   214  -7.389806e-01  -7.628528e-01  2.022981e-01  9.553402e+00  2.017834e-01  1.927718e+00  2.330232e-01  2.903498e-02
   215  -6.752007e-01  -7.059209e-01  2.079790e-01  5.073256e+00  1.811463e-01  9.190015e-01  4.631253e-01  4.205185e-02
   216  -5.853903e-01  -6.279781e-01  2.137806e-01  2.147591e+00  1.574268e-01  3.380884e-01  1.173570e+00  6.933111e-02
   217  -4.443559e-01  -5.091731e-01  2.197041e-01  6.146257e-01  1.295017e-01  7.959509e-02  4.521177e+00  1.428894e-01
   218  -2.128038e-01  -3.133272e-01  2.257504e-01  9.886026e-02  9.938842e-02  9.825565e-03  3.208561e+01  4.066909e-01
   219  7.429579e-02  -4.594965e-02  2.319208e-01  1.284838e-02  7.926923e-02  1.018481e-03  2.764389e+02  1.263184e+00
   220  2.829069e-01  1.910084e-01  2.382162e-01  3.505251e-03  6.808259e-02  2.386465e-04  1.093359e+03  2.609550e+00
   221  4.121777e-01  3.523345e-01  2.446377e-01  1.892155e-03  6.020264e-02  1.139128e-04  2.153949e+03  3.777088e+00
   222  4.992585e-01  4.578970e-01  2.511862e-01  1.381407e-03  5.489223e-02  7.582851e-05  3.089747e+03  4.629424e+00
   223  5.633808e-01  5.325020e-01  2.578626e-01  1.142403e-03  5.116217e-02  5.844782e-05  3.869957e+03  5.273016e+00
   224  6.136769e-01  5.892566e-01  2.646680e-01  1.003069e-03  4.836980e-02  4.851826e-05  4.532961e+03  5.787495e+00
   225  6.549088e-01  6.347820e-01  2.716031e-01  9.104505e-04  4.616895e-02  4.203455e-05  5.111738e+03  6.217847e+00
   226  6.898048e-01  6.727072e-01  2.786687e-01  8.434075e-04  4.436637e-02  3.741893e-05  5.629056e+03  6.590185e+00
   227  7.200515e-01  7.051914e-01  2.858656e-01  7.919156e-04  4.284680e-02  3.393105e-05  6.100451e+03  6.920614e+00
   228  7.467559e-01  7.336089e-01  2.931946e-01  7.506150e-04  4.153720e-02  3.117844e-05  6.536784e+03  7.219648e+00
   229  7.706799e-01  7.588827e-01  3.006563e-01  7.163770e-04  4.038886e-02  2.893365e-05  6.945885e+03  7.494482e+00
   230  7.923683e-01  7.816595e-01  3.082514e-01  6.872492e-04  3.936790e-02  2.705556e-05  7.333556e+03  7.750237e+00
   231  8.122229e-01  8.024091e-01  3.159805e-01  6.619483e-04  3.844988e-02  2.545183e-05  7.704216e+03  7.990680e+00
   232  8.305485e-01  8.214824e-01  3.238442e-01  6.395941e-04  3.761666e-02  2.405939e-05  8.061307e+03  8.218658e+00
   233  8.475810e-01  8.391483e-01  3.318430e-01  6.195623e-04  3.685442e-02  2.283361e-05  8.407564e+03  8.436376e+00
   234  8.635066e-01  8.556168e-01  3.399773e-01  6.013969e-04  3.615243e-02  2.174196e-05  8.745206e+03  8.645575e+00
   235  8.784747e-01  8.710551e-01  3.482476e-01  5.847568e-04  3.550218e-02  2.076014e-05  9.076056e+03  8.847653e+00
   236  8.926070e-01  8.855983e-01  3.566544e-01  5.693815e-04  3.489681e-02  1.986960e-05  9.401644e+03  9.043754e+00
   237  9.060038e-01  8.993570e-01  3.651978e-01  5.550683e-04  3.433072e-02  1.905590e-05  9.723265e+03  9.234823e+00
   238  9.187486e-01  9.124229e-01  3.738783e-01  5.416572e-04  3.379930e-02  1.830764e-05  1.004203e+04  9.421653e+00
   239  9.309120e-01  9.248729e-01  3.826961e-01  5.290200e-04  3.329869e-02  1.761567e-05  1.035892e+04  9.604918e+00
   240  9.425536e-01  9.367718e-01  3.916514e-01  5.170528e-04  3.282561e-02  1.697257e-05  1.067478e+04  9.785194e+00
   241  9.537247e-01  9.481751e-01  4.007443e-01  5.056706e-04  3.237729e-02  1.637224e-05  1.099036e+04  9.962979e+00
   242  9.644695e-01  9.591304e-01  4.099751e-01  4.948028e-04  3.195134e-02  1.580961e-05  1.130637e+04  1.013871e+01
   243  9.748264e-01  9.696788e-01  4.193438e-01  4.843908e-04  3.154571e-02  1.528045e-05  1.162342e+04  1.031277e+01
   244  9.848289e-01  9.798565e-01  4.288503e-01  4.743852e-04  3.115860e-02  1.478118e-05  1.194208e+04  1.048549e+01
   245  9.945065e-01  9.896946e-01  4.384948e-01  4.647440e-04  3.078843e-02  1.430874e-05  1.226288e+04  1.065719e+01
   246  1.003885e+00  9.992211e-01  4.482772e-01  4.554316e-04  3.043382e-02  1.386052e-05  1.258631e+04  1.082813e+01
   247  1.012988e+00  1.008460e+00  4.581974e-01  4.464175e-04  3.009354e-02  1.343428e-05  1.291285e+04  1.099856e+01
   248  1.021836e+00  1.017435e+00  4.682552e-01  4.376754e-04  2.976649e-02  1.302806e-05  1.324293e+04  1.116872e+01
   249  1.030447e+00  1.026163e+00  4.784506e-01  4.291823e-04  2.945170e-02  1.264015e-05  1.357697e+04  1.133880e+01
   250  1.038838e+00  1.034663e+00  4.887832e-01  4.209186e-04  2.914828e-02  1.226905e-05  1.391539e+04  1.150900e+01
   251  1.047024e+00  1.042950e+00  4.992529e-01  4.128668e-04  2.885546e-02  1.191346e-05  1.425857e+04  1.167950e+01
   252  1.055018e+00  1.051039e+00  5.098594e-01  4.050118e-04  2.857250e-02  1.157220e-05  1.460690e+04  1.185046e+01
   253  1.062832e+00  1.058943e+00  5.206023e-01  3.973403e-04  2.829876e-02  1.124424e-05  1.496076e+04  1.202204e+01
   254  1.070479e+00  1.066673e+00  5.314812e-01  3.898405e-04  2.803364e-02  1.092865e-05  1.532051e+04  1.219439e+01
   255  1.077968e+00  1.074239e+00  5.424959e-01  3.825020e-04  2.777661e-02  1.062461e-05  1.568652e+04  1.236764e+01
   256  1.085308e+00  1.081653e+00  5.536457e-01  3.753155e-04  2.752715e-02  1.033137e-05  1.605916e+04  1.254193e+01
   257  1.092508e+00  1.088923e+00  5.649304e-01  3.682729e-04  2.728482e-02  1.004826e-05  1.643879e+04  1.271739e+01
   258  1.099576e+00  1.096056e+00  5.763493e-01  3.613667e-04  2.704920e-02  9.774678e-06  1.682576e+04  1.289413e+01
   259  1.106519e+00  1.103061e+00  5.879020e-01  3.545905e-04  2.681988e-02  9.510073e-06  1.722045e+04  1.307228e+01
   260  1.113344e+00  1.109945e+00  5.995879e-01  3.479383e-04  2.659651e-02  9.253945e-06  1.762323e+04  1.325195e+01
   261  1.120057e+00  1.116714e+00  6.114063e-01  3.414049e-04  2.637876e-02  9.005838e-06  1.803446e+04  1.343325e+01
   262  1.126664e+00  1.123373e+00  6.233566e-01  3.349856e-04  2.616631e-02  8.765336e-06  1.845452e+04  1.361630e+01
   263  1.133171e+00  1.129930e+00  6.354383e-01  3.286761e-04  2.595886e-02  8.532056e-06  1.888379e+04  1.380119e+01
   264  1.139582e+00  1.136388e+00  6.476505e-01  3.224724e-04  2.575615e-02  8.305648e-06  1.932266e+04  1.398803e+01
   265  1.145902e+00  1.142753e+00  6.599927e-01  3.163712e-04  2.555792e-02  8.085789e-06  1.977153e+04  1.417693e+01
   266  1.152135e+00  1.149030e+00  6.724639e-01  3.103692e-04  2.536392e-02  7.872182e-06  2.023080e+04  1.436798e+01
   267  1.158286e+00  1.155222e+00  6.850636e-01  3.044636e-04  2.517394e-02  7.664550e-06  2.070089e+04  1.456129e+01
   268  1.164359e+00  1.161333e+00  6.977908e-01  2.986516e-04  2.498777e-02  7.462638e-06  2.118221e+04  1.475697e+01
   269  1.170356e+00  1.167368e+00  7.106448e-01  2.929310e-04  2.480519e-02  7.266209e-06  2.167521e+04  1.495510e+01
   270  1.176282e+00  1.173329e+00  7.236247e-01  2.872994e-04  2.462603e-02  7.075044e-06  2.218033e+04  1.515579e+01
   271  1.182139e+00  1.179220e+00  7.367296e-01  2.817549e-04  2.445010e-02  6.888936e-06  2.269803e+04  1.535915e+01
   272  1.187930e+00  1.185044e+00  7.499587e-01  2.762956e-04  2.427724e-02  6.707695e-06  2.322878e+04  1.556527e+01
   273  1.193660e+00  1.190804e+00  7.633112e-01  2.709197e-04  2.410728e-02  6.531139e-06  2.377307e+04  1.577425e+01
   274  1.199329e+00  1.196503e+00  7.767859e-01  2.656257e-04  2.394008e-02  6.359102e-06  2.433140e+04  1.598620e+01
   275  1.204941e+00  1.202144e+00  7.903821e-01  2.604121e-04  2.377549e-02  6.191426e-06  2.490429e+04  1.620123e+01
   276  1.210498e+00  1.207728e+00  8.040988e-01  2.552774e-04  2.361337e-02  6.027962e-06  2.549227e+04  1.641943e+01
   277  1.216002e+00  1.213258e+00  8.179349e-01  2.502204e-04  2.345360e-02  5.868571e-06  2.609591e+04  1.664091e+01
   278  1.221456e+00  1.218737e+00  8.318895e-01  2.452399e-04  2.329605e-02  5.713121e-06  2.671577e+04  1.686578e+01
   279  1.226861e+00  1.224167e+00  8.459616e-01  2.403347e-04  2.314060e-02  5.561488e-06  2.735245e+04  1.709416e+01
   280  1.232220e+00  1.229549e+00  8.601502e-01  2.355036e-04  2.298714e-02  5.413555e-06  2.800657e+04  1.732615e+01
   281  1.237534e+00  1.234885e+00  8.744542e-01  2.307457e-04  2.283557e-02  5.269210e-06  2.867876e+04  1.756186e+01
   282  1.242806e+00  1.240178e+00  8.888727e-01  2.260600e-04  2.268578e-02  5.128348e-06  2.936969e+04  1.780142e+01
   283  1.248037e+00  1.245429e+00  9.034045e-01  2.214455e-04  2.253767e-02  4.990867e-06  3.008005e+04  1.804493e+01
   284  1.253228e+00  1.250640e+00  9.180486e-01  2.169013e-04  2.239117e-02  4.856673e-06  3.081055e+04  1.829253e+01
   285  1.258381e+00  1.255812e+00  9.328039e-01  2.124265e-04  2.224617e-02  4.725676e-06  3.156194e+04  1.854434e+01
   286  1.263498e+00  1.260947e+00  9.476693e-01  2.080203e-04  2.210259e-02  4.597787e-06  3.233499e+04  1.880048e+01
   287  1.268580e+00  1.266047e+00  9.626437e-01  2.036818e-04  2.196036e-02  4.472925e-06  3.313051e+04  1.906108e+01
   288  1.273629e+00  1.271112e+00  9.777261e-01  1.994102e-04  2.181940e-02  4.351010e-06  3.394934e+04  1.932628e+01
   289  1.278645e+00  1.276144e+00  9.929154e-01  1.952046e-04  2.167964e-02  4.231966e-06  3.479236e+04  1.959621e+01
   290  1.283631e+00  1.281145e+00  1.008210e+00  1.910644e-04  2.154101e-02  4.115721e-06  3.566047e+04  1.987103e+01
   291  1.288587e+00  1.286116e+00  1.023610e+00  1.869888e-04  2.140345e-02  4.002205e-06  3.655464e+04  2.015086e+01
   292  1.293514e+00  1.291058e+00  1.039113e+00  1.829769e-04  2.126690e-02  3.891352e-06  3.747586e+04  2.043586e+01
   293  1.298415e+00  1.295971e+00  1.054718e+00  1.790281e-04  2.113130e-02  3.783096e-06  3.842517e+04  2.072620e+01
   294  1.303289e+00  1.300859e+00  1.070425e+00  1.751415e-04  2.099660e-02  3.677376e-06  3.940365e+04  2.102201e+01
   295  1.308138e+00  1.305720e+00  1.086232e+00  1.713165e-04  2.086275e-02  3.574132e-06  4.041244e+04  2.132347e+01
   296  1.312963e+00  1.310557e+00  1.102138e+00  1.675522e-04  2.072970e-02  3.473307e-06  4.145274e+04  2.163075e+01
   297  1.317766e+00  1.315371e+00  1.118142e+00  1.638480e-04  2.059741e-02  3.374846e-06  4.252579e+04  2.194402e+01
   298  1.322546e+00  1.320163e+00  1.134242e+00  1.602032e-04  2.046585e-02  3.278694e-06  4.363289e+04  2.226347e+01
   299  1.327306e+00  1.324932e+00  1.150438e+00  1.566169e-04  2.033497e-02  3.184799e-06  4.477542e+04  2.258927e+01
   300  1.332045e+00  1.329682e+00  1.166729e+00  1.530884e-04  2.020474e-02  3.093112e-06  4.595481e+04  2.292163e+01
   301  1.336766e+00  1.334412e+00  1.183113e+00  1.496171e-04  2.007514e-02  3.003584e-06  4.717256e+04  2.326073e+01
   302  1.341468e+00  1.339123e+00  1.199589e+00  1.462021e-04  1.994614e-02  2.916168e-06  4.843026e+04  2.360679e+01
   303  1.346153e+00  1.343817e+00  1.216156e+00  1.428428e-04  1.981772e-02  2.830818e-06  4.972958e+04  2.396002e+01
   304  1.350822e+00  1.348494e+00  1.232813e+00  1.395384e-04  1.968985e-02  2.747490e-06  5.107226e+04  2.432065e+01
   305  1.355475e+00  1.353155e+00  1.249559e+00  1.362882e-04  1.956252e-02  2.666140e-06  5.246014e+04  2.468890e+01
   306  1.360114e+00  1.357801e+00  1.266393e+00  1.330914e-04  1.943573e-02  2.586728e-06  5.389515e+04  2.506501e+01
   307  1.364739e+00  1.362433e+00  1.283313e+00  1.299473e-04  1.930946e-02  2.509212e-06  5.537934e+04  2.544923e+01
   308  1.369352e+00  1.367052e+00  1.300318e+00  1.268551e-04  1.918371e-02  2.433552e-06  5.691486e+04  2.584181e+01
   309  1.373952e+00  1.371658e+00  1.317409e+00  1.238142e-04  1.905847e-02  2.359710e-06  5.850398e+04  2.624303e+01
   310  1.378541e+00  1.376252e+00  1.334582e+00  1.208238e-04  1.893376e-02  2.287649e-06  6.014908e+04  2.665315e+01
   311  1.383120e+00  1.380836e+00  1.351837e+00  1.178832e-04  1.880957e-02  2.217332e-06  6.185270e+04  2.707247e+01
   312  1.387689e+00  1.385410e+00  1.369174e+00  1.149916e-04  1.868592e-02  2.148724e-06  6.361750e+04  2.750128e+01
   313  1.392250e+00  1.389975e+00  1.386590e+00  1.121483e-04  1.856282e-02  2.081789e-06  6.544631e+04  2.793990e+01
   314  1.396803e+00  1.394532e+00  1.404086e+00  1.093527e-04  1.844029e-02  2.016495e-06  6.734211e+04  2.838865e+01
   315  1.401348e+00  1.399081e+00  1.421659e+00  1.066039e-04  1.831835e-02  1.952807e-06  6.930807e+04  2.884786e+01
   316  1.405888e+00  1.403624e+00  1.439309e+00  1.039013e-04  1.819702e-02  1.890694e-06  7.134753e+04  2.931789e+01
   317  1.410423e+00  1.408161e+00  1.457034e+00  1.012442e-04  1.807634e-02  1.830124e-06  7.346404e+04  2.979909e+01
   318  1.414953e+00  1.412694e+00  1.474834e+00  9.863184e-05  1.795634e-02  1.771067e-06  7.566134e+04  3.029185e+01
   319  1.419479e+00  1.417222e+00  1.492708e+00  9.606364e-05  1.783705e-02  1.713492e-06  7.794342e+04  3.079656e+01
   320  1.424003e+00  1.421747e+00  1.510654e+00  9.353889e-05  1.771851e-02  1.657370e-06  8.031454e+04  3.131364e+01
   321  1.428526e+00  1.426270e+00  1.528672e+00  9.105695e-05  1.760077e-02  1.602672e-06  8.277917e+04  3.184351e+01
   322  1.433047e+00  1.430792e+00  1.546760e+00  8.861718e-05  1.748388e-02  1.549372e-06  8.534208e+04  3.238661e+01
   323  1.437569e+00  1.435314e+00  1.564917e+00  8.621895e-05  1.736787e-02  1.497440e-06  8.800836e+04  3.294341e+01
   324  1.442091e+00  1.439836e+00  1.583142e+00  8.386165e-05  1.725282e-02  1.446850e-06  9.078341e+04  3.351440e+01
   325  1.446616e+00  1.444360e+00  1.601435e+00  8.154473e-05  1.713877e-02  1.397577e-06  9.367296e+04  3.410008e+01
   326  1.451144e+00  1.448886e+00  1.619794e+00  7.926760e-05  1.702579e-02  1.349593e-06  9.668313e+04  3.470098e+01
   327  1.455675e+00  1.453416e+00  1.638218e+00  7.702974e-05  1.691393e-02  1.302875e-06  9.982041e+04  3.531765e+01
   328  1.460212e+00  1.457950e+00  1.656707e+00  7.483063e-05  1.680325e-02  1.257398e-06  1.030918e+05  3.595066e+01
   329  1.464755e+00  1.462490e+00  1.675259e+00  7.266979e-05  1.669383e-02  1.213137e-06  1.065045e+05  3.660061e+01
   330  1.469306e+00  1.467037e+00  1.693873e+00  7.054677e-05  1.658573e-02  1.170070e-06  1.100666e+05  3.726811e+01
   331  1.473864e+00  1.471591e+00  1.712548e+00  6.846113e-05  1.647901e-02  1.128172e-06  1.137864e+05  3.795384e+01
   332  1.478433e+00  1.476155e+00  1.731284e+00  6.641249e-05  1.637374e-02  1.087421e-06  1.176728e+05  3.865845e+01
   333  1.483011e+00  1.480728e+00  1.750080e+00  6.440049e-05  1.626999e-02  1.047796e-06  1.217355e+05  3.938265e+01
   334  1.487602e+00  1.485313e+00  1.768933e+00  6.242482e-05  1.616783e-02  1.009274e-06  1.259844e+05  4.012719e+01
   335  1.492206e+00  1.489910e+00  1.787844e+00  6.048520e-05  1.606731e-02  9.718342e-07  1.304306e+05  4.089283e+01
   336  1.496824e+00  1.494521e+00  1.806811e+00  5.858136e-05  1.596849e-02  9.354560e-07  1.350855e+05  4.168037e+01
   337  1.501458e+00  1.499147e+00  1.825834e+00  5.671313e-05  1.587144e-02  9.001189e-07  1.399614e+05  4.249064e+01
   338  1.506109e+00  1.503790e+00  1.844912e+00  5.488030e-05  1.577620e-02  8.658024e-07  1.450716e+05  4.332453e+01
   339  1.510778e+00  1.508450e+00  1.864043e+00  5.308275e-05  1.568281e-02  8.324868e-07  1.504301e+05  4.418294e+01
   340  1.515466e+00  1.513128e+00  1.883227e+00  5.132039e-05  1.559133e-02  8.001530e-07  1.560517e+05  4.506680e+01
   341  1.520176e+00  1.517828e+00  1.902463e+00  4.959318e-05  1.550177e-02  7.687819e-07  1.619524e+05  4.597711e+01
   342  1.524908e+00  1.522548e+00  1.921749e+00  4.790105e-05  1.541416e-02  7.383543e-07  1.681493e+05  4.691491e+01
   343  1.529664e+00  1.527293e+00  1.941086e+00  4.624405e-05  1.532850e-02  7.088521e-07  1.746603e+05  4.788125e+01
   344  1.534445e+00  1.532061e+00  1.960472e+00  4.462219e-05  1.524481e-02  6.802568e-07  1.815048e+05  4.887725e+01
   345  1.539253e+00  1.536856e+00  1.979907e+00  4.303551e-05  1.516306e-02  6.525502e-07  1.887033e+05  4.990411e+01
   346  1.544089e+00  1.541678e+00  1.999389e+00  4.148414e-05  1.508323e-02  6.257149e-07  1.962776e+05  5.096300e+01
   347  1.548955e+00  1.546529e+00  2.018916e+00  3.996821e-05  1.500528e-02  5.997343e-07  2.042505e+05  5.205516e+01
   348  1.553852e+00  1.551410e+00  2.038490e+00  3.848780e-05  1.492916e-02  5.745906e-07  2.126470e+05  5.318192e+01
   349  1.558781e+00  1.556323e+00  2.058108e+00  3.704303e-05  1.485479e-02  5.502663e-07  2.214931e+05  5.434465e+01
   350  1.563744e+00  1.561269e+00  2.077770e+00  3.563404e-05  1.478208e-02  5.267453e-07  2.308166e+05  5.554474e+01
   351  1.568742e+00  1.566250e+00  2.097475e+00  3.426093e-05  1.471093e-02  5.040104e-07  2.406471e+05  5.678368e+01
   352  1.573777e+00  1.571266e+00  2.117222e+00  3.292381e-05  1.464123e-02  4.820451e-07  2.510158e+05  5.806299e+01
   353  1.578849e+00  1.576320e+00  2.137010e+00  3.162276e-05  1.457284e-02  4.608333e-07  2.619559e+05  5.938426e+01
   354  1.583961e+00  1.581412e+00  2.156839e+00  3.035782e-05  1.450560e-02  4.403583e-07  2.735027e+05  6.074914e+01
   355  1.589113e+00  1.586544e+00  2.176706e+00  2.912899e-05  1.443936e-02  4.206040e-07  2.856936e+05  6.215936e+01
   356  1.594306e+00  1.591717e+00  2.196613e+00  2.793626e-05  1.437394e-02  4.015543e-07  2.985683e+05  6.361670e+01
   357  1.599542e+00  1.596932e+00  2.216557e+00  2.677956e-05  1.430917e-02  3.831932e-07  3.121687e+05  6.512300e+01
   358  1.604822e+00  1.602190e+00  2.236538e+00  2.565874e-05  1.424484e-02  3.655046e-07  3.265396e+05  6.668019e+01
   359  1.610146e+00  1.607492e+00  2.256555e+00  2.457360e-05  1.418077e-02  3.484726e-07  3.417285e+05  6.829028e+01
   360  1.615515e+00  1.612839e+00  2.276608e+00  2.352392e-05  1.411676e-02  3.320814e-07  3.577856e+05  6.995535e+01
   361  1.620931e+00  1.618231e+00  2.296694e+00  2.250936e-05  1.405261e-02  3.163152e-07  3.747645e+05  7.167756e+01
   362  1.626393e+00  1.623670e+00  2.316815e+00  2.152954e-05  1.398813e-02  3.011581e-07  3.927221e+05  7.345917e+01
   363  1.631903e+00  1.629157e+00  2.336968e+00  2.058403e-05  1.392314e-02  2.865944e-07  4.117191e+05  7.530251e+01
   364  1.637460e+00  1.634690e+00  2.357153e+00  1.967234e-05  1.385746e-02  2.726087e-07  4.318194e+05  7.720998e+01
   365  1.643066e+00  1.640272e+00  2.377369e+00  1.879388e-05  1.379093e-02  2.591851e-07  4.530924e+05  7.918414e+01
   366  1.648721e+00  1.645903e+00  2.397614e+00  1.794805e-05  1.372340e-02  2.463083e-07  4.756109e+05  8.122763e+01
   367  1.654424e+00  1.651582e+00  2.417890e+00  1.713419e-05  1.365473e-02  2.339628e-07  4.994532e+05  8.334315e+01
   368  1.660177e+00  1.657310e+00  2.438194e+00  1.635158e-05  1.358481e-02  2.221331e-07  5.247030e+05  8.553358e+01
   369  1.665979e+00  1.663088e+00  2.458525e+00  1.559948e-05  1.351353e-02  2.108040e-07  5.514492e+05  8.780188e+01
   370  1.671830e+00  1.668914e+00  2.478883e+00  1.487711e-05  1.344081e-02  1.999604e-07  5.797873e+05  9.015114e+01
   371  1.677731e+00  1.674791e+00  2.499268e+00  1.418367e-05  1.336659e-02  1.895873e-07  6.098192e+05  9.258457e+01
   372  1.683681e+00  1.680717e+00  2.519677e+00  1.351834e-05  1.329082e-02  1.796698e-07  6.416540e+05  9.510553e+01
   373  1.689681e+00  1.686692e+00  2.540110e+00  1.288029e-05  1.321345e-02  1.701930e-07  6.754083e+05  9.771751e+01
   374  1.695730e+00  1.692716e+00  2.560567e+00  1.226866e-05  1.313447e-02  1.611424e-07  7.112077e+05  1.004242e+02
   375  1.701828e+00  1.698790e+00  2.581047e+00  1.168264e-05  1.305386e-02  1.525036e-07  7.491856e+05  1.032294e+02
   376  1.707975e+00  1.704913e+00  2.601548e+00  1.112138e-05  1.297163e-02  1.442625e-07  7.894849e+05  1.061369e+02
   377  1.714171e+00  1.711084e+00  2.622070e+00  1.058405e-05  1.288779e-02  1.364050e-07  8.322597e+05  1.091511e+02
   378  1.720416e+00  1.717305e+00  2.642612e+00  1.006983e-05  1.280234e-02  1.289173e-07  8.776744e+05  1.122762e+02
   379  1.726708e+00  1.723573e+00  2.663173e+00  9.577903e-06  1.271531e-02  1.217860e-07  9.259042e+05  1.155166e+02
   380  1.733049e+00  1.729890e+00  2.683753e+00  9.107485e-06  1.262674e-02  1.149979e-07  9.771380e+05  1.188771e+02
   381  1.739438e+00  1.736255e+00  2.704349e+00  8.657789e-06  1.253665e-02  1.085397e-07  1.031578e+06  1.223627e+02
   382  1.745874e+00  1.742668e+00  2.724962e+00  8.228056e-06  1.244508e-02  1.023988e-07  1.089442e+06  1.259783e+02
   383  1.752357e+00  1.749128e+00  2.745591e+00  7.817537e-06  1.235206e-02  9.656272e-08  1.150960e+06  1.297294e+02
   384  1.758888e+00  1.755635e+00  2.766234e+00  7.425511e-06  1.225765e-02  9.101930e-08  1.216382e+06  1.336216e+02
   385  1.765464e+00  1.762188e+00  2.786890e+00  7.051271e-06  1.216187e-02  8.575666e-08  1.285975e+06  1.376605e+02
   386  1.772087e+00  1.768788e+00  2.807560e+00  6.694123e-06  1.206478e-02  8.076314e-08  1.360024e+06  1.418524e+02
   387  1.778756e+00  1.775435e+00  2.828242e+00  6.353397e-06  1.196643e-02  7.602746e-08  1.438837e+06  1.462036e+02
   388  1.785471e+00  1.782126e+00  2.848934e+00  6.028444e-06  1.186685e-02  7.153864e-08  1.522745e+06  1.507207e+02
   389  1.792230e+00  1.788864e+00  2.869636e+00  5.718630e-06  1.176610e-02  6.728599e-08  1.612099e+06  1.554107e+02
   390  1.799035e+00  1.795646e+00  2.890347e+00  5.423347e-06  1.166423e-02  6.325920e-08  1.707279e+06  1.602808e+02
   391  1.805883e+00  1.802472e+00  2.911066e+00  5.142000e-06  1.156129e-02  5.944817e-08  1.808692e+06  1.653385e+02
   392  1.812776e+00  1.809343e+00  2.931793e+00  4.874014e-06  1.145733e-02  5.584317e-08  1.916777e+06  1.705918e+02
   393  1.819712e+00  1.816258e+00  2.952525e+00  4.618833e-06  1.135239e-02  5.243477e-08  2.032002e+06  1.760490e+02
   394  1.826692e+00  1.823216e+00  2.973262e+00  4.375917e-06  1.124651e-02  4.921380e-08  2.154875e+06  1.817188e+02
   395  1.833714e+00  1.830217e+00  2.994003e+00  4.144751e-06  1.113976e-02  4.617152e-08  2.285934e+06  1.876101e+02
   396  1.840778e+00  1.837260e+00  3.014747e+00  3.924836e-06  1.103217e-02  4.329945e-08  2.425761e+06  1.937323e+02
   397  1.847884e+00  1.844346e+00  3.035493e+00  3.715684e-06  1.092379e-02  4.058934e-08  2.574985e+06  2.000955e+02
   398  1.855032e+00  1.851473e+00  3.056239e+00  3.516828e-06  1.081466e-02  3.803330e-08  2.734277e+06  2.067099e+02
   399  1.862220e+00  1.858641e+00  3.076985e+00  3.327817e-06  1.070484e-02  3.562374e-08  2.904360e+06  2.135864e+02
   400  1.869449e+00  1.865850e+00  3.097730e+00  3.148218e-06  1.059436e-02  3.335335e-08  3.086014e+06  2.207362e+02
   401  1.876718e+00  1.873099e+00  3.118471e+00  2.977608e-06  1.048328e-02  3.121510e-08  3.280076e+06  2.281712e+02
   402  1.884026e+00  1.880388e+00  3.139210e+00  2.815583e-06  1.037165e-02  2.920224e-08  3.487448e+06  2.359039e+02
   403  1.891374e+00  1.887716e+00  3.159943e+00  2.661752e-06  1.025952e-02  2.730829e-08  3.709103e+06  2.439473e+02
   404  1.898760e+00  1.895083e+00  3.180670e+00  2.515741e-06  1.014694e-02  2.552707e-08  3.946086e+06  2.523148e+02
   405  1.906184e+00  1.902488e+00  3.201389e+00  2.377189e-06  1.003396e-02  2.385263e-08  4.199523e+06  2.610208e+02
   406  1.913645e+00  1.909931e+00  3.222100e+00  2.245749e-06  9.920640e-03  2.227926e-08  4.470633e+06  2.700803e+02
   407  1.921144e+00  1.917411e+00  3.242801e+00  2.121090e-06  9.807018e-03  2.080157e-08  4.760717e+06  2.795086e+02
   408  1.928679e+00  1.924928e+00  3.263492e+00  2.002894e-06  9.693140e-03  1.941433e-08  5.071190e+06  2.893224e+02
   409  1.936251e+00  1.932482e+00  3.284169e+00  1.890855e-06  9.579047e-03  1.811258e-08  5.403569e+06  2.995388e+02
   410  1.943858e+00  1.940071e+00  3.304833e+00  1.784680e-06  9.464778e-03  1.689160e-08  5.759495e+06  3.101758e+02
   411  1.951500e+00  1.947696e+00  3.325481e+00  1.684094e-06  9.350374e-03  1.574691e-08  6.140718e+06  3.212518e+02
   412  1.959177e+00  1.955355e+00  3.346113e+00  1.588827e-06  9.235864e-03  1.467419e-08  6.549147e+06  3.327869e+02
   413  1.966888e+00  1.963049e+00  3.366726e+00  1.498618e-06  9.121279e-03  1.366931e-08  6.986847e+06  3.448021e+02
   414  1.974632e+00  1.970777e+00  3.387321e+00  1.413223e-06  9.006672e-03  1.272843e-08  7.456023e+06  3.573187e+02
   415  1.982410e+00  1.978538e+00  3.407894e+00  1.332400e-06  8.892095e-03  1.184782e-08  7.959091e+06  3.703599e+02
   416  1.990220e+00  1.986332e+00  3.428445e+00  1.255922e-06  8.777604e-03  1.102399e-08  8.498637e+06  3.839493e+02
   417  1.998062e+00  1.994159e+00  3.448972e+00  1.183575e-06  8.663234e-03  1.025358e-08  9.077459e+06  3.981121e+02
   418  2.005935e+00  2.002017e+00  3.469473e+00  1.115154e-06  8.548994e-03  9.533446e-09  9.698567e+06  4.128747e+02
   419  2.013840e+00  2.009906e+00  3.489947e+00  1.050466e-06  8.434899e-03  8.860572e-09  1.036521e+07  4.282648e+02
   420  2.021775e+00  2.017826e+00  3.510392e+00  9.893193e-07  8.320991e-03  8.232116e-09  1.108093e+07  4.443115e+02
   421  2.029740e+00  2.025776e+00  3.530806e+00  9.315286e-07  8.207364e-03  7.645394e-09  1.184955e+07  4.610450e+02
   422  2.037735e+00  2.033756e+00  3.551188e+00  8.769171e-07  8.094090e-03  7.097846e-09  1.267528e+07  4.784978e+02
   423  2.045759e+00  2.041765e+00  3.571535e+00  8.253364e-07  7.981071e-03  6.587068e-09  1.356246e+07  4.967035e+02
   424  2.053811e+00  2.049803e+00  3.591847e+00  7.766366e-07  7.868261e-03  6.110779e-09  1.451586e+07  5.156974e+02
   425  2.061891e+00  2.057869e+00  3.612121e+00  7.306564e-07  7.755800e-03  5.666824e-09  1.554081e+07  5.355171e+02
   426  2.069998e+00  2.065963e+00  3.632356e+00  6.872473e-07  7.643784e-03  5.253170e-09  1.664304e+07  5.562020e+02
   427  2.078132e+00  2.074084e+00  3.652549e+00  6.462682e-07  7.532321e-03  4.867900e-09  1.782883e+07  5.777932e+02
   428  2.086293e+00  2.082232e+00  3.672697e+00  6.076011e-07  7.421349e-03  4.509219e-09  1.910469e+07  6.003335e+02
   429  2.094480e+00  2.090405e+00  3.692801e+00  5.711242e-07  7.310871e-03  4.175415e-09  2.047788e+07  6.238690e+02
   430  2.102691e+00  2.098605e+00  3.712856e+00  5.367271e-07  7.200832e-03  3.864881e-09  2.195610e+07  6.484480e+02
   431  2.110928e+00  2.106829e+00  3.732862e+00  5.042892e-07  7.091397e-03  3.576115e-09  2.354802e+07  6.741205e+02
   432  2.119190e+00  2.115079e+00  3.752816e+00  4.737082e-07  6.982536e-03  3.307685e-09  2.526286e+07  7.009406e+02
   433  2.127475e+00  2.123352e+00  3.772715e+00  4.448909e-07  6.874168e-03  3.058255e-09  2.711043e+07  7.289646e+02
   434  2.135784e+00  2.131650e+00  3.792558e+00  4.177362e-07  6.766406e-03  2.826572e-09  2.910174e+07  7.582514e+02
   435  2.144116e+00  2.139970e+00  3.812342e+00  3.921491e-07  6.659353e-03  2.611459e-09  3.124876e+07  7.888631e+02
   436  2.152470e+00  2.148313e+00  3.832064e+00  3.680432e-07  6.553060e-03  2.411809e-09  3.356442e+07  8.208651e+02
   437  2.160846e+00  2.156678e+00  3.851724e+00  3.453620e-07  6.447062e-03  2.226570e-09  3.606156e+07  8.543289e+02
   438  2.169244e+00  2.165066e+00  3.871316e+00  3.239800e-07  6.342282e-03  2.054773e-09  3.875779e+07  8.893268e+02
   439  2.177663e+00  2.173474e+00  3.890841e+00  3.038618e-07  6.238053e-03  1.895506e-09  4.166768e+07  9.259354e+02
   440  2.186103e+00  2.181903e+00  3.910294e+00  2.849311e-07  6.134483e-03  1.747905e-09  4.480961e+07  9.642382e+02
   441  2.194562e+00  2.190353e+00  3.929672e+00  2.671078e-07  6.031931e-03  1.611176e-09  4.820425e+07  1.004319e+03
   442  2.203042e+00  2.198823e+00  3.948974e+00  2.503586e-07  5.929751e-03  1.484564e-09  5.187035e+07  1.046270e+03
   443  2.211540e+00  2.207312e+00  3.968197e+00  2.346015e-07  5.828450e-03  1.367363e-09  5.583323e+07  1.090188e+03
   444  2.220057e+00  2.215819e+00  3.987338e+00  2.197868e-07  5.727883e-03  1.258913e-09  6.011755e+07  1.136175e+03
   445  2.228592e+00  2.224346e+00  4.006394e+00  2.058572e-07  5.628169e-03  1.158599e-09  6.475158e+07  1.184341e+03
   446  2.237144e+00  2.232889e+00  4.025361e+00  1.927640e-07  5.529307e-03  1.065851e-09  6.976518e+07  1.234795e+03
   447  2.245714e+00  2.241450e+00  4.044236e+00  1.804529e-07  5.431519e-03  9.801332e-10  7.519268e+07  1.287659e+03
   448  2.254301e+00  2.250029e+00  4.063018e+00  1.688916e-07  5.334411e-03  9.009375e-10  8.106784e+07  1.343062e+03
   449  2.262903e+00  2.258623e+00  4.081701e+00  1.580339e-07  5.238118e-03  8.278000e-10  8.743034e+07  1.401137e+03
   450  2.271522e+00  2.267234e+00  4.100285e+00  1.478295e-07  5.142954e-03  7.602806e-10  9.432622e+07  1.462030e+03
   451  2.280156e+00  2.275861e+00  4.118764e+00  1.382559e-07  5.048414e-03  6.979728e-10  1.017979e+08  1.525893e+03
   452  2.288805e+00  2.284502e+00  4.137136e+00  1.292686e-07  4.954795e-03  6.404995e-10  1.098991e+08  1.592883e+03
   453  2.297467e+00  2.293158e+00  4.155398e+00  1.208359e-07  4.862003e-03  5.875044e-10  1.186852e+08  1.663174e+03
   454  2.306144e+00  2.301827e+00  4.173546e+00  1.129167e-07  4.770409e-03  5.386590e-10  1.282224e+08  1.736946e+03
   455  2.314835e+00  2.310511e+00  4.191575e+00  1.054886e-07  4.679717e-03  4.936567e-10  1.385749e+08  1.814390e+03
   456  2.323537e+00  2.319208e+00  4.209483e+00  9.852666e-08  4.589758e-03  4.522135e-10  1.498136e+08  1.895708e+03
   457  2.332252e+00  2.327916e+00  4.227266e+00  9.199970e-08  4.500695e-03  4.140626e-10  1.620219e+08  1.981118e+03
   458  2.340979e+00  2.336638e+00  4.244922e+00  8.587802e-08  4.412710e-03  3.789548e-10  1.752933e+08  2.070854e+03
   459  2.349718e+00  2.345371e+00  4.262445e+00  8.013871e-08  4.325777e-03  3.466622e-10  1.897255e+08  2.165160e+03
   460  2.358466e+00  2.354114e+00  4.279832e+00  7.476775e-08  4.239438e-03  3.169732e-10  2.054147e+08  2.264290e+03
   461  2.367225e+00  2.362868e+00  4.297077e+00  6.972572e-08  4.154711e-03  2.896902e-10  2.225034e+08  2.368516e+03
   462  2.375994e+00  2.371632e+00  4.314179e+00  6.501714e-08  4.070124e-03  2.646278e-10  2.410840e+08  2.478138e+03
   463  2.384772e+00  2.380405e+00  4.331132e+00  6.059372e-08  3.987454e-03  2.416147e-10  2.613512e+08  2.593472e+03
   464  2.393558e+00  2.389187e+00  4.347934e+00  5.646262e-08  3.905126e-03  2.204937e-10  2.834141e+08  2.714846e+03
   465  2.402351e+00  2.397977e+00  4.364577e+00  5.259568e-08  3.823865e-03  2.011188e-10  3.074671e+08  2.842608e+03
   466  2.411153e+00  2.406775e+00  4.381063e+00  4.897560e-08  3.743748e-03  1.833523e-10  3.337083e+08  2.977146e+03
   467  2.419962e+00  2.415580e+00  4.397382e+00  4.558771e-08  3.664760e-03  1.670681e-10  3.623509e+08  3.118865e+03
   468  2.428775e+00  2.424391e+00  4.413531e+00  4.242345e-08  3.586497e-03  1.521516e-10  3.936033e+08  3.268173e+03
   469  2.437596e+00  2.433208e+00  4.429508e+00  3.946183e-08  3.509551e-03  1.384933e-10  4.277569e+08  3.425539e+03
   470  2.446420e+00  2.442030e+00  4.445308e+00  3.669667e-08  3.433351e-03  1.259925e-10  4.650656e+08  3.591458e+03
   471  2.455248e+00  2.450857e+00  4.460922e+00  3.411250e-08  3.358258e-03  1.145586e-10  5.058590e+08  3.766426e+03
   472  2.464079e+00  2.459686e+00  4.476353e+00  3.170049e-08  3.284008e-03  1.041046e-10  5.504679e+08  3.951011e+03
   473  2.472913e+00  2.468519e+00  4.491590e+00  2.944439e-08  3.211193e-03  9.455162e-11  5.993276e+08  4.145804e+03
   474  2.481748e+00  2.477353e+00  4.506634e+00  2.734510e-08  3.138646e-03  8.582657e-11  6.527538e+08  4.351434e+03
   475  2.490583e+00  2.486188e+00  4.521475e+00  2.537759e-08  3.068136e-03  7.786191e-11  7.113974e+08  4.568575e+03
   476  2.499419e+00  2.495024e+00  4.536111e+00  2.354680e-08  2.998115e-03  7.059602e-11  7.756110e+08  4.797922e+03
   477  2.508253e+00  2.503858e+00  4.550538e+00  2.183819e-08  2.929307e-03  6.397076e-11  8.460595e+08  5.040255e+03
   478  2.517085e+00  2.512691e+00  4.564753e+00  2.024861e-08  2.861074e-03  5.793278e-11  9.232944e+08  5.296404e+03
   479  2.525912e+00  2.521521e+00  4.578744e+00  1.876185e-08  2.794709e-03  5.243391e-11  1.008222e+09  5.567204e+03
   480  2.534735e+00  2.530346e+00  4.592517e+00  1.738232e-08  2.728555e-03  4.742861e-11  1.101351e+09  5.853600e+03
   481  2.543554e+00  2.539167e+00  4.606062e+00  1.609282e-08  2.664209e-03  4.287462e-11  1.203882e+09  6.156631e+03
   482  2.552363e+00  2.547981e+00  4.619369e+00  1.489470e-08  2.600602e-03  3.873519e-11  1.316531e+09  6.477246e+03
   483  2.561165e+00  2.556786e+00  4.632443e+00  1.378045e-08  2.537979e-03  3.497450e-11  1.440431e+09  6.816596e+03
   484  2.569956e+00  2.565582e+00  4.645273e+00  1.274151e-08  2.476930e-03  3.155982e-11  1.576966e+09  7.175893e+03
   485  2.578734e+00  2.574367e+00  4.657858e+00  1.177893e-08  2.416313e-03  2.846158e-11  1.727100e+09  7.556379e+03
   486  2.587499e+00  2.583139e+00  4.670191e+00  1.088138e-08  2.357442e-03  2.565223e-11  1.892760e+09  7.959407e+03
   487  2.596249e+00  2.591896e+00  4.682273e+00  1.005226e-08  2.298623e-03  2.310635e-11  2.074926e+09  8.386438e+03
   488  2.604980e+00  2.600636e+00  4.694093e+00  9.277079e-09  2.242190e-03  2.080097e-11  2.276421e+09  8.838965e+03
   489  2.613690e+00  2.609357e+00  4.705648e+00  8.560244e-09  2.186315e-03  1.871539e-11  2.498374e+09  9.318453e+03
   490  2.622376e+00  2.618055e+00  4.716936e+00  7.895791e-09  2.131487e-03  1.682978e-11  2.743235e+09  9.826617e+03
   491  2.631038e+00  2.626729e+00  4.727955e+00  7.279624e-09  2.077849e-03  1.512596e-11  3.013589e+09  1.036530e+04
   492  2.639670e+00  2.635376e+00  4.738698e+00  6.709120e-09  2.025247e-03  1.358762e-11  3.312039e+09  1.093633e+04
   493  2.648272e+00  2.643992e+00  4.749160e+00  6.178487e-09  1.974592e-03  1.219999e-11  3.642329e+09  1.154153e+04
   494  2.656835e+00  2.652575e+00  4.759340e+00  5.690237e-09  1.924236e-03  1.094936e-11  4.006273e+09  1.218285e+04
   495  2.665360e+00  2.661119e+00  4.769233e+00  5.236908e-09  1.875743e-03  9.823094e-12  4.408982e+09  1.286231e+04
   496  2.673838e+00  2.669620e+00  4.778833e+00  4.818042e-09  1.828510e-03  8.809837e-12  4.853788e+09  1.358186e+04
   497  2.682273e+00  2.678076e+00  4.788149e+00  4.433516e-09  1.781561e-03  7.898576e-12  5.343816e+09  1.434395e+04
   498  2.690651e+00  2.686482e+00  4.797166e+00  4.076066e-09  1.736919e-03  7.079795e-12  5.886662e+09  1.515071e+04
   499  2.698970e+00  2.694831e+00  4.805881e+00  3.745557e-09  1.694083e-03  6.345286e-12  6.486586e+09  1.600360e+04
