     i         log_r      log_rmid             m           rho            v2             p        trelax            kn
     0  -1.855510e+00  -2.156540e+00  4.936543e-05  5.458517e+01  1.806892e-02  9.862951e-01  1.362885e-01  4.059194e-02
     1  -1.847654e+00  -1.851564e+00  5.153900e-05  4.309457e+01  2.288676e-02  9.862951e-01  1.533859e-01  4.059194e-02
     2  -1.839814e+00  -1.843716e+00  5.380601e-05  4.266402e+01  2.305182e-02  9.834830e-01  1.543781e-01  4.064993e-02
     3  -1.831975e+00  -1.835876e+00  5.617461e-05  4.223274e+01  2.321971e-02  9.806319e-01  1.553897e-01  4.070898e-02
     4  -1.824146e+00  -1.828042e+00  5.864622e-05  4.180068e+01  2.339054e-02  9.777404e-01  1.564215e-01  4.076913e-02
     5  -1.816333e+00  -1.820222e+00  6.122269e-05  4.136838e+01  2.356416e-02  9.748109e-01  1.574728e-01  4.083035e-02
     6  -1.808512e+00  -1.812405e+00  6.391625e-05  4.093548e+01  2.374078e-02  9.718401e-01  1.585450e-01  4.089271e-02
     7  -1.800696e+00  -1.804587e+00  6.672776e-05  4.050177e+01  2.392057e-02  9.688254e-01  1.596395e-01  4.095628e-02
     8  -1.792875e+00  -1.796768e+00  6.966511e-05  4.006746e+01  2.410352e-02  9.657670e-01  1.607563e-01  4.102108e-02
     9  -1.785069e+00  -1.788955e+00  7.272580e-05  3.963300e+01  2.428953e-02  9.626670e-01  1.618950e-01  4.108707e-02
    10  -1.777257e+00  -1.781146e+00  7.592335e-05  3.919846e+01  2.447863e-02  9.595248e-01  1.630562e-01  4.115429e-02
    11  -1.769449e+00  -1.773336e+00  7.925890e-05  3.876367e+01  2.467099e-02  9.563380e-01  1.642411e-01  4.122281e-02
    12  -1.761638e+00  -1.765526e+00  8.274157e-05  3.832883e+01  2.486658e-02  9.531070e-01  1.654499e-01  4.129262e-02
    13  -1.753830e+00  -1.757716e+00  8.637379e-05  3.789407e+01  2.506544e-02  9.498315e-01  1.666829e-01  4.136376e-02
    14  -1.746020e+00  -1.749908e+00  9.016405e-05  3.745958e+01  2.526756e-02  9.465120e-01  1.679405e-01  4.143623e-02
    15  -1.738195e+00  -1.742090e+00  9.412640e-05  3.702493e+01  2.547321e-02  9.431440e-01  1.692247e-01  4.151014e-02
    16  -1.730372e+00  -1.734266e+00  9.825814e-05  3.659040e+01  2.568237e-02  9.397283e-01  1.705357e-01  4.158552e-02
    17  -1.722537e+00  -1.726437e+00  1.025750e-04  3.615618e+01  2.589502e-02  9.362653e-01  1.718736e-01  4.166235e-02
    18  -1.714707e+00  -1.718604e+00  1.070736e-04  3.572251e+01  2.611114e-02  9.327555e-01  1.732388e-01  4.174066e-02
    19  -1.706866e+00  -1.710769e+00  1.117716e-04  3.528958e+01  2.633071e-02  9.291996e-01  1.746314e-01  4.182045e-02
    20  -1.699020e+00  -1.702925e+00  1.166741e-04  3.485717e+01  2.655393e-02  9.255946e-01  1.760531e-01  4.190182e-02
    21  -1.691166e+00  -1.695075e+00  1.217905e-04  3.442551e+01  2.678076e-02  9.219412e-01  1.775040e-01  4.198476e-02
    22  -1.683303e+00  -1.687216e+00  1.271309e-04  3.399466e+01  2.701126e-02  9.182387e-01  1.789851e-01  4.206932e-02
    23  -1.675436e+00  -1.679352e+00  1.327005e-04  3.356486e+01  2.724540e-02  9.144880e-01  1.804964e-01  4.215550e-02
    24  -1.667557e+00  -1.671478e+00  1.385159e-04  3.313612e+01  2.748325e-02  9.106882e-01  1.820390e-01  4.224336e-02
    25  -1.659668e+00  -1.663594e+00  1.445845e-04  3.270841e+01  2.772491e-02  9.068377e-01  1.836139e-01  4.233294e-02
    26  -1.651773e+00  -1.655703e+00  1.509149e-04  3.228203e+01  2.797031e-02  9.029383e-01  1.852211e-01  4.242426e-02
    27  -1.643858e+00  -1.647797e+00  1.575290e-04  3.185681e+01  2.821962e-02  8.989872e-01  1.868625e-01  4.251738e-02
    28  -1.635941e+00  -1.639881e+00  1.644237e-04  3.143301e+01  2.847279e-02  8.949856e-01  1.885380e-01  4.261233e-02
    29  -1.628014e+00  -1.631959e+00  1.716176e-04  3.101099e+01  2.872969e-02  8.909359e-01  1.902475e-01  4.270906e-02
    30  -1.620075e+00  -1.624027e+00  1.791246e-04  3.059061e+01  2.899046e-02  8.868360e-01  1.919925e-01  4.280767e-02
    31  -1.612122e+00  -1.616081e+00  1.869613e-04  3.017187e+01  2.925522e-02  8.826845e-01  1.937743e-01  4.290822e-02
    32  -1.604157e+00  -1.608121e+00  1.951388e-04  2.975486e+01  2.952397e-02  8.784815e-01  1.955937e-01  4.301074e-02
    33  -1.596183e+00  -1.600152e+00  2.036668e-04  2.933987e+01  2.979661e-02  8.742289e-01  1.974505e-01  4.311523e-02
    34  -1.588196e+00  -1.592171e+00  2.125676e-04  2.892696e+01  3.007320e-02  8.699262e-01  1.993459e-01  4.322172e-02
    35  -1.580194e+00  -1.584177e+00  2.218557e-04  2.851606e+01  3.035384e-02  8.655721e-01  2.012814e-01  4.333029e-02
    36  -1.572184e+00  -1.576171e+00  2.315430e-04  2.810742e+01  3.063846e-02  8.611680e-01  2.032570e-01  4.344095e-02
    37  -1.564158e+00  -1.568153e+00  2.416522e-04  2.770109e+01  3.092708e-02  8.567138e-01  2.052739e-01  4.355373e-02
    38  -1.556119e+00  -1.560120e+00  2.522004e-04  2.729707e+01  3.121978e-02  8.522085e-01  2.073333e-01  4.366871e-02
    39  -1.548065e+00  -1.552073e+00  2.632088e-04  2.689543e+01  3.151659e-02  8.476522e-01  2.094363e-01  4.378591e-02
    40  -1.540001e+00  -1.544014e+00  2.746873e-04  2.649636e+01  3.181744e-02  8.430463e-01  2.115832e-01  4.390536e-02
    41  -1.531922e+00  -1.535943e+00  2.866651e-04  2.609997e+01  3.212231e-02  8.383913e-01  2.137748e-01  4.402708e-02
    42  -1.523832e+00  -1.527858e+00  2.991578e-04  2.570627e+01  3.243126e-02  8.336867e-01  2.160126e-01  4.415113e-02
    43  -1.515727e+00  -1.519761e+00  3.121906e-04  2.531536e+01  3.274427e-02  8.289331e-01  2.182972e-01  4.427754e-02
    44  -1.507607e+00  -1.511648e+00  3.257907e-04  2.492722e+01  3.306143e-02  8.241296e-01  2.206304e-01  4.440639e-02
    45  -1.499474e+00  -1.503521e+00  3.399746e-04  2.454195e+01  3.338271e-02  8.192769e-01  2.230130e-01  4.453771e-02
    46  -1.491326e+00  -1.495381e+00  3.547724e-04  2.415967e+01  3.370808e-02  8.143759e-01  2.254458e-01  4.467153e-02
    47  -1.483166e+00  -1.487227e+00  3.702053e-04  2.378041e+01  3.403755e-02  8.094269e-01  2.279300e-01  4.480788e-02
    48  -1.474994e+00  -1.479061e+00  3.863001e-04  2.340431e+01  3.437106e-02  8.044309e-01  2.304664e-01  4.494681e-02
    49  -1.466803e+00  -1.470879e+00  4.030957e-04  2.303130e+01  3.470872e-02  7.993869e-01  2.330571e-01  4.508839e-02
    50  -1.458601e+00  -1.462683e+00  4.206106e-04  2.266143e+01  3.505053e-02  7.942951e-01  2.357032e-01  4.523268e-02
    51  -1.450383e+00  -1.454473e+00  4.388801e-04  2.229483e+01  3.539642e-02  7.891571e-01  2.384055e-01  4.537969e-02
    52  -1.442153e+00  -1.446249e+00  4.579325e-04  2.193153e+01  3.574640e-02  7.839731e-01  2.411654e-01  4.552948e-02
    53  -1.433905e+00  -1.438009e+00  4.778138e-04  2.157149e+01  3.610054e-02  7.787425e-01  2.439849e-01  4.568213e-02
    54  -1.425648e+00  -1.429757e+00  4.985347e-04  2.121487e+01  3.645873e-02  7.734671e-01  2.468647e-01  4.583765e-02
    55  -1.417375e+00  -1.421492e+00  5.201481e-04  2.086175e+01  3.682091e-02  7.681486e-01  2.498055e-01  4.599606e-02
    56  -1.409089e+00  -1.413212e+00  5.426885e-04  2.051205e+01  3.718719e-02  7.627855e-01  2.528100e-01  4.615748e-02
    57  -1.400787e+00  -1.404918e+00  5.661971e-04  2.016581e+01  3.755755e-02  7.573786e-01  2.558796e-01  4.632194e-02
    58  -1.392474e+00  -1.396611e+00  5.907064e-04  1.982312e+01  3.793193e-02  7.519293e-01  2.590153e-01  4.648949e-02
    59  -1.384146e+00  -1.388290e+00  6.162668e-04  1.948400e+01  3.831032e-02  7.464382e-01  2.622189e-01  4.666017e-02
    60  -1.375804e+00  -1.379955e+00  6.429189e-04  1.914844e+01  3.869273e-02  7.409054e-01  2.654923e-01  4.683407e-02
    61  -1.367449e+00  -1.371607e+00  6.707104e-04  1.881648e+01  3.907913e-02  7.353317e-01  2.688371e-01  4.701123e-02
    62  -1.359080e+00  -1.363244e+00  6.996861e-04  1.848814e+01  3.946951e-02  7.297180e-01  2.722550e-01  4.719171e-02
    63  -1.350698e+00  -1.354869e+00  7.298974e-04  1.816346e+01  3.986384e-02  7.240652e-01  2.757477e-01  4.737557e-02
    64  -1.342302e+00  -1.346480e+00  7.613962e-04  1.784243e+01  4.026210e-02  7.183736e-01  2.793173e-01  4.756287e-02
    65  -1.333894e+00  -1.338078e+00  7.942322e-04  1.752508e+01  4.066426e-02  7.126445e-01  2.829655e-01  4.775367e-02
    66  -1.325470e+00  -1.329662e+00  8.284723e-04  1.721141e+01  4.107033e-02  7.068781e-01  2.866946e-01  4.794806e-02
    67  -1.317035e+00  -1.321232e+00  8.641640e-04  1.690140e+01  4.148029e-02  7.010751e-01  2.905068e-01  4.814609e-02
    68  -1.308587e+00  -1.312790e+00  9.013664e-04  1.659513e+01  4.189404e-02  6.952373e-01  2.944036e-01  4.834780e-02
    69  -1.300126e+00  -1.304336e+00  9.401486e-04  1.629259e+01  4.231159e-02  6.893652e-01  2.983873e-01  4.855328e-02
    70  -1.291651e+00  -1.295867e+00  9.805784e-04  1.599372e+01  4.273294e-02  6.834589e-01  3.024607e-01  4.876262e-02
    71  -1.283162e+00  -1.287386e+00  1.022722e-03  1.569855e+01  4.315808e-02  6.775195e-01  3.066262e-01  4.897589e-02
    72  -1.274662e+00  -1.278891e+00  1.066645e-03  1.540710e+01  4.358693e-02  6.715483e-01  3.108858e-01  4.919315e-02
    73  -1.266150e+00  -1.270385e+00  1.112418e-03  1.511939e+01  4.401941e-02  6.655467e-01  3.152416e-01  4.941445e-02
    74  -1.257626e+00  -1.261867e+00  1.160127e-03  1.483539e+01  4.445553e-02  6.595153e-01  3.196966e-01  4.963989e-02
    75  -1.249089e+00  -1.253336e+00  1.209843e-03  1.455510e+01  4.489525e-02  6.534549e-01  3.242534e-01  4.986955e-02
    76  -1.240539e+00  -1.244793e+00  1.261660e-03  1.427850e+01  4.533854e-02  6.473663e-01  3.289150e-01  5.010352e-02
    77  -1.231979e+00  -1.236238e+00  1.315650e-03  1.400559e+01  4.578536e-02  6.412508e-01  3.336840e-01  5.034187e-02
    78  -1.223406e+00  -1.227671e+00  1.371910e-03  1.373636e+01  4.623563e-02  6.351095e-01  3.385632e-01  5.058467e-02
    79  -1.214820e+00  -1.219092e+00  1.430537e-03  1.347079e+01  4.668937e-02  6.289429e-01  3.435562e-01  5.083205e-02
    80  -1.206224e+00  -1.210501e+00  1.491613e-03  1.320889e+01  4.714648e-02  6.227526e-01  3.486656e-01  5.108407e-02
    81  -1.197616e+00  -1.201899e+00  1.555254e-03  1.295063e+01  4.760692e-02  6.165396e-01  3.538947e-01  5.134081e-02
    82  -1.188996e+00  -1.193285e+00  1.621555e-03  1.269599e+01  4.807066e-02  6.103046e-01  3.592472e-01  5.160240e-02
    83  -1.180366e+00  -1.184660e+00  1.690622e-03  1.244497e+01  4.853762e-02  6.040492e-01  3.647262e-01  5.186891e-02
    84  -1.171724e+00  -1.176023e+00  1.762572e-03  1.219754e+01  4.900776e-02  5.977743e-01  3.703354e-01  5.214043e-02
    85  -1.163071e+00  -1.167376e+00  1.837521e-03  1.195369e+01  4.948102e-02  5.914809e-01  3.760786e-01  5.241709e-02
    86  -1.154406e+00  -1.158717e+00  1.915590e-03  1.171339e+01  4.995736e-02  5.851701e-01  3.819597e-01  5.269898e-02
    87  -1.145732e+00  -1.150047e+00  1.996900e-03  1.147663e+01  5.043669e-02  5.788433e-01  3.879826e-01  5.298620e-02
    88  -1.137046e+00  -1.141367e+00  2.081586e-03  1.124339e+01  5.091896e-02  5.725016e-01  3.941514e-01  5.327886e-02
    89  -1.128349e+00  -1.132676e+00  2.169788e-03  1.101363e+01  5.140412e-02  5.661458e-01  4.004706e-01  5.357709e-02
    90  -1.119642e+00  -1.123974e+00  2.261641e-03  1.078733e+01  5.189211e-02  5.597772e-01  4.069448e-01  5.388100e-02
    91  -1.110924e+00  -1.115261e+00  2.357288e-03  1.056448e+01  5.238284e-02  5.533972e-01  4.135781e-01  5.419070e-02
    92  -1.102197e+00  -1.106539e+00  2.456877e-03  1.034505e+01  5.287621e-02  5.470073e-01  4.203752e-01  5.450630e-02
    93  -1.093458e+00  -1.097806e+00  2.560586e-03  1.012902e+01  5.337221e-02  5.406080e-01  4.273416e-01  5.482795e-02
    94  -1.084711e+00  -1.089063e+00  2.668544e-03  9.916351e+00  5.387072e-02  5.342010e-01  4.344819e-01  5.515577e-02
    95  -1.075953e+00  -1.080310e+00  2.780947e-03  9.707038e+00  5.437166e-02  5.277877e-01  4.418013e-01  5.548986e-02
    96  -1.067186e+00  -1.071547e+00  2.897949e-03  9.501041e+00  5.487495e-02  5.213692e-01  4.493055e-01  5.583038e-02
    97  -1.058409e+00  -1.062775e+00  3.019750e-03  9.298337e+00  5.538052e-02  5.149467e-01  4.570000e-01  5.617746e-02
    98  -1.049622e+00  -1.053993e+00  3.146529e-03  9.098888e+00  5.588829e-02  5.085213e-01  4.648912e-01  5.653127e-02
    99  -1.040826e+00  -1.045202e+00  3.278481e-03  8.902674e+00  5.639816e-02  5.020944e-01  4.729847e-01  5.689192e-02
   100  -1.032021e+00  -1.036401e+00  3.415810e-03  8.709664e+00  5.691004e-02  4.956673e-01  4.812870e-01  5.725957e-02
   101  -1.023206e+00  -1.027591e+00  3.558731e-03  8.519824e+00  5.742386e-02  4.892412e-01  4.898050e-01  5.763440e-02
   102  -1.014382e+00  -1.018772e+00  3.707443e-03  8.333132e+00  5.793950e-02  4.828175e-01  4.985450e-01  5.801653e-02
   103  -1.005549e+00  -1.009943e+00  3.862193e-03  8.149554e+00  5.845687e-02  4.763974e-01  5.075144e-01  5.840615e-02
   104  -9.967077e-01  -1.001106e+00  4.023197e-03  7.969058e+00  5.897588e-02  4.699822e-01  5.167207e-01  5.880342e-02
   105  -9.878575e-01  -9.922601e-01  4.190697e-03  7.791621e+00  5.949640e-02  4.635734e-01  5.261709e-01  5.920849e-02
   106  -9.789983e-01  -9.834053e-01  4.364955e-03  7.617206e+00  6.001836e-02  4.571722e-01  5.358735e-01  5.962156e-02
   107  -9.701306e-01  -9.745418e-01  4.546218e-03  7.445779e+00  6.054164e-02  4.507796e-01  5.458368e-01  6.004282e-02
   108  -9.612549e-01  -9.656701e-01  4.734748e-03  7.277319e+00  6.106611e-02  4.443975e-01  5.560687e-01  6.047243e-02
   109  -9.523705e-01  -9.567900e-01  4.930837e-03  7.111788e+00  6.159167e-02  4.380269e-01  5.665786e-01  6.091060e-02
   110  -9.434778e-01  -9.479014e-01  5.134764e-03  6.949152e+00  6.211823e-02  4.316690e-01  5.773759e-01  6.135752e-02
   111  -9.345769e-01  -9.390045e-01  5.346829e-03  6.789381e+00  6.264566e-02  4.253252e-01  5.884700e-01  6.181341e-02
   112  -9.256683e-01  -9.300997e-01  5.567324e-03  6.632445e+00  6.317383e-02  4.189970e-01  5.998708e-01  6.227845e-02
   113  -9.167516e-01  -9.211870e-01  5.796581e-03  6.478314e+00  6.370261e-02  4.126855e-01  6.115886e-01  6.275288e-02
   114  -9.078272e-01  -9.122665e-01  6.034915e-03  6.326953e+00  6.423190e-02  4.063922e-01  6.236343e-01  6.323690e-02
   115  -8.988950e-01  -9.033381e-01  6.282676e-03  6.178331e+00  6.476156e-02  4.001183e-01  6.360192e-01  6.373075e-02
   116  -8.899551e-01  -8.944020e-01  6.540210e-03  6.032412e+00  6.529147e-02  3.938651e-01  6.487550e-01  6.423467e-02
   117  -8.810077e-01  -8.854583e-01  6.807874e-03  5.889168e+00  6.582150e-02  3.876339e-01  6.618539e-01  6.474890e-02
   118  -8.720529e-01  -8.765072e-01  7.086044e-03  5.748567e+00  6.635150e-02  3.814261e-01  6.753284e-01  6.527368e-02
   119  -8.630908e-01  -8.675487e-01  7.375103e-03  5.610576e+00  6.688135e-02  3.752429e-01  6.891917e-01  6.580926e-02
   120  -8.541213e-01  -8.585829e-01  7.675455e-03  5.475162e+00  6.741090e-02  3.690856e-01  7.034577e-01  6.635592e-02
   121  -8.451448e-01  -8.496099e-01  7.987504e-03  5.342294e+00  6.794003e-02  3.629556e-01  7.181405e-01  6.691393e-02
   122  -8.361613e-01  -8.406298e-01  8.311671e-03  5.211940e+00  6.846857e-02  3.568541e-01  7.332548e-01  6.748355e-02
   123  -8.271702e-01  -8.316425e-01  8.648426e-03  5.084065e+00  6.899641e-02  3.507822e-01  7.488170e-01  6.806510e-02
   124  -8.181729e-01  -8.226482e-01  8.998165e-03  4.958640e+00  6.952339e-02  3.447414e-01  7.648425e-01  6.865885e-02
   125  -8.091687e-01  -8.136475e-01  9.361386e-03  4.835637e+00  7.004933e-02  3.387331e-01  7.813477e-01  6.926509e-02
   126  -8.001580e-01  -8.046400e-01  9.738557e-03  4.715021e+00  7.057410e-02  3.327584e-01  7.983506e-01  6.988416e-02
   127  -7.911405e-01  -7.956259e-01  1.013019e-02  4.596760e+00  7.109756e-02  3.268184e-01  8.158697e-01  7.051637e-02
   128  -7.821165e-01  -7.866050e-01  1.053678e-02  4.480822e+00  7.161955e-02  3.209145e-01  8.339241e-01  7.116208e-02
   129  -7.730860e-01  -7.775778e-01  1.095886e-02  4.367176e+00  7.213991e-02  3.150477e-01  8.525336e-01  7.182160e-02
   130  -7.640493e-01  -7.685441e-01  1.139696e-02  4.255792e+00  7.265848e-02  3.092194e-01  8.717188e-01  7.249531e-02
   131  -7.550064e-01  -7.595043e-01  1.185164e-02  4.146640e+00  7.317510e-02  3.034308e-01  8.915014e-01  7.318355e-02
   132  -7.459572e-01  -7.504582e-01  1.232348e-02  4.039687e+00  7.368961e-02  2.976829e-01  9.119041e-01  7.388670e-02
   133  -7.369018e-01  -7.414059e-01  1.281308e-02  3.934901e+00  7.420185e-02  2.919770e-01  9.329509e-01  7.460518e-02
   134  -7.278406e-01  -7.323476e-01  1.332102e-02  3.832254e+00  7.471166e-02  2.863141e-01  9.546660e-01  7.533936e-02
   135  -7.187734e-01  -7.232833e-01  1.384795e-02  3.731717e+00  7.521886e-02  2.806955e-01  9.770751e-01  7.608964e-02
   136  -7.097002e-01  -7.142131e-01  1.439450e-02  3.633256e+00  7.572329e-02  2.751221e-01  1.000205e+00  7.685648e-02
   137  -7.006214e-01  -7.051371e-01  1.496132e-02  3.536844e+00  7.622478e-02  2.695952e-01  1.024085e+00  7.764030e-02
   138  -6.915369e-01  -6.960554e-01  1.554911e-02  3.442451e+00  7.672316e-02  2.641157e-01  1.048743e+00  7.844155e-02
   139  -6.824467e-01  -6.869680e-01  1.615855e-02  3.350046e+00  7.721826e-02  2.586847e-01  1.074210e+00  7.926070e-02
   140  -6.733510e-01  -6.778750e-01  1.679038e-02  3.259600e+00  7.770990e-02  2.533032e-01  1.100519e+00  8.009823e-02
   141  -6.642498e-01  -6.687765e-01  1.744530e-02  3.171084e+00  7.819792e-02  2.479722e-01  1.127703e+00  8.095464e-02
   142  -6.551433e-01  -6.596727e-01  1.812408e-02  3.084471e+00  7.868214e-02  2.426928e-01  1.155796e+00  8.183043e-02
   143  -6.460313e-01  -6.505634e-01  1.882751e-02  2.999730e+00  7.916239e-02  2.374658e-01  1.184836e+00  8.272614e-02
   144  -6.369141e-01  -6.414488e-01  1.955637e-02  2.916832e+00  7.963848e-02  2.322921e-01  1.214862e+00  8.364231e-02
   145  -6.277918e-01  -6.323290e-01  2.031146e-02  2.835751e+00  8.011025e-02  2.271727e-01  1.245913e+00  8.457951e-02
   146  -6.186643e-01  -6.232041e-01  2.109364e-02  2.756458e+00  8.057751e-02  2.221085e-01  1.278032e+00  8.553830e-02
   147  -6.095318e-01  -6.140740e-01  2.190376e-02  2.678924e+00  8.104010e-02  2.171003e-01  1.311262e+00  8.651931e-02
   148  -6.003943e-01  -6.049390e-01  2.274267e-02  2.603123e+00  8.149783e-02  2.121489e-01  1.345650e+00  8.752314e-02
   149  -5.912520e-01  -5.957991e-01  2.361129e-02  2.529028e+00  8.195052e-02  2.072551e-01  1.381244e+00  8.855042e-02
   150  -5.821047e-01  -5.866543e-01  2.451054e-02  2.456610e+00  8.239800e-02  2.024197e-01  1.418095e+00  8.960182e-02
   151  -5.729526e-01  -5.775045e-01  2.544136e-02  2.385842e+00  8.284010e-02  1.976434e-01  1.456257e+00  9.067803e-02
   152  -5.637959e-01  -5.683501e-01  2.640469e-02  2.316699e+00  8.327663e-02  1.929269e-01  1.495784e+00  9.177974e-02
   153  -5.546345e-01  -5.591910e-01  2.740152e-02  2.249154e+00  8.370742e-02  1.882709e-01  1.536734e+00  9.290769e-02
   154  -5.454685e-01  -5.500273e-01  2.843287e-02  2.183181e+00  8.413230e-02  1.836760e-01  1.579170e+00  9.406262e-02
   155  -5.362980e-01  -5.408590e-01  2.949974e-02  2.118753e+00  8.455108e-02  1.791428e-01  1.623156e+00  9.524530e-02
   156  -5.271230e-01  -5.316863e-01  3.060319e-02  2.055845e+00  8.496360e-02  1.746720e-01  1.668758e+00  9.645654e-02
   157  -5.179436e-01  -5.225091e-01  3.174428e-02  1.994431e+00  8.536967e-02  1.702639e-01  1.716047e+00  9.769717e-02
   158  -5.087598e-01  -5.133275e-01  3.292412e-02  1.934486e+00  8.576914e-02  1.659192e-01  1.765098e+00  9.896803e-02
   159  -4.995718e-01  -5.041415e-01  3.414379e-02  1.875985e+00  8.616182e-02  1.616383e-01  1.815989e+00  1.002700e-01
   160  -4.903795e-01  -4.949513e-01  3.540444e-02  1.818903e+00  8.654754e-02  1.574216e-01  1.868801e+00  1.016041e-01
   161  -4.811830e-01  -4.857569e-01  3.670722e-02  1.763216e+00  8.692615e-02  1.532696e-01  1.923620e+00  1.029711e-01
   162  -4.719824e-01  -4.765583e-01  3.805332e-02  1.708899e+00  8.729746e-02  1.491826e-01  1.980536e+00  1.043721e-01
   163  -4.627777e-01  -4.673557e-01  3.944390e-02  1.655928e+00  8.766132e-02  1.451609e-01  2.039644e+00  1.058080e-01
   164  -4.535690e-01  -4.581490e-01  4.088021e-02  1.604280e+00  8.801757e-02  1.412048e-01  2.101044e+00  1.072799e-01
   165  -4.443563e-01  -4.489382e-01  4.236348e-02  1.553930e+00  8.836603e-02  1.373146e-01  2.164841e+00  1.087890e-01
   166  -4.351397e-01  -4.397236e-01  4.389496e-02  1.504855e+00  8.870655e-02  1.334905e-01  2.231144e+00  1.103362e-01
   167  -4.259193e-01  -4.305050e-01  4.547592e-02  1.457032e+00  8.903897e-02  1.297326e-01  2.300069e+00  1.119228e-01
   168  -4.166949e-01  -4.212826e-01  4.710768e-02  1.410438e+00  8.936314e-02  1.260411e-01  2.371739e+00  1.135500e-01
   169  -4.074667e-01  -4.120563e-01  4.879156e-02  1.365049e+00  8.967891e-02  1.224162e-01  2.446282e+00  1.152189e-01
   170  -3.982350e-01  -4.028263e-01  5.052886e-02  1.320845e+00  8.998613e-02  1.188577e-01  2.523831e+00  1.169310e-01
   171  -3.889995e-01  -3.935927e-01  5.232095e-02  1.277803e+00  9.028464e-02  1.153660e-01  2.604529e+00  1.186873e-01
   172  -3.797603e-01  -3.843553e-01  5.416922e-02  1.235900e+00  9.057430e-02  1.119407e-01  2.688527e+00  1.204895e-01
   173  -3.705177e-01  -3.751144e-01  5.607503e-02  1.195114e+00  9.085498e-02  1.085821e-01  2.775979e+00  1.223388e-01
   174  -3.612713e-01  -3.658699e-01  5.803982e-02  1.155425e+00  9.112653e-02  1.052899e-01  2.867054e+00  1.242367e-01
   175  -3.520216e-01  -3.566218e-01  6.006498e-02  1.116810e+00  9.138883e-02  1.020640e-01  2.961926e+00  1.261848e-01
   176  -3.427683e-01  -3.473703e-01  6.215198e-02  1.079249e+00  9.164173e-02  9.890423e-02  3.060778e+00  1.281846e-01
   177  -3.335116e-01  -3.381153e-01  6.430225e-02  1.042720e+00  9.188511e-02  9.581046e-02  3.163804e+00  1.302377e-01
   178  -3.242516e-01  -3.288569e-01  6.651726e-02  1.007204e+00  9.211885e-02  9.278245e-02  3.271210e+00  1.323459e-01
   179  -3.149881e-01  -3.195951e-01  6.879851e-02  9.726786e-01  9.234283e-02  8.981989e-02  3.383211e+00  1.345107e-01
   180  -3.057214e-01  -3.103300e-01  7.114747e-02  9.391247e-01  9.255693e-02  8.692250e-02  3.500034e+00  1.367342e-01
   181  -2.964514e-01  -3.010616e-01  7.356565e-02  9.065223e-01  9.276104e-02  8.408994e-02  3.621919e+00  1.390181e-01
   182  -2.871781e-01  -2.917900e-01  7.605458e-02  8.748513e-01  9.295504e-02  8.132184e-02  3.749119e+00  1.413643e-01
   183  -2.779016e-01  -2.825151e-01  7.861579e-02  8.440921e-01  9.313885e-02  7.861777e-02  3.881903e+00  1.437748e-01
   184  -2.686220e-01  -2.732370e-01  8.125079e-02  8.142256e-01  9.331235e-02  7.597730e-02  4.020552e+00  1.462518e-01
   185  -2.593391e-01  -2.639558e-01  8.396115e-02  7.852326e-01  9.347545e-02  7.339997e-02  4.165363e+00  1.487974e-01
   186  -2.500532e-01  -2.546714e-01  8.674840e-02  7.570941e-01  9.362807e-02  7.088526e-02  4.316652e+00  1.514137e-01
   187  -2.407642e-01  -2.453839e-01  8.961413e-02  7.297915e-01  9.377011e-02  6.843263e-02  4.474752e+00  1.541032e-01
   188  -2.314720e-01  -2.360932e-01  9.255987e-02  7.033064e-01  9.390150e-02  6.604152e-02  4.640013e+00  1.568681e-01
   189  -2.221769e-01  -2.267996e-01  9.558720e-02  6.776205e-01  9.402215e-02  6.371134e-02  4.812806e+00  1.597110e-01
   190  -2.128787e-01  -2.175029e-01  9.869768e-02  6.527159e-01  9.413201e-02  6.144146e-02  4.993524e+00  1.626344e-01
   191  -2.035776e-01  -2.082033e-01  1.018929e-01  6.285748e-01  9.423100e-02  5.923124e-02  5.182581e+00  1.656410e-01
   192  -1.942735e-01  -1.989006e-01  1.051744e-01  6.051797e-01  9.431907e-02  5.707998e-02  5.380417e+00  1.687335e-01
   193  -1.849664e-01  -1.895950e-01  1.085438e-01  5.825131e-01  9.439615e-02  5.498699e-02  5.587495e+00  1.719148e-01
   194  -1.756564e-01  -1.802865e-01  1.120026e-01  5.605580e-01  9.446220e-02  5.295154e-02  5.804308e+00  1.751878e-01
   195  -1.663435e-01  -1.709750e-01  1.155524e-01  5.392975e-01  9.451718e-02  5.097288e-02  6.031373e+00  1.785557e-01
   196  -1.570276e-01  -1.616606e-01  1.191948e-01  5.187150e-01  9.456105e-02  4.905023e-02  6.269243e+00  1.820215e-01
   197  -1.477090e-01  -1.523433e-01  1.229312e-01  4.987941e-01  9.459377e-02  4.718281e-02  6.518497e+00  1.855886e-01
   198  -1.383874e-01  -1.430232e-01  1.267634e-01  4.795186e-01  9.461532e-02  4.536980e-02  6.779753e+00  1.892604e-01
   199  -1.290630e-01  -1.337002e-01  1.306927e-01  4.608724e-01  9.462567e-02  4.361036e-02  7.053665e+00  1.930405e-01
   200  -1.197357e-01  -1.243743e-01  1.347208e-01  4.428399e-01  9.462482e-02  4.190364e-02  7.340925e+00  1.969325e-01
   201  -1.104056e-01  -1.150456e-01  1.388490e-01  4.254055e-01  9.461275e-02  4.024878e-02  7.642264e+00  2.009402e-01
   202  -1.010726e-01  -1.057140e-01  1.430790e-01  4.085541e-01  9.458945e-02  3.864490e-02  7.958462e+00  2.050676e-01
   203  -9.173681e-02  -9.637963e-02  1.474123e-01  3.922703e-01  9.455494e-02  3.709110e-02  8.290341e+00  2.093189e-01
   204  -8.239818e-02  -8.704239e-02  1.518502e-01  3.765396e-01  9.450922e-02  3.558647e-02  8.638776e+00  2.136982e-01
   205  -7.305672e-02  -7.770234e-02  1.563943e-01  3.613473e-01  9.445231e-02  3.413009e-02  9.004693e+00  2.182100e-01
   206  -6.371247e-02  -6.835946e-02  1.610460e-01  3.466790e-01  9.438422e-02  3.272103e-02  9.389073e+00  2.228588e-01
   207  -5.436536e-02  -5.901377e-02  1.658067e-01  3.325207e-01  9.430499e-02  3.135836e-02  9.792961e+00  2.276494e-01
   208  -4.501541e-02  -4.966523e-02  1.706778e-01  3.188583e-01  9.421464e-02  3.004112e-02  1.021746e+01  2.325869e-01
   209  -3.566261e-02  -4.031384e-02  1.756607e-01  3.056783e-01  9.411322e-02  2.876837e-02  1.066375e+01  2.376762e-01
   210  -2.630699e-02  -3.095961e-02  1.807567e-01  2.929672e-01  9.400078e-02  2.753915e-02  1.113308e+01  2.429227e-01
   211  -1.694847e-02  -2.160252e-02  1.859671e-01  2.807119e-01  9.387736e-02  2.635249e-02  1.162676e+01  2.483319e-01
   212  -7.587091e-03  -1.224256e-02  1.912933e-01  2.688992e-01  9.374303e-02  2.520743e-02  1.214621e+01  2.539095e-01
   213  1.777179e-03  -2.879718e-03  1.967366e-01  2.575166e-01  9.359785e-02  2.410301e-02  1.269293e+01  2.596616e-01
   214  1.114438e-02  6.486033e-03  2.022981e-01  2.465516e-01  9.344190e-02  2.303825e-02  1.326849e+01  2.655942e-01
   215  2.051448e-02  1.585470e-02  2.079790e-01  2.359918e-01  9.327524e-02  2.201219e-02  1.387458e+01  2.717138e-01
   216  2.988757e-02  2.522632e-02  2.137806e-01  2.258252e-01  9.309797e-02  2.102387e-02  1.451301e+01  2.780270e-01
   217  3.926364e-02  3.460091e-02  2.197041e-01  2.160401e-01  9.291017e-02  2.007232e-02  1.518567e+01  2.845407e-01
   218  4.864272e-02  4.397850e-02  2.257504e-01  2.066249e-01  9.271194e-02  1.915659e-02  1.589460e+01  2.912622e-01
   219  5.802482e-02  5.335910e-02  2.319208e-01  1.975682e-01  9.250338e-02  1.827572e-02  1.664195e+01  2.981988e-01
   220  6.740999e-02  6.274276e-02  2.382162e-01  1.888589e-01  9.228461e-02  1.742877e-02  1.743002e+01  3.053584e-01
   221  7.679827e-02  7.212950e-02  2.446377e-01  1.804863e-01  9.205573e-02  1.661480e-02  1.826124e+01  3.127488e-01
   222  8.618969e-02  8.151937e-02  2.511862e-01  1.724397e-01  9.181686e-02  1.583287e-02  1.913822e+01  3.203786e-01
   223  9.558430e-02  9.091239e-02  2.578626e-01  1.647085e-01  9.156814e-02  1.508205e-02  2.006373e+01  3.282563e-01
   224  1.049821e-01  1.003086e-01  2.646680e-01  1.572828e-01  9.130968e-02  1.436144e-02  2.104071e+01  3.363909e-01
   225  1.143832e-01  1.097081e-01  2.716031e-01  1.501525e-01  9.104164e-02  1.367013e-02  2.207228e+01  3.447918e-01
   226  1.237876e-01  1.191109e-01  2.786687e-01  1.433080e-01  9.076414e-02  1.300723e-02  2.316181e+01  3.534686e-01
   227  1.331953e-01  1.285169e-01  2.858656e-01  1.367397e-01  9.047733e-02  1.237184e-02  2.431283e+01  3.624316e-01
   228  1.426065e-01  1.379264e-01  2.931946e-01  1.304384e-01  9.018137e-02  1.176311e-02  2.552914e+01  3.716911e-01
   229  1.520211e-01  1.473393e-01  3.006563e-01  1.243950e-01  8.987641e-02  1.118018e-02  2.681478e+01  3.812579e-01
   230  1.614392e-01  1.567557e-01  3.082514e-01  1.186007e-01  8.956261e-02  1.062219e-02  2.817404e+01  3.911435e-01
   231  1.708609e-01  1.661756e-01  3.159805e-01  1.130470e-01  8.924014e-02  1.008833e-02  2.961153e+01  4.013596e-01
   232  1.802862e-01  1.755991e-01  3.238442e-01  1.077254e-01  8.890915e-02  9.577774e-03  3.113211e+01  4.119182e-01
   233  1.897152e-01  1.850263e-01  3.318430e-01  1.026278e-01  8.856982e-02  9.089724e-03  3.274102e+01  4.228321e-01
   234  1.991479e-01  1.944571e-01  3.399773e-01  9.774616e-02  8.822232e-02  8.623393e-03  3.444380e+01  4.341144e-01
   235  2.085843e-01  2.038917e-01  3.482476e-01  9.307282e-02  8.786682e-02  8.178014e-03  3.624638e+01  4.457787e-01
   236  2.180246e-01  2.133301e-01  3.566544e-01  8.860024e-02  8.750351e-02  7.752832e-03  3.815508e+01  4.578393e-01
   237  2.274688e-01  2.227724e-01  3.651978e-01  8.432107e-02  8.713256e-02  7.347111e-03  4.017664e+01  4.703108e-01
   238  2.369169e-01  2.322185e-01  3.738783e-01  8.022820e-02  8.675415e-02  6.960130e-03  4.231826e+01  4.832085e-01
   239  2.463691e-01  2.416687e-01  3.826961e-01  7.631471e-02  8.636845e-02  6.591183e-03  4.458761e+01  4.965484e-01
   240  2.558252e-01  2.511229e-01  3.916514e-01  7.257386e-02  8.597566e-02  6.239586e-03  4.699287e+01  5.103468e-01
   241  2.652855e-01  2.605811e-01  4.007443e-01  6.899915e-02  8.557595e-02  5.904667e-03  4.954279e+01  5.246208e-01
   242  2.747498e-01  2.700434e-01  4.099751e-01  6.558422e-02  8.516949e-02  5.585774e-03  5.224667e+01  5.393883e-01
   243  2.842184e-01  2.795099e-01  4.193438e-01  6.232293e-02  8.475647e-02  5.282271e-03  5.511448e+01  5.546678e-01
   244  2.936912e-01  2.889806e-01  4.288503e-01  5.920931e-02  8.433706e-02  4.993539e-03  5.815684e+01  5.704782e-01
   245  3.031682e-01  2.984555e-01  4.384948e-01  5.623759e-02  8.391143e-02  4.718977e-03  6.138506e+01  5.868395e-01
   246  3.126494e-01  3.079347e-01  4.482772e-01  5.340217e-02  8.347976e-02  4.458001e-03  6.481126e+01  6.037723e-01
   247  3.221350e-01  3.174181e-01  4.581974e-01  5.069762e-02  8.304221e-02  4.210042e-03  6.844835e+01  6.212981e-01
   248  3.316248e-01  3.269058e-01  4.682552e-01  4.811868e-02  8.259895e-02  3.974553e-03  7.231011e+01  6.394390e-01
   249  3.411189e-01  3.363978e-01  4.784506e-01  4.566028e-02  8.215013e-02  3.750998e-03  7.641125e+01  6.582181e-01
   250  3.506173e-01  3.458941e-01  4.887832e-01  4.331749e-02  8.169592e-02  3.538862e-03  8.076749e+01  6.776594e-01
   251  3.601200e-01  3.553946e-01  4.992529e-01  4.108554e-02  8.123645e-02  3.337644e-03  8.539560e+01  6.977877e-01
   252  3.696269e-01  3.648994e-01  5.098594e-01  3.895986e-02  8.077187e-02  3.146860e-03  9.031348e+01  7.186286e-01
   253  3.791380e-01  3.744085e-01  5.206023e-01  3.693598e-02  8.030232e-02  2.966045e-03  9.554023e+01  7.402090e-01
   254  3.886532e-01  3.839216e-01  5.314812e-01  3.500962e-02  7.982794e-02  2.794746e-03  1.010963e+02  7.625566e-01
   255  3.981725e-01  3.934389e-01  5.424959e-01  3.317663e-02  7.934885e-02  2.632528e-03  1.070033e+02  7.857000e-01
   256  4.076958e-01  4.029603e-01  5.536457e-01  3.143301e-02  7.886518e-02  2.478970e-03  1.132847e+02  8.096693e-01
   257  4.172230e-01  4.124855e-01  5.649304e-01  2.977488e-02  7.837703e-02  2.333667e-03  1.199653e+02  8.344952e-01
   258  4.267540e-01  4.220147e-01  5.763493e-01  2.819853e-02  7.788452e-02  2.196229e-03  1.270714e+02  8.602099e-01
   259  4.362887e-01  4.315476e-01  5.879020e-01  2.670036e-02  7.738775e-02  2.066281e-03  1.346315e+02  8.868467e-01
   260  4.458270e-01  4.410840e-01  5.995879e-01  2.527692e-02  7.688682e-02  1.943462e-03  1.426757e+02  9.144401e-01
   261  4.553686e-01  4.506240e-01  6.114063e-01  2.392485e-02  7.638182e-02  1.827424e-03  1.512362e+02  9.430260e-01
   262  4.649134e-01  4.601672e-01  6.233566e-01  2.264095e-02  7.587284e-02  1.717834e-03  1.603475e+02  9.726413e-01
   263  4.744613e-01  4.697136e-01  6.354383e-01  2.142213e-02  7.535996e-02  1.614371e-03  1.700462e+02  1.003325e+00
   264  4.840120e-01  4.792629e-01  6.476505e-01  2.026541e-02  7.484327e-02  1.516730e-03  1.803716e+02  1.035116e+00
   265  4.935654e-01  4.888150e-01  6.599927e-01  1.916793e-02  7.432284e-02  1.424615e-03  1.913655e+02  1.068057e+00
   266  5.031211e-01  4.983695e-01  6.724639e-01  1.812692e-02  7.379874e-02  1.337744e-03  2.030727e+02  1.102191e+00
   267  5.126789e-01  5.079263e-01  6.850636e-01  1.713975e-02  7.327105e-02  1.255848e-03  2.155407e+02  1.137561e+00
   268  5.222386e-01  5.174850e-01  6.977908e-01  1.620387e-02  7.273985e-02  1.178667e-03  2.288205e+02  1.174215e+00
   269  5.317999e-01  5.270455e-01  7.106448e-01  1.531684e-02  7.220521e-02  1.105956e-03  2.429665e+02  1.212200e+00
   270  5.413624e-01  5.366075e-01  7.236247e-01  1.447632e-02  7.166720e-02  1.037478e-03  2.580367e+02  1.251566e+00
   271  5.509260e-01  5.461705e-01  7.367296e-01  1.368006e-02  7.112591e-02  9.730070e-04  2.740930e+02  1.292365e+00
   272  5.604902e-01  5.557345e-01  7.499587e-01  1.292591e-02  7.058141e-02  9.123289e-04  2.912016e+02  1.334650e+00
   273  5.700549e-01  5.652989e-01  7.633112e-01  1.221179e-02  7.003380e-02  8.552381e-04  3.094331e+02  1.378478e+00
   274  5.796196e-01  5.748635e-01  7.767859e-01  1.153573e-02  6.948316e-02  8.015389e-04  3.288631e+02  1.423905e+00
   275  5.891839e-01  5.844281e-01  7.903821e-01  1.089583e-02  6.892959e-02  7.510451e-04  3.495721e+02  1.470992e+00
   276  5.987477e-01  5.939921e-01  8.040988e-01  1.029028e-02  6.837320e-02  7.035796e-04  3.716462e+02  1.519801e+00
   277  6.083105e-01  6.035554e-01  8.179349e-01  9.717350e-03  6.781411e-02  6.589734e-04  3.951774e+02  1.570396e+00
   278  6.178720e-01  6.131175e-01  8.318895e-01  9.175376e-03  6.725243e-02  6.170663e-04  4.202640e+02  1.622846e+00
   279  6.274318e-01  6.226782e-01  8.459616e-01  8.662776e-03  6.668830e-02  5.777058e-04  4.470109e+02  1.677219e+00
   280  6.369898e-01  6.322371e-01  8.601502e-01  8.178038e-03  6.612186e-02  5.407471e-04  4.755305e+02  1.733589e+00
   281  6.465454e-01  6.417939e-01  8.744542e-01  7.719719e-03  6.555326e-02  5.060527e-04  5.059427e+02  1.792030e+00
   282  6.560985e-01  6.513482e-01  8.888727e-01  7.286443e-03  6.498266e-02  4.734925e-04  5.383760e+02  1.852622e+00
   283  6.656487e-01  6.608998e-01  9.034045e-01  6.876899e-03  6.441023e-02  4.429427e-04  5.729674e+02  1.915444e+00
   284  6.751957e-01  6.704484e-01  9.180486e-01  6.489836e-03  6.383615e-02  4.142862e-04  6.098639e+02  1.980583e+00
   285  6.847392e-01  6.799937e-01  9.328039e-01  6.124067e-03  6.326061e-02  3.874122e-04  6.492222e+02  2.048126e+00
   286  6.942791e-01  6.895354e-01  9.476693e-01  5.778460e-03  6.268380e-02  3.622158e-04  6.912104e+02  2.118164e+00
   287  7.038151e-01  6.990733e-01  9.626437e-01  5.451937e-03  6.210592e-02  3.385976e-04  7.360083e+02  2.190793e+00
   288  7.133469e-01  7.086071e-01  9.777261e-01  5.143476e-03  6.152719e-02  3.164636e-04  7.838082e+02  2.266112e+00
   289  7.228744e-01  7.181368e-01  9.929154e-01  4.852105e-03  6.094780e-02  2.957251e-04  8.348160e+02  2.344224e+00
   290  7.323974e-01  7.276620e-01  1.008210e+00  4.576903e-03  6.036799e-02  2.762984e-04  8.892522e+02  2.425236e+00
   291  7.419158e-01  7.371827e-01  1.023610e+00  4.316993e-03  5.978796e-02  2.581042e-04  9.473528e+02  2.509260e+00
   292  7.514295e-01  7.466987e-01  1.039113e+00  4.071546e-03  5.920794e-02  2.410678e-04  1.009371e+03  2.596412e+00
   293  7.609383e-01  7.562099e-01  1.054718e+00  3.839774e-03  5.862813e-02  2.251188e-04  1.075577e+03  2.686813e+00
   294  7.704422e-01  7.657162e-01  1.070425e+00  3.620932e-03  5.804876e-02  2.101906e-04  1.146260e+03  2.780588e+00
   295  7.799411e-01  7.752176e-01  1.086232e+00  3.414312e-03  5.747004e-02  1.962206e-04  1.221732e+03  2.877868e+00
   296  7.894350e-01  7.847140e-01  1.102138e+00  3.219245e-03  5.689216e-02  1.831498e-04  1.302326e+03  2.978791e+00
   297  7.989239e-01  7.942054e-01  1.118142e+00  3.035099e-03  5.631534e-02  1.709226e-04  1.388397e+03  3.083496e+00
   298  8.084079e-01  8.036918e-01  1.134242e+00  2.861273e-03  5.573977e-02  1.594867e-04  1.480328e+03  3.192133e+00
   299  8.178869e-01  8.131732e-01  1.150438e+00  2.697200e-03  5.516562e-02  1.487927e-04  1.578529e+03  3.304855e+00
   300  8.273609e-01  8.226497e-01  1.166729e+00  2.542342e-03  5.459309e-02  1.387943e-04  1.683438e+03  3.421822e+00
   301  8.368302e-01  8.321213e-01  1.183113e+00  2.396193e-03  5.402234e-02  1.294480e-04  1.795525e+03  3.543200e+00
   302  8.462946e-01  8.415882e-01  1.199589e+00  2.258272e-03  5.345354e-02  1.207126e-04  1.915295e+03  3.669162e+00
   303  8.557545e-01  8.510503e-01  1.216156e+00  2.128123e-03  5.288683e-02  1.125497e-04  2.043287e+03  3.799890e+00
   304  8.652099e-01  8.605079e-01  1.232813e+00  2.005319e-03  5.232237e-02  1.049230e-04  2.180082e+03  3.935572e+00
   305  8.746608e-01  8.699610e-01  1.249559e+00  1.889452e-03  5.176028e-02  9.779855e-05  2.326301e+03  4.076402e+00
   306  8.841074e-01  8.794098e-01  1.266393e+00  1.780139e-03  5.120069e-02  9.114436e-05  2.482608e+03  4.222585e+00
   307  8.935500e-01  8.888544e-01  1.283313e+00  1.677018e-03  5.064371e-02  8.493039e-05  2.649718e+03  4.374332e+00
   308  9.029886e-01  8.982949e-01  1.300318e+00  1.579743e-03  5.008944e-02  7.912846e-05  2.828397e+03  4.531864e+00
   309  9.124234e-01  9.077316e-01  1.317409e+00  1.487993e-03  4.953798e-02  7.371216e-05  3.019465e+03  4.695412e+00
   310  9.218545e-01  9.171646e-01  1.334582e+00  1.401459e-03  4.898942e-02  6.865666e-05  3.223803e+03  4.865214e+00
   311  9.312822e-01  9.265939e-01  1.351837e+00  1.319852e-03  4.844383e-02  6.393869e-05  3.442353e+03  5.041519e+00
   312  9.407066e-01  9.360199e-01  1.369174e+00  1.242898e-03  4.790128e-02  5.953641e-05  3.676130e+03  5.224587e+00
   313  9.501277e-01  9.454427e-01  1.386590e+00  1.170338e-03  4.736184e-02  5.542935e-05  3.926219e+03  5.414687e+00
   314  9.595459e-01  9.548624e-01  1.404086e+00  1.101926e-03  4.682557e-02  5.159832e-05  4.193783e+03  5.612101e+00
   315  9.689613e-01  9.642791e-01  1.421659e+00  1.037432e-03  4.629251e-02  4.802531e-05  4.480074e+03  5.817122e+00
   316  9.783741e-01  9.736932e-01  1.439309e+00  9.766349e-04  4.576273e-02  4.469348e-05  4.786431e+03  6.030054e+00
   317  9.877843e-01  9.831047e-01  1.457034e+00  9.193294e-04  4.523625e-02  4.158701e-05  5.114293e+03  6.251214e+00
   318  9.971921e-01  9.925136e-01  1.474834e+00  8.653195e-04  4.471313e-02  3.869114e-05  5.465199e+03  6.480932e+00
   319  1.006598e+00  1.001920e+00  1.492708e+00  8.144201e-04  4.419339e-02  3.599199e-05  5.840807e+03  6.719552e+00
   320  1.016001e+00  1.011325e+00  1.510654e+00  7.664559e-04  4.367708e-02  3.347656e-05  6.242894e+03  6.967434e+00
   321  1.025403e+00  1.020728e+00  1.528672e+00  7.212622e-04  4.316423e-02  3.113273e-05  6.673364e+03  7.224947e+00
   322  1.034803e+00  1.030128e+00  1.546760e+00  6.786824e-04  4.265486e-02  2.894910e-05  7.134264e+03  7.492482e+00
   323  1.044201e+00  1.039527e+00  1.564917e+00  6.385690e-04  4.214900e-02  2.691504e-05  7.627787e+03  7.770442e+00
   324  1.053598e+00  1.048925e+00  1.583142e+00  6.007824e-04  4.164666e-02  2.502058e-05  8.156292e+03  8.059249e+00
   325  1.062993e+00  1.058321e+00  1.601435e+00  5.651909e-04  4.114786e-02  2.325640e-05  8.722304e+03  8.359341e+00
   326  1.072387e+00  1.067715e+00  1.619794e+00  5.316700e-04  4.065262e-02  2.161378e-05  9.328538e+03  8.671174e+00
   327  1.081779e+00  1.077108e+00  1.638218e+00  5.001019e-04  4.016096e-02  2.008457e-05  9.977908e+03  8.995224e+00
   328  1.091171e+00  1.086501e+00  1.656707e+00  4.703752e-04  3.967289e-02  1.866115e-05  1.067354e+04  9.331987e+00
   329  1.100562e+00  1.095892e+00  1.675259e+00  4.423848e-04  3.918846e-02  1.733638e-05  1.141881e+04  9.681977e+00
   330  1.109951e+00  1.105282e+00  1.693873e+00  4.160312e-04  3.870771e-02  1.610361e-05  1.221730e+04  1.004573e+01
   331  1.119341e+00  1.114671e+00  1.712548e+00  3.912202e-04  3.823066e-02  1.495661e-05  1.307293e+04  1.042382e+01
   332  1.128729e+00  1.124060e+00  1.731284e+00  3.678638e-04  3.775733e-02  1.388956e-05  1.398982e+04  1.081681e+01
   333  1.138117e+00  1.133448e+00  1.750080e+00  3.458785e-04  3.728773e-02  1.289703e-05  1.497247e+04  1.122531e+01
   334  1.147504e+00  1.142836e+00  1.768933e+00  3.251858e-04  3.682184e-02  1.197394e-05  1.602565e+04  1.164997e+01
   335  1.156891e+00  1.152223e+00  1.787844e+00  3.057115e-04  3.635964e-02  1.111556e-05  1.715452e+04  1.209143e+01
   336  1.166277e+00  1.161609e+00  1.806811e+00  2.873855e-04  3.590110e-02  1.031745e-05  1.836459e+04  1.255038e+01
   337  1.175663e+00  1.170996e+00  1.825834e+00  2.701414e-04  3.544626e-02  9.575502e-06  1.966182e+04  1.302754e+01
   338  1.185049e+00  1.180381e+00  1.844912e+00  2.539159e-04  3.499519e-02  8.885835e-06  2.105261e+04  1.352366e+01
   339  1.194435e+00  1.189767e+00  1.864043e+00  2.386500e-04  3.454790e-02  8.244857e-06  2.254383e+04  1.403950e+01
   340  1.203820e+00  1.199153e+00  1.883227e+00  2.242878e-04  3.410446e-02  7.649215e-06  2.414286e+04  1.457588e+01
   341  1.213206e+00  1.208538e+00  1.902463e+00  2.107767e-04  3.366487e-02  7.095772e-06  2.585764e+04  1.513364e+01
   342  1.222591e+00  1.217924e+00  1.921749e+00  1.980687e-04  3.322888e-02  6.581602e-06  2.769659e+04  1.571366e+01
   343  1.231976e+00  1.227309e+00  1.941086e+00  1.861179e-04  3.279633e-02  6.103985e-06  2.966875e+04  1.631686e+01
   344  1.241362e+00  1.236694e+00  1.960472e+00  1.748783e-04  3.236750e-02  5.660374e-06  3.178406e+04  1.694419e+01
   345  1.250747e+00  1.246080e+00  1.979907e+00  1.643074e-04  3.194254e-02  5.248394e-06  3.405322e+04  1.759665e+01
   346  1.260133e+00  1.255466e+00  1.999389e+00  1.543669e-04  3.152131e-02  4.865846e-06  3.648747e+04  1.827528e+01
   347  1.269518e+00  1.264851e+00  2.018916e+00  1.450196e-04  3.110392e-02  4.510679e-06  3.909900e+04  1.898114e+01
   348  1.278904e+00  1.274237e+00  2.038490e+00  1.362301e-04  3.069048e-02  4.180968e-06  4.190106e+04  1.971537e+01
   349  1.288290e+00  1.283623e+00  2.058108e+00  1.279648e-04  3.028115e-02  3.874922e-06  4.490795e+04  2.047914e+01
   350  1.297677e+00  1.293009e+00  2.077770e+00  1.201945e-04  2.987562e-02  3.590885e-06  4.813456e+04  2.127368e+01
   351  1.307064e+00  1.302396e+00  2.097475e+00  1.128904e-04  2.947373e-02  3.327300e-06  5.159712e+04  2.210025e+01
   352  1.316451e+00  1.311783e+00  2.117222e+00  1.060262e-04  2.907515e-02  3.082728e-06  5.531281e+04  2.296020e+01
   353  1.325838e+00  1.321170e+00  2.137010e+00  9.957495e-05  2.868015e-02  2.855825e-06  5.930061e+04  2.385489e+01
   354  1.335225e+00  1.330557e+00  2.156839e+00  9.350998e-05  2.828935e-02  2.645337e-06  6.358146e+04  2.478579e+01
   355  1.344613e+00  1.339944e+00  2.176706e+00  8.780785e-05  2.790296e-02  2.450099e-06  6.817757e+04  2.575440e+01
   356  1.354001e+00  1.349333e+00  2.196613e+00  8.244997e-05  2.752007e-02  2.269029e-06  7.311134e+04  2.676229e+01
   357  1.363390e+00  1.358721e+00  2.216557e+00  7.741715e-05  2.714022e-02  2.101119e-06  7.840723e+04  2.781109e+01
   358  1.372779e+00  1.368110e+00  2.236538e+00  7.268844e-05  2.676393e-02  1.945429e-06  8.409297e+04  2.890251e+01
   359  1.382168e+00  1.377499e+00  2.256555e+00  6.824368e-05  2.639196e-02  1.801085e-06  9.019899e+04  3.003836e+01
   360  1.391558e+00  1.386888e+00  2.276608e+00  6.406659e-05  2.602412e-02  1.667277e-06  9.675654e+04  3.122047e+01
   361  1.400948e+00  1.396278e+00  2.296694e+00  6.014431e-05  2.565911e-02  1.543249e-06  1.037970e+05  3.245079e+01
   362  1.410338e+00  1.405668e+00  2.316815e+00  5.645780e-05  2.529852e-02  1.428299e-06  1.113598e+05  3.373135e+01
   363  1.419729e+00  1.415059e+00  2.336968e+00  5.299607e-05  2.494098e-02  1.321774e-06  1.194812e+05  3.506426e+01
   364  1.429120e+00  1.424450e+00  2.357153e+00  4.974433e-05  2.458710e-02  1.223069e-06  1.282044e+05  3.645170e+01
   365  1.438512e+00  1.433841e+00  2.377369e+00  4.668760e-05  2.423807e-02  1.131618e-06  1.375781e+05  3.789600e+01
   366  1.447904e+00  1.443233e+00  2.397614e+00  4.381874e-05  2.389154e-02  1.046897e-06  1.476448e+05  3.939955e+01
   367  1.457297e+00  1.452626e+00  2.417890e+00  4.112346e-05  2.354912e-02  9.684212e-07  1.584612e+05  4.096483e+01
   368  1.466689e+00  1.462018e+00  2.438194e+00  3.859342e-05  2.320955e-02  8.957360e-07  1.700800e+05  4.259447e+01
   369  1.476083e+00  1.471412e+00  2.458525e+00  3.621395e-05  2.287576e-02  8.284218e-07  1.825729e+05  4.429121e+01
   370  1.485477e+00  1.480806e+00  2.478883e+00  3.398285e-05  2.254340e-02  7.660888e-07  1.959885e+05  4.605785e+01
   371  1.494871e+00  1.490200e+00  2.499268e+00  3.188758e-05  2.221474e-02  7.083742e-07  2.104059e+05  4.789739e+01
   372  1.504266e+00  1.499594e+00  2.519677e+00  2.991844e-05  2.189089e-02  6.549413e-07  2.259068e+05  4.981293e+01
   373  1.513661e+00  1.508989e+00  2.540110e+00  2.807075e-05  2.156971e-02  6.054779e-07  2.425626e+05  5.180768e+01
   374  1.523057e+00  1.518385e+00  2.560567e+00  2.633625e-05  2.125181e-02  5.596928e-07  2.604643e+05  5.388506e+01
   375  1.532453e+00  1.527780e+00  2.581047e+00  2.470707e-05  2.093805e-02  5.173177e-07  2.797118e+05  5.604858e+01
   376  1.541849e+00  1.537176e+00  2.601548e+00  2.317958e-05  2.062603e-02  4.781027e-07  3.003908e+05  5.830189e+01
   377  1.551246e+00  1.546572e+00  2.622070e+00  2.174189e-05  2.032092e-02  4.418151e-07  3.226496e+05  6.064891e+01
   378  1.560643e+00  1.555970e+00  2.642612e+00  2.039467e-05  2.001699e-02  4.082400e-07  3.465643e+05  6.309363e+01
   379  1.570041e+00  1.565367e+00  2.663173e+00  1.912905e-05  1.971757e-02  3.771783e-07  3.722888e+05  6.564020e+01
   380  1.579439e+00  1.574765e+00  2.683753e+00  1.794255e-05  1.942002e-02  3.484447e-07  3.999364e+05  6.829302e+01
   381  1.588838e+00  1.584164e+00  2.704349e+00  1.682737e-05  1.912758e-02  3.218668e-07  4.296885e+05  7.105672e+01
   382  1.598237e+00  1.593563e+00  2.724962e+00  1.578183e-05  1.883723e-02  2.972859e-07  4.616727e+05  7.393603e+01
   383  1.607635e+00  1.602961e+00  2.745591e+00  1.480137e-05  1.854921e-02  2.745537e-07  4.960613e+05  7.693600e+01
   384  1.617035e+00  1.612361e+00  2.766234e+00  1.387912e-05  1.826726e-02  2.535336e-07  5.330908e+05  8.006183e+01
   385  1.626435e+00  1.621760e+00  2.786890e+00  1.301490e-05  1.798698e-02  2.340986e-07  5.729018e+05  8.331895e+01
   386  1.635835e+00  1.631161e+00  2.807560e+00  1.220368e-05  1.771030e-02  2.161309e-07  6.157383e+05  8.671313e+01
   387  1.645236e+00  1.640561e+00  2.828242e+00  1.144267e-05  1.743659e-02  1.995212e-07  6.618228e+05  9.025032e+01
   388  1.654637e+00  1.649962e+00  2.848934e+00  1.072801e-05  1.716707e-02  1.841685e-07  7.114311e+05  9.393677e+01
   389  1.664038e+00  1.659363e+00  2.869636e+00  1.005923e-05  1.689782e-02  1.699790e-07  7.647510e+05  9.777900e+01
   390  1.673439e+00  1.668764e+00  2.890347e+00  9.429429e-06  1.663579e-02  1.568660e-07  8.222292e+05  1.017838e+02
   391  1.682842e+00  1.678166e+00  2.911066e+00  8.839572e-06  1.637512e-02  1.447490e-07  8.840494e+05  1.059584e+02
   392  1.692245e+00  1.687569e+00  2.931793e+00  8.285778e-06  1.611840e-02  1.335535e-07  9.506174e+05  1.103102e+02
   393  1.701647e+00  1.696971e+00  2.952525e+00  7.767590e-06  1.586211e-02  1.232104e-07  1.022194e+06  1.148470e+02
   394  1.711050e+00  1.706374e+00  2.973262e+00  7.280070e-06  1.561188e-02  1.136556e-07  1.099352e+06  1.195771e+02
   395  1.720454e+00  1.715777e+00  2.994003e+00  6.823140e-06  1.536391e-02  1.048301e-07  1.182401e+06  1.245089e+02
   396  1.729858e+00  1.725181e+00  3.014747e+00  6.394644e-06  1.511876e-02  9.667910e-08  1.271820e+06  1.296513e+02
   397  1.739262e+00  1.734585e+00  3.035493e+00  5.993000e-06  1.487597e-02  8.915171e-08  1.368085e+06  1.350139e+02
   398  1.748666e+00  1.743989e+00  3.056239e+00  5.615925e-06  1.463711e-02  8.220093e-08  1.471807e+06  1.406063e+02
   399  1.758071e+00  1.753394e+00  3.076985e+00  5.262332e-06  1.440109e-02  7.578329e-08  1.583522e+06  1.464389e+02
   400  1.767476e+00  1.762799e+00  3.097730e+00  4.930895e-06  1.416751e-02  6.985852e-08  1.703835e+06  1.525224e+02
   401  1.776882e+00  1.772205e+00  3.118471e+00  4.620036e-06  1.393696e-02  6.438927e-08  1.833456e+06  1.588680e+02
   402  1.786287e+00  1.781610e+00  3.139210e+00  4.328612e-06  1.370903e-02  5.934107e-08  1.973095e+06  1.654876e+02
   403  1.795693e+00  1.791016e+00  3.159943e+00  4.055062e-06  1.348486e-02  5.468195e-08  2.123632e+06  1.723936e+02
   404  1.805099e+00  1.800421e+00  3.180670e+00  3.799047e-06  1.326186e-02  5.038244e-08  2.285720e+06  1.795989e+02
   405  1.814505e+00  1.809827e+00  3.201389e+00  3.558375e-06  1.304392e-02  4.641515e-08  2.460618e+06  1.871170e+02
   406  1.823912e+00  1.819234e+00  3.222100e+00  3.333179e-06  1.282703e-02  4.275480e-08  2.648977e+06  1.949624e+02
   407  1.833318e+00  1.828640e+00  3.242801e+00  3.121909e-06  1.261345e-02  3.937805e-08  2.852087e+06  2.031497e+02
   408  1.842725e+00  1.838047e+00  3.263492e+00  2.923827e-06  1.240265e-02  3.626321e-08  3.071080e+06  2.116948e+02
   409  1.852133e+00  1.847455e+00  3.284169e+00  2.738042e-06  1.219496e-02  3.339030e-08  3.307271e+06  2.206140e+02
   410  1.861541e+00  1.856862e+00  3.304833e+00  2.564077e-06  1.198904e-02  3.074081e-08  3.561860e+06  2.299247e+02
   411  1.870948e+00  1.866270e+00  3.325481e+00  2.400935e-06  1.178612e-02  2.829772e-08  3.836490e+06  2.396445e+02
   412  1.880357e+00  1.875678e+00  3.346113e+00  2.247776e-06  1.158708e-02  2.604515e-08  4.132948e+06  2.497927e+02
   413  1.889765e+00  1.885086e+00  3.366726e+00  2.104677e-06  1.138819e-02  2.396845e-08  4.452329e+06  2.603894e+02
   414  1.899173e+00  1.894495e+00  3.387321e+00  1.970251e-06  1.119358e-02  2.205417e-08  4.797267e+06  2.714551e+02
   415  1.908582e+00  1.903903e+00  3.407894e+00  1.844354e-06  1.100100e-02  2.028975e-08  5.169392e+06  2.830120e+02
   416  1.917991e+00  1.913312e+00  3.428445e+00  1.726452e-06  1.081044e-02  1.866371e-08  5.570881e+06  2.950831e+02
   417  1.927401e+00  1.922721e+00  3.448972e+00  1.615713e-06  1.062401e-02  1.716535e-08  6.004704e+06  3.076925e+02
   418  1.936810e+00  1.932131e+00  3.469473e+00  1.512218e-06  1.043819e-02  1.578482e-08  6.472514e+06  3.208658e+02
   419  1.946220e+00  1.941540e+00  3.489947e+00  1.415059e-06  1.025612e-02  1.451302e-08  6.978047e+06  3.346296e+02
   420  1.955630e+00  1.950950e+00  3.510392e+00  1.324133e-06  1.007567e-02  1.334152e-08  7.523699e+06  3.490121e+02
   421  1.965039e+00  1.960360e+00  3.530806e+00  1.239073e-06  9.896580e-03  1.226258e-08  8.112611e+06  3.640427e+02
   422  1.974449e+00  1.969770e+00  3.551188e+00  1.159022e-06  9.722834e-03  1.126898e-08  8.750078e+06  3.797528e+02
   423  1.983860e+00  1.979180e+00  3.571535e+00  1.084234e-06  9.549697e-03  1.035411e-08  9.438048e+06  3.961749e+02
   424  1.993270e+00  1.988591e+00  3.591847e+00  1.014309e-06  9.377659e-03  9.511842e-09  1.018082e+07  4.133433e+02
   425  2.002681e+00  1.998001e+00  3.612121e+00  9.486333e-07  9.209582e-03  8.736516e-09  1.098453e+07  4.312947e+02
   426  2.012091e+00  2.007412e+00  3.632356e+00  8.872598e-07  9.042343e-03  8.022907e-09  1.185247e+07  4.500672e+02
   427  2.021502e+00  2.016822e+00  3.652549e+00  8.296129e-07  8.879070e-03  7.366192e-09  1.279207e+07  4.697013e+02
   428  2.030913e+00  2.026233e+00  3.672697e+00  7.757417e-07  8.716750e-03  6.761947e-09  1.380720e+07  4.902385e+02
   429  2.040325e+00  2.035644e+00  3.692801e+00  7.252050e-07  8.557646e-03  6.206047e-09  1.490603e+07  5.117239e+02
   430  2.049735e+00  2.045055e+00  3.712856e+00  6.779840e-07  8.399463e-03  5.694702e-09  1.609366e+07  5.342048e+02
   431  2.059147e+00  2.054467e+00  3.732862e+00  6.336986e-07  8.244331e-03  5.224421e-09  1.737959e+07  5.577302e+02
   432  2.068559e+00  2.063878e+00  3.752816e+00  5.922428e-07  8.091213e-03  4.791963e-09  1.877126e+07  5.823533e+02
   433  2.077970e+00  2.073290e+00  3.772715e+00  5.534641e-07  7.939720e-03  4.394350e-09  2.027720e+07  6.081293e+02
   434  2.087382e+00  2.082702e+00  3.792558e+00  5.171494e-07  7.790475e-03  4.028840e-09  2.190796e+07  6.351163e+02
   435  2.096794e+00  2.092113e+00  3.812342e+00  4.831658e-07  7.643132e-03  3.692900e-09  2.367381e+07  6.633756e+02
   436  2.106206e+00  2.101525e+00  3.832064e+00  4.512879e-07  7.498968e-03  3.384193e-09  2.558855e+07  6.929720e+02
   437  2.115618e+00  2.110937e+00  3.851724e+00  4.215978e-07  7.354280e-03  3.100548e-09  2.765869e+07  7.239758e+02
   438  2.125030e+00  2.120349e+00  3.871316e+00  3.936584e-07  7.214329e-03  2.839981e-09  2.990767e+07  7.564593e+02
   439  2.134443e+00  2.129762e+00  3.890841e+00  3.675865e-07  7.074980e-03  2.600667e-09  3.234282e+07  7.904982e+02
   440  2.143855e+00  2.139175e+00  3.910294e+00  3.431975e-07  6.937412e-03  2.380903e-09  3.498300e+07  8.261757e+02
   441  2.153269e+00  2.148588e+00  3.929672e+00  3.203276e-07  6.802851e-03  2.179141e-09  3.784950e+07  8.635761e+02
   442  2.162682e+00  2.158001e+00  3.948974e+00  2.989961e-07  6.668793e-03  1.993943e-09  4.095536e+07  9.027902e+02
   443  2.172095e+00  2.167414e+00  3.968197e+00  2.790125e-07  6.537262e-03  1.823978e-09  4.432803e+07  9.439163e+02
   444  2.181508e+00  2.176827e+00  3.987338e+00  2.603333e-07  6.407261e-03  1.668024e-09  4.798815e+07  9.870569e+02
   445  2.190921e+00  2.186240e+00  4.006394e+00  2.428571e-07  6.279225e-03  1.524954e-09  5.196324e+07  1.032321e+03
   446  2.200334e+00  2.195653e+00  4.025361e+00  2.265185e-07  6.152882e-03  1.393742e-09  5.628037e+07  1.079822e+03
   447  2.209747e+00  2.205066e+00  4.044236e+00  2.112239e-07  6.028821e-03  1.273431e-09  6.097343e+07  1.129680e+03
   448  2.219161e+00  2.214479e+00  4.063018e+00  1.969376e-07  5.906115e-03  1.163136e-09  6.607245e+07  1.182029e+03
   449  2.228573e+00  2.223892e+00  4.081701e+00  1.835857e-07  5.785041e-03  1.062051e-09  7.161565e+07  1.237003e+03
   450  2.237988e+00  2.233306e+00  4.100285e+00  1.710889e-07  5.666203e-03  9.694242e-10  7.764834e+07  1.294751e+03
   451  2.247401e+00  2.242720e+00  4.118764e+00  1.594246e-07  5.548523e-03  8.845711e-10  8.420851e+07  1.355429e+03
   452  2.256815e+00  2.252133e+00  4.137136e+00  1.485204e-07  5.432667e-03  8.068618e-10  9.134975e+07  1.419200e+03
   453  2.266228e+00  2.261547e+00  4.155398e+00  1.383366e-07  5.318265e-03  7.357106e-10  9.912380e+07  1.486243e+03
   454  2.275642e+00  2.270961e+00  4.173546e+00  1.288110e-07  5.205942e-03  6.705826e-10  1.075963e+08  1.556744e+03
   455  2.285056e+00  2.280375e+00  4.191575e+00  1.199145e-07  5.095170e-03  6.109849e-10  1.168285e+08  1.630903e+03
   456  2.294470e+00  2.289788e+00  4.209483e+00  1.116117e-07  4.985725e-03  5.564651e-10  1.268896e+08  1.708930e+03
   457  2.303883e+00  2.299202e+00  4.227266e+00  1.038588e-07  4.877813e-03  5.066040e-10  1.378618e+08  1.791055e+03
   458  2.313297e+00  2.308616e+00  4.244922e+00  9.661574e-08  4.771629e-03  4.610145e-10  1.498369e+08  1.877526e+03
   459  2.322711e+00  2.318030e+00  4.262445e+00  8.985048e-08  4.667142e-03  4.193450e-10  1.629124e+08  1.968600e+03
   460  2.332125e+00  2.327444e+00  4.279832e+00  8.354637e-08  4.563608e-03  3.812729e-10  1.771814e+08  2.064549e+03
   461  2.341538e+00  2.336857e+00  4.297077e+00  7.764613e-08  4.462549e-03  3.464996e-10  1.927919e+08  2.165668e+03
   462  2.350951e+00  2.346270e+00  4.314179e+00  7.216112e-08  4.361749e-03  3.147487e-10  2.098294e+08  2.272277e+03
   463  2.360365e+00  2.355684e+00  4.331132e+00  6.702242e-08  4.263745e-03  2.857665e-10  2.284990e+08  2.384721e+03
   464  2.369778e+00  2.365097e+00  4.347934e+00  6.224293e-08  4.166298e-03  2.593226e-10  2.489057e+08  2.503359e+03
   465  2.379191e+00  2.374510e+00  4.364577e+00  5.778367e-08  4.070434e-03  2.352046e-10  2.712530e+08  2.628575e+03
   466  2.388604e+00  2.383923e+00  4.381063e+00  5.362328e-08  3.976154e-03  2.132144e-10  2.957434e+08  2.760800e+03
   467  2.398018e+00  2.393337e+00  4.397382e+00  4.974255e-08  3.883440e-03  1.931722e-10  3.225995e+08  2.900487e+03
   468  2.407430e+00  2.402750e+00  4.413531e+00  4.613042e-08  3.791759e-03  1.749154e-10  3.520402e+08  3.048100e+03
   469  2.416844e+00  2.412163e+00  4.429508e+00  4.275992e-08  3.701844e-03  1.582906e-10  3.843740e+08  3.204171e+03
   470  2.426257e+00  2.421576e+00  4.445308e+00  3.962340e-08  3.612955e-03  1.431576e-10  4.198720e+08  3.369272e+03
   471  2.435669e+00  2.430989e+00  4.460922e+00  3.670105e-08  3.525535e-03  1.293908e-10  4.588904e+08  3.543982e+03
   472  2.445082e+00  2.440401e+00  4.476353e+00  3.398205e-08  3.439219e-03  1.168717e-10  5.017883e+08  3.728967e+03
   473  2.454494e+00  2.449813e+00  4.491590e+00  3.144607e-08  3.354713e-03  1.054925e-10  5.490425e+08  3.924934e+03
   474  2.463905e+00  2.459225e+00  4.506634e+00  2.909398e-08  3.270604e-03  9.515488e-11  6.010117e+08  4.132641e+03
   475  2.473317e+00  2.468637e+00  4.521475e+00  2.689554e-08  3.188936e-03  8.576815e-11  6.584107e+08  4.352916e+03
   476  2.482728e+00  2.478048e+00  4.536111e+00  2.485617e-08  3.107891e-03  7.725027e-11  7.216603e+08  4.586625e+03
   477  2.492139e+00  2.487459e+00  4.550538e+00  2.295815e-08  3.028316e-03  6.952454e-11  7.915210e+08  4.834752e+03
   478  2.501550e+00  2.496870e+00  4.564753e+00  2.119753e-08  2.949446e-03  6.252097e-11  8.686494e+08  5.098359e+03
   479  2.510959e+00  2.506280e+00  4.578744e+00  1.955528e-08  2.872712e-03  5.617667e-11  9.540915e+08  5.378551e+03
   480  2.520369e+00  2.515690e+00  4.592517e+00  1.803585e-08  2.796249e-03  5.043273e-11  1.048517e+09  5.676584e+03
   481  2.529780e+00  2.525100e+00  4.606062e+00  1.661945e-08  2.721802e-03  4.523486e-11  1.153334e+09  5.993861e+03
   482  2.539187e+00  2.534509e+00  4.619369e+00  1.530709e-08  2.648177e-03  4.053588e-11  1.269504e+09  6.331746e+03
   483  2.548596e+00  2.543917e+00  4.632443e+00  1.408989e-08  2.575628e-03  3.629032e-11  1.398462e+09  6.691875e+03
   484  2.558004e+00  2.553325e+00  4.645273e+00  1.295809e-08  2.504761e-03  3.245692e-11  1.541970e+09  7.076029e+03
   485  2.567411e+00  2.562733e+00  4.657858e+00  1.191226e-08  2.434339e-03  2.899847e-11  1.701435e+09  7.486101e+03
   486  2.576817e+00  2.572139e+00  4.670191e+00  1.093975e-08  2.365740e-03  2.588061e-11  1.879356e+09  7.924211e+03
   487  2.586223e+00  2.581546e+00  4.682273e+00  1.004366e-08  2.297155e-03  2.307183e-11  2.077366e+09  8.392710e+03
   488  2.595628e+00  2.590951e+00  4.694093e+00  9.208349e-09  2.230990e-03  2.054373e-11  2.299161e+09  8.894132e+03
   489  2.605031e+00  2.600355e+00  4.705648e+00  8.437915e-09  2.165326e-03  1.827084e-11  2.546849e+09  9.431136e+03
   490  2.614432e+00  2.609757e+00  4.716936e+00  7.725666e-09  2.100657e-03  1.622897e-11  2.824142e+09  1.000686e+04
   491  2.623834e+00  2.619159e+00  4.727955e+00  7.066977e-09  2.037093e-03  1.439609e-11  3.135168e+09  1.062480e+04
   492  2.633233e+00  2.628559e+00  4.738698e+00  6.458755e-09  1.974450e-03  1.275249e-11  3.484401e+09  1.128875e+04
   493  2.642632e+00  2.637958e+00  4.749160e+00  5.894802e-09  1.913610e-03  1.128035e-11  3.877966e+09  1.200278e+04
   494  2.652027e+00  2.647355e+00  4.759340e+00  5.377120e-09  1.852905e-03  9.963293e-12  4.320397e+09  1.277150e+04
   495  2.661421e+00  2.656749e+00  4.769233e+00  4.897993e-09  1.793852e-03  8.786276e-12  4.820460e+09  1.360006e+04
   496  2.670810e+00  2.666141e+00  4.778833e+00  4.456574e-09  1.735822e-03  7.735818e-12  5.385752e+09  1.449406e+04
   497  2.680202e+00  2.675531e+00  4.788149e+00  4.052247e-09  1.677837e-03  6.799012e-12  6.024612e+09  1.546039e+04
   498  2.689588e+00  2.684920e+00  4.797166e+00  3.677811e-09  1.621803e-03  5.964684e-12  6.751676e+09  1.650629e+04
   499  2.698970e+00  2.694304e+00  4.805881e+00  3.333210e-09  1.567007e-03  5.223163e-12  7.578825e+09  1.763910e+04
