     i         log_r      log_rmid             m           rho            v2        trelax            kn
     0  -1.728044e+00  -2.029074e+00  4.936543e-05  2.262964e+01  2.058383e-01  9.740007e-02  1.153017e-02
     1  -1.716981e+00  -1.722477e+00  5.328937e-05  2.264846e+01  2.056672e-01  9.735959e-02  1.153017e-02
     2  -1.705918e+00  -1.711414e+00  5.752323e-05  2.264166e+01  2.056583e-01  9.739097e-02  1.153216e-02
     3  -1.694851e+00  -1.700350e+00  6.209370e-05  2.263450e+01  2.056488e-01  9.742401e-02  1.153425e-02
     4  -1.683787e+00  -1.689284e+00  6.702432e-05  2.262697e+01  2.056389e-01  9.745879e-02  1.153644e-02
     5  -1.672715e+00  -1.678216e+00  7.234881e-05  2.261904e+01  2.056285e-01  9.749541e-02  1.153876e-02
     6  -1.661650e+00  -1.667148e+00  7.809033e-05  2.261070e+01  2.056175e-01  9.753397e-02  1.154119e-02
     7  -1.650587e+00  -1.656084e+00  8.428458e-05  2.260193e+01  2.056060e-01  9.757454e-02  1.154375e-02
     8  -1.639522e+00  -1.645019e+00  9.096964e-05  2.259271e+01  2.055939e-01  9.761725e-02  1.154645e-02
     9  -1.628455e+00  -1.633953e+00  9.818356e-05  2.258301e+01  2.055811e-01  9.766222e-02  1.154929e-02
    10  -1.617385e+00  -1.622884e+00  1.059689e-04  2.257281e+01  2.055676e-01  9.770957e-02  1.155228e-02
    11  -1.606324e+00  -1.611819e+00  1.143624e-04  2.256208e+01  2.055535e-01  9.775940e-02  1.155542e-02
    12  -1.595262e+00  -1.600757e+00  1.234185e-04  2.255080e+01  2.055386e-01  9.781184e-02  1.155873e-02
    13  -1.584198e+00  -1.589695e+00  1.331900e-04  2.253893e+01  2.055230e-01  9.786704e-02  1.156221e-02
    14  -1.573139e+00  -1.578633e+00  1.437275e-04  2.252646e+01  2.055065e-01  9.792516e-02  1.156588e-02
    15  -1.562075e+00  -1.567572e+00  1.550994e-04  2.251335e+01  2.054892e-01  9.798633e-02  1.156973e-02
    16  -1.551018e+00  -1.556512e+00  1.673596e-04  2.249956e+01  2.054710e-01  9.805072e-02  1.157379e-02
    17  -1.539964e+00  -1.545456e+00  1.805806e-04  2.248507e+01  2.054518e-01  9.811848e-02  1.157806e-02
    18  -1.528908e+00  -1.534401e+00  1.948435e-04  2.246984e+01  2.054316e-01  9.818981e-02  1.158255e-02
    19  -1.517857e+00  -1.523347e+00  2.102204e-04  2.245383e+01  2.054105e-01  9.826489e-02  1.158727e-02
    20  -1.506808e+00  -1.512297e+00  2.268022e-04  2.243700e+01  2.053882e-01  9.834391e-02  1.159225e-02
    21  -1.495758e+00  -1.501247e+00  2.446857e-04  2.241932e+01  2.053647e-01  9.842709e-02  1.159748e-02
    22  -1.484707e+00  -1.490197e+00  2.639729e-04  2.240073e+01  2.053401e-01  9.851467e-02  1.160299e-02
    23  -1.473662e+00  -1.479149e+00  2.847617e-04  2.238121e+01  2.053141e-01  9.860685e-02  1.160878e-02
    24  -1.462621e+00  -1.468106e+00  3.071688e-04  2.236069e+01  2.052869e-01  9.870386e-02  1.161487e-02
    25  -1.451581e+00  -1.457066e+00  3.313271e-04  2.233914e+01  2.052582e-01  9.880597e-02  1.162129e-02
    26  -1.440545e+00  -1.446028e+00  3.573620e-04  2.231651e+01  2.052281e-01  9.891345e-02  1.162803e-02
    27  -1.429510e+00  -1.434992e+00  3.854278e-04  2.229273e+01  2.051964e-01  9.902658e-02  1.163513e-02
    28  -1.418475e+00  -1.423958e+00  4.156808e-04  2.226776e+01  2.051631e-01  9.914568e-02  1.164260e-02
    29  -1.407446e+00  -1.412926e+00  4.482776e-04  2.224153e+01  2.051281e-01  9.927106e-02  1.165045e-02
    30  -1.396417e+00  -1.401896e+00  4.834077e-04  2.221400e+01  2.050913e-01  9.940304e-02  1.165872e-02
    31  -1.385391e+00  -1.390869e+00  5.212579e-04  2.218508e+01  2.050526e-01  9.954198e-02  1.166741e-02
    32  -1.374369e+00  -1.379845e+00  5.620357e-04  2.215473e+01  2.050119e-01  9.968824e-02  1.167656e-02
    33  -1.363350e+00  -1.368825e+00  6.059606e-04  2.212287e+01  2.049692e-01  9.984220e-02  1.168618e-02
    34  -1.352334e+00  -1.357807e+00  6.532785e-04  2.208944e+01  2.049243e-01  1.000043e-01  1.169630e-02
    35  -1.341321e+00  -1.346792e+00  7.042385e-04  2.205435e+01  2.048771e-01  1.001749e-01  1.170695e-02
    36  -1.330310e+00  -1.335781e+00  7.591240e-04  2.201754e+01  2.048275e-01  1.003546e-01  1.171816e-02
    37  -1.319303e+00  -1.324772e+00  8.182252e-04  2.197891e+01  2.047754e-01  1.005437e-01  1.172994e-02
    38  -1.308298e+00  -1.313766e+00  8.818583e-04  2.193839e+01  2.047207e-01  1.007429e-01  1.174234e-02
    39  -1.297297e+00  -1.302763e+00  9.503637e-04  2.189590e+01  2.046631e-01  1.009526e-01  1.175538e-02
    40  -1.286298e+00  -1.291763e+00  1.024119e-03  2.185134e+01  2.046027e-01  1.011734e-01  1.176909e-02
    41  -1.275302e+00  -1.280765e+00  1.103493e-03  2.180461e+01  2.045392e-01  1.014059e-01  1.178353e-02
    42  -1.264309e+00  -1.269771e+00  1.188917e-03  2.175564e+01  2.044726e-01  1.016508e-01  1.179870e-02
    43  -1.253321e+00  -1.258780e+00  1.280828e-03  2.170430e+01  2.044025e-01  1.019086e-01  1.181467e-02
    44  -1.242334e+00  -1.247793e+00  1.379723e-03  2.165051e+01  2.043290e-01  1.021802e-01  1.183147e-02
    45  -1.231351e+00  -1.236808e+00  1.486103e-03  2.159415e+01  2.042518e-01  1.024663e-01  1.184914e-02
    46  -1.220370e+00  -1.225826e+00  1.600525e-03  2.153511e+01  2.041707e-01  1.027676e-01  1.186773e-02
    47  -1.209393e+00  -1.214847e+00  1.723575e-03  2.147328e+01  2.040856e-01  1.030850e-01  1.188728e-02
    48  -1.198418e+00  -1.203870e+00  1.855885e-03  2.140854e+01  2.039962e-01  1.034194e-01  1.190785e-02
    49  -1.187446e+00  -1.192897e+00  1.998123e-03  2.134076e+01  2.039023e-01  1.037717e-01  1.192948e-02
    50  -1.176476e+00  -1.181926e+00  2.151017e-03  2.126983e+01  2.038039e-01  1.041429e-01  1.195225e-02
    51  -1.165509e+00  -1.170958e+00  2.315332e-03  2.119561e+01  2.037005e-01  1.045341e-01  1.197619e-02
    52  -1.154544e+00  -1.159992e+00  2.491891e-03  2.111797e+01  2.035920e-01  1.049464e-01  1.200138e-02
    53  -1.143582e+00  -1.149028e+00  2.681574e-03  2.103677e+01  2.034782e-01  1.053809e-01  1.202789e-02
    54  -1.132622e+00  -1.138067e+00  2.885299e-03  2.095188e+01  2.033587e-01  1.058390e-01  1.205577e-02
    55  -1.121664e+00  -1.127108e+00  3.104081e-03  2.086315e+01  2.032334e-01  1.063219e-01  1.208510e-02
    56  -1.110707e+00  -1.116151e+00  3.338977e-03  2.077043e+01  2.031020e-01  1.068311e-01  1.211596e-02
    57  -1.099752e+00  -1.105195e+00  3.591122e-03  2.067357e+01  2.029641e-01  1.073680e-01  1.214844e-02
    58  -1.088799e+00  -1.094241e+00  3.861724e-03  2.057243e+01  2.028195e-01  1.079343e-01  1.218260e-02
    59  -1.077846e+00  -1.083288e+00  4.152066e-03  2.046684e+01  2.026679e-01  1.085317e-01  1.221856e-02
    60  -1.066895e+00  -1.072336e+00  4.463517e-03  2.035665e+01  2.025089e-01  1.091620e-01  1.225639e-02
    61  -1.055944e+00  -1.061385e+00  4.797536e-03  2.024170e+01  2.023422e-01  1.098272e-01  1.229620e-02
    62  -1.044993e+00  -1.050434e+00  5.155655e-03  2.012183e+01  2.021675e-01  1.105292e-01  1.233810e-02
    63  -1.034042e+00  -1.039483e+00  5.539526e-03  1.999688e+01  2.019843e-01  1.112702e-01  1.238220e-02
    64  -1.023090e+00  -1.028531e+00  5.950900e-03  1.986667e+01  2.017924e-01  1.120527e-01  1.242862e-02
    65  -1.012137e+00  -1.017579e+00  6.391610e-03  1.973105e+01  2.015913e-01  1.128792e-01  1.247748e-02
    66  -1.001183e+00  -1.006626e+00  6.863620e-03  1.958985e+01  2.013806e-01  1.137523e-01  1.252891e-02
    67  -9.902266e-01  -9.956702e-01  7.369017e-03  1.944291e+01  2.011599e-01  1.146748e-01  1.258306e-02
    68  -9.792678e-01  -9.847126e-01  7.909987e-03  1.929006e+01  2.009287e-01  1.156499e-01  1.264008e-02
    69  -9.683059e-01  -9.737523e-01  8.488863e-03  1.913115e+01  2.006867e-01  1.166809e-01  1.270012e-02
    70  -9.573401e-01  -9.627884e-01  9.108117e-03  1.896601e+01  2.004332e-01  1.177712e-01  1.276336e-02
    71  -9.463699e-01  -9.518203e-01  9.770334e-03  1.879449e+01  2.001678e-01  1.189247e-01  1.282996e-02
    72  -9.353945e-01  -9.408475e-01  1.047826e-02  1.861644e+01  1.998901e-01  1.201456e-01  1.290012e-02
    73  -9.244132e-01  -9.298691e-01  1.123480e-02  1.843171e+01  1.995994e-01  1.214380e-01  1.297404e-02
    74  -9.134250e-01  -9.188843e-01  1.204299e-02  1.824017e+01  1.992952e-01  1.228069e-01  1.305193e-02
    75  -9.024292e-01  -9.078923e-01  1.290606e-02  1.804167e+01  1.989770e-01  1.242573e-01  1.313403e-02
    76  -8.914248e-01  -8.968921e-01  1.382737e-02  1.783610e+01  1.986441e-01  1.257947e-01  1.322056e-02
    77  -8.804106e-01  -8.858828e-01  1.481049e-02  1.762334e+01  1.982960e-01  1.274250e-01  1.331180e-02
    78  -8.693856e-01  -8.748631e-01  1.585915e-02  1.740329e+01  1.979319e-01  1.291549e-01  1.340801e-02
    79  -8.583486e-01  -8.638320e-01  1.697728e-02  1.717584e+01  1.975514e-01  1.309911e-01  1.350948e-02
    80  -8.472983e-01  -8.527883e-01  1.816896e-02  1.694093e+01  1.971536e-01  1.329415e-01  1.361654e-02
    81  -8.362334e-01  -8.417306e-01  1.943850e-02  1.669848e+01  1.967379e-01  1.350141e-01  1.372952e-02
    82  -8.251525e-01  -8.306576e-01  2.079041e-02  1.644845e+01  1.963035e-01  1.372180e-01  1.384877e-02
    83  -8.140538e-01  -8.195677e-01  2.222937e-02  1.619081e+01  1.958498e-01  1.395629e-01  1.397468e-02
    84  -8.029359e-01  -8.084593e-01  2.376030e-02  1.592553e+01  1.953759e-01  1.420596e-01  1.410767e-02
    85  -7.917970e-01  -7.973308e-01  2.538829e-02  1.565264e+01  1.948810e-01  1.447197e-01  1.424818e-02
    86  -7.806352e-01  -7.861802e-01  2.711870e-02  1.537215e+01  1.943644e-01  1.475561e-01  1.439667e-02
    87  -7.694483e-01  -7.750057e-01  2.895704e-02  1.508412e+01  1.938251e-01  1.505827e-01  1.455368e-02
    88  -7.582344e-01  -7.638052e-01  3.090905e-02  1.478863e+01  1.932623e-01  1.538149e-01  1.471974e-02
    89  -7.469911e-01  -7.525764e-01  3.298073e-02  1.448578e+01  1.926752e-01  1.572697e-01  1.489546e-02
    90  -7.357161e-01  -7.413170e-01  3.517823e-02  1.417571e+01  1.920627e-01  1.609658e-01  1.508148e-02
    91  -7.244065e-01  -7.300245e-01  3.750796e-02  1.385857e+01  1.914240e-01  1.649239e-01  1.527849e-02
    92  -7.130598e-01  -7.186961e-01  3.997652e-02  1.353455e+01  1.907580e-01  1.691666e-01  1.548725e-02
    93  -7.016728e-01  -7.073290e-01  4.259071e-02  1.320389e+01  1.900638e-01  1.737195e-01  1.570859e-02
    94  -6.902426e-01  -6.959201e-01  4.535754e-02  1.286683e+01  1.893402e-01  1.786104e-01  1.594338e-02
    95  -6.787654e-01  -6.844661e-01  4.828429e-02  1.252368e+01  1.885864e-01  1.838709e-01  1.619260e-02
    96  -6.672379e-01  -6.729634e-01  5.137828e-02  1.217474e+01  1.878010e-01  1.895358e-01  1.645731e-02
    97  -6.556562e-01  -6.614085e-01  5.464712e-02  1.182039e+01  1.869832e-01  1.956442e-01  1.673866e-02
    98  -6.440161e-01  -6.497972e-01  5.809861e-02  1.146102e+01  1.861316e-01  2.022398e-01  1.703790e-02
    99  -6.323131e-01  -6.381252e-01  6.174066e-02  1.109708e+01  1.852451e-01  2.093718e-01  1.735642e-02
   100  -6.205424e-01  -6.263879e-01  6.558137e-02  1.072901e+01  1.843224e-01  2.170956e-01  1.769574e-02
   101  -6.086991e-01  -6.145804e-01  6.962896e-02  1.035735e+01  1.833625e-01  2.254739e-01  1.805753e-02
   102  -5.967775e-01  -6.026974e-01  7.389183e-02  9.982617e+00  1.823638e-01  2.345774e-01  1.844362e-02
   103  -5.847719e-01  -5.907332e-01  7.837842e-02  9.605403e+00  1.813252e-01  2.444867e-01  1.885606e-02
   104  -5.726759e-01  -5.786818e-01  8.309731e-02  9.226316e+00  1.802453e-01  2.552934e-01  1.929708e-02
   105  -5.604827e-01  -5.665365e-01  8.805718e-02  8.846003e+00  1.791227e-01  2.671023e-01  1.976919e-02
   106  -5.481851e-01  -5.542904e-01  9.326673e-02  8.465137e+00  1.779560e-01  2.800333e-01  2.027517e-02
   107  -5.357751e-01  -5.419358e-01  9.873473e-02  8.084426e+00  1.767437e-01  2.942245e-01  2.081810e-02
   108  -5.232443e-01  -5.294645e-01  1.044700e-01  7.704600e+00  1.754844e-01  3.098351e-01  2.140146e-02
   109  -5.105834e-01  -5.168677e-01  1.104813e-01  7.326414e+00  1.741765e-01  3.270497e-01  2.202913e-02
   110  -4.977825e-01  -5.041358e-01  1.167774e-01  6.950645e+00  1.728184e-01  3.460827e-01  2.270546e-02
   111  -4.848310e-01  -4.912585e-01  1.233670e-01  6.578086e+00  1.714085e-01  3.671844e-01  2.343537e-02
   112  -4.717170e-01  -4.782245e-01  1.302589e-01  6.209544e+00  1.699453e-01  3.906481e-01  2.422442e-02
   113  -4.584280e-01  -4.650217e-01  1.374615e-01  5.845834e+00  1.684269e-01  4.168194e-01  2.507892e-02
   114  -4.449500e-01  -4.516367e-01  1.449834e-01  5.487775e+00  1.668516e-01  4.461064e-01  2.600605e-02
   115  -4.312680e-01  -4.380551e-01  1.528329e-01  5.136189e+00  1.652177e-01  4.789947e-01  2.701401e-02
   116  -4.173656e-01  -4.242612e-01  1.610180e-01  4.791889e+00  1.635233e-01  5.160639e-01  2.811218e-02
   117  -4.032248e-01  -4.102377e-01  1.695469e-01  4.455678e+00  1.617666e-01  5.580098e-01  2.931139e-02
   118  -3.888256e-01  -3.959655e-01  1.784273e-01  4.128342e+00  1.599456e-01  6.056731e-01  3.062413e-02
   119  -3.741464e-01  -3.814240e-01  1.876667e-01  3.810644e+00  1.580583e-01  6.600744e-01  3.206490e-02
   120  -3.591632e-01  -3.665902e-01  1.972725e-01  3.503320e+00  1.561029e-01  7.224616e-01  3.365057e-02
   121  -3.438495e-01  -3.514388e-01  2.072515e-01  3.207069e+00  1.540772e-01  7.943696e-01  3.540092e-02
   122  -3.281759e-01  -3.359420e-01  2.176105e-01  2.922547e+00  1.519791e-01  8.777008e-01  3.733920e-02
   123  -3.121099e-01  -3.200686e-01  2.283559e-01  2.650366e+00  1.498066e-01  9.748295e-01  3.949293e-02
   124  -2.956152e-01  -3.037842e-01  2.394938e-01  2.391080e+00  1.475576e-01  1.088742e+00  4.189478e-02
   125  -2.786512e-01  -2.870504e-01  2.510298e-01  2.145181e+00  1.452300e-01  1.223229e+00  4.458386e-02
   126  -2.611727e-01  -2.698240e-01  2.629693e-01  1.913096e+00  1.428216e-01  1.383140e+00  4.760716e-02
   127  -2.431287e-01  -2.520570e-01  2.753172e-01  1.695177e+00  1.403307e-01  1.574739e+00  5.102158e-02
   128  -2.244620e-01  -2.336951e-01  2.880780e-01  1.491695e+00  1.377551e-01  1.806201e+00  5.489639e-02
   129  -2.051079e-01  -2.146771e-01  3.012559e-01  1.302835e+00  1.350934e-01  2.088303e+00  5.931657e-02
   130  -1.849934e-01  -1.949342e-01  3.148546e-01  1.128690e+00  1.323439e-01  2.435417e+00  6.438704e-02
   131  -1.640356e-01  -1.743881e-01  3.288774e-01  9.692563e-01  1.295056e-01  2.866930e+00  7.023833e-02
   132  -1.421408e-01  -1.529503e-01  3.433271e-01  8.244277e-01  1.265779e-01  3.409325e+00  7.703401e-02
   133  -1.192022e-01  -1.305201e-01  3.582062e-01  6.939924e-01  1.235610e-01  4.099252e+00  8.498059e-02
   134  -9.509910e-02  -1.069835e-01  3.735166e-01  5.776285e-01  1.204558e-01  4.988128e+00  9.434082e-02
   135  -6.969468e-02  -8.221116e-02  3.892599e-01  4.749030e-01  1.172646e-01  6.149100e+00  1.054513e-01
   136  -4.283517e-02  -5.605731e-02  4.054373e-01  3.852700e-01  1.139915e-01  7.687738e+00  1.187460e-01
   137  -1.434916e-02  -2.835865e-02  4.220493e-01  3.080714e-01  1.106426e-01  9.758598e+00  1.347879e-01
   138  1.595137e-02  1.065309e-03  4.390963e-01  2.425411e-01  1.072267e-01  1.259109e+01  1.543099e-01
   139  4.826757e-02  3.240999e-02  4.565780e-01  1.878100e-01  1.037561e-01  1.653006e+01  1.782673e-01
   140  8.280574e-02  6.587991e-02  4.744939e-01  1.429172e-01  1.002472e-01  2.209934e+01  2.079024e-01
   141  1.197627e-01  1.016772e-01  4.928430e-01  1.068247e-01  9.672070e-02  3.010016e+01  2.448174e-01
   142  1.593019e-01  1.399821e-01  5.116240e-01  7.843835e-02  9.320199e-02  4.175985e+01  2.910455e-01
   143  2.015171e-01  1.809222e-01  5.308350e-01  5.663690e-02  8.971990e-02  5.894625e+01  3.490950e-01
   144  2.463855e-01  2.245305e-01  5.504739e-01  4.030600e-02  8.630467e-02  8.445263e+01  4.219255e-01
   145  2.937157e-01  2.706950e-01  5.705382e-01  2.837827e-02  8.298429e-02  1.223253e+02  5.127987e-01
   146  3.431055e-01  3.191123e-01  5.910251e-01  1.987412e-02  7.978005e-02  1.781414e+02  6.249520e-01
   147  3.939329e-01  3.692624e-01  6.119315e-01  1.393734e-02  7.670297e-02  2.590681e+02  7.610999e-01
   148  4.453994e-01  4.204281e-01  6.332539e-01  9.858537e-03  7.375319e-02  3.735056e+02  9.228712e-01
   149  4.966264e-01  4.717677e-01  6.549885e-01  7.081645e-03  7.092347e-02  5.302381e+02  1.110390e+00
   150  5.467774e-01  5.224254e-01  6.771312e-01  5.193514e-03  6.820506e-02  7.372765e+02  1.322205e+00
   151  5.951630e-01  5.716437e-01  6.996779e-01  3.901391e-03  6.559283e-02  1.000812e+03  1.555607e+00
   152  6.412990e-01  6.188434e-01  7.226239e-01  3.005535e-03  6.308689e-02  1.324673e+03  1.807204e+00
   153  6.849109e-01  6.636522e-01  7.459645e-01  2.373205e-03  6.069110e-02  1.710418e+03  2.073517e+00
   154  7.259018e-01  7.058898e-01  7.696946e-01  1.917469e-03  5.841025e-02  2.157879e+03  2.351413e+00
   155  7.643054e-01  7.455279e-01  7.938092e-01  1.581644e-03  5.624768e-02  2.665869e+03  2.638342e+00
   156  8.002395e-01  7.826440e-01  8.183029e-01  1.328621e-03  5.420411e-02  3.232830e+03  2.932386e+00
   157  8.338686e-01  8.173794e-01  8.431702e-01  1.133860e-03  5.227755e-02  3.857296e+03  3.232217e+00
   158  8.653778e-01  8.499089e-01  8.684054e-01  9.809059e-04  5.046372e-02  4.538194e+03  3.536995e+00
   159  8.949554e-01  8.804183e-01  8.940028e-01  8.585413e-04  4.875676e-02  5.274987e+03  3.846270e+00
   160  9.227829e-01  9.090920e-01  9.199565e-01  7.589837e-04  4.714989e-02  6.067743e+03  4.159883e+00
   161  9.490294e-01  9.361044e-01  9.462603e-01  6.767375e-04  4.563593e-02  6.917137e+03  4.477898e+00
   162  9.738494e-01  9.616167e-01  9.729084e-01  6.078530e-04  4.420766e-02  7.824429e+03  4.800536e+00
   163  9.973823e-01  9.857752e-01  9.998945e-01  5.494432e-04  4.285814e-02  8.791451e+03  5.128138e+00
   164  1.019753e+00  1.008712e+00  1.027212e+00  4.993637e-04  4.158077e-02  9.820571e+03  5.461136e+00
   165  1.041073e+00  1.030544e+00  1.054856e+00  4.559974e-04  4.036946e-02  1.091468e+04  5.800028e+00
   166  1.061441e+00  1.051376e+00  1.082819e+00  4.181074e-04  3.921861e-02  1.207720e+04  6.145366e+00
   167  1.080945e+00  1.071302e+00  1.111094e+00  3.847348e-04  3.812310e-02  1.331203e+04  6.497748e+00
   168  1.099664e+00  1.090405e+00  1.139677e+00  3.551273e-04  3.707835e-02  1.462365e+04  6.857811e+00
   169  1.117668e+00  1.108759e+00  1.168559e+00  3.286876e-04  3.608019e-02  1.601704e+04  7.226229e+00
   170  1.135019e+00  1.126430e+00  1.197736e+00  3.049362e-04  3.512490e-02  1.749780e+04  7.603714e+00
   171  1.151773e+00  1.143476e+00  1.227200e+00  2.834846e-04  3.420914e-02  1.907214e+04  7.991015e+00
   172  1.167980e+00  1.159952e+00  1.256946e+00  2.640152e-04  3.332994e-02  2.074693e+04  8.388919e+00
   173  1.183687e+00  1.175905e+00  1.286966e+00  2.462656e-04  3.248466e-02  2.252979e+04  8.798259e+00
   174  1.198934e+00  1.191377e+00  1.317256e+00  2.300176e-04  3.167093e-02  2.442916e+04  9.219914e+00
   175  1.213758e+00  1.206409e+00  1.347808e+00  2.150884e-04  3.088667e-02  2.645437e+04  9.654809e+00
   176  1.228194e+00  1.221036e+00  1.378616e+00  2.013237e-04  3.013005e-02  2.861575e+04  1.010393e+01
   177  1.242273e+00  1.235291e+00  1.409675e+00  1.885923e-04  2.939946e-02  3.092477e+04  1.056832e+01
   178  1.256024e+00  1.249203e+00  1.440978e+00  1.767821e-04  2.869347e-02  3.339413e+04  1.104910e+01
   179  1.269473e+00  1.262800e+00  1.472519e+00  1.657968e-04  2.801087e-02  3.603799e+04  1.154746e+01
   180  1.282645e+00  1.276109e+00  1.504292e+00  1.555532e-04  2.735061e-02  3.887207e+04  1.206465e+01
   181  1.295562e+00  1.289151e+00  1.536292e+00  1.459789e-04  2.671180e-02  4.191391e+04  1.260205e+01
   182  1.308248e+00  1.301951e+00  1.568512e+00  1.370112e-04  2.609367e-02  4.518313e+04  1.316110e+01
   183  1.320721e+00  1.314529e+00  1.600947e+00  1.285949e-04  2.549561e-02  4.870163e+04  1.374337e+01
   184  1.333002e+00  1.326905e+00  1.633591e+00  1.206817e-04  2.491712e-02  5.249400e+04  1.435054e+01
   185  1.345109e+00  1.339098e+00  1.666439e+00  1.132290e-04  2.435780e-02  5.658785e+04  1.498442e+01
   186  1.357060e+00  1.351126e+00  1.699484e+00  1.061996e-04  2.381733e-02  6.101417e+04  1.564695e+01
   187  1.368872e+00  1.363006e+00  1.732722e+00  9.956026e-05  2.329550e-02  6.580789e+04  1.634025e+01
   188  1.380561e+00  1.374756e+00  1.766147e+00  9.328203e-05  2.279213e-02  7.100838e+04  1.706657e+01
   189  1.392144e+00  1.386391e+00  1.799754e+00  8.733924e-05  2.230710e-02  7.666003e+04  1.782836e+01
   190  1.403637e+00  1.397928e+00  1.833536e+00  8.170940e-05  2.184033e-02  8.281297e+04  1.862825e+01
   191  1.415054e+00  1.409383e+00  1.867490e+00  7.637281e-05  2.139173e-02  8.952376e+04  1.946908e+01
   192  1.426413e+00  1.420771e+00  1.901609e+00  7.131221e-05  2.096118e-02  9.685639e+04  2.035391e+01
   193  1.437726e+00  1.432106e+00  1.935889e+00  6.651258e-05  2.054853e-02  1.048832e+05  2.128607e+01
   194  1.449010e+00  1.443405e+00  1.970325e+00  6.196092e-05  2.015355e-02  1.136858e+05  2.226912e+01
   195  1.460279e+00  1.454681e+00  2.004912e+00  5.764605e-05  1.977592e-02  1.233565e+05  2.330691e+01
   196  1.471547e+00  1.465950e+00  2.039645e+00  5.355842e-05  1.941519e-02  1.339990e+05  2.440356e+01
   197  1.482828e+00  1.477224e+00  2.074518e+00  4.968978e-05  1.907074e-02  1.457300e+05  2.556351e+01
   198  1.494135e+00  1.488518e+00  2.109526e+00  4.603294e-05  1.874181e-02  1.586812e+05  2.679154e+01
   199  1.505480e+00  1.499845e+00  2.144666e+00  4.258151e-05  1.842742e-02  1.730002e+05  2.809279e+01
   200  1.516877e+00  1.511216e+00  2.179932e+00  3.932976e-05  1.812644e-02  1.888524e+05  2.947276e+01
   201  1.528335e+00  1.522644e+00  2.215319e+00  3.627224e-05  1.783755e-02  2.064230e+05  3.093734e+01
   202  1.539866e+00  1.534139e+00  2.250822e+00  3.340356e-05  1.755927e-02  2.259196e+05  3.249287e+01
   203  1.551477e+00  1.545710e+00  2.286438e+00  3.071822e-05  1.729006e-02  2.475744e+05  3.414613e+01
   204  1.563178e+00  1.557367e+00  2.322160e+00  2.821044e-05  1.702829e-02  2.716469e+05  3.590437e+01
   205  1.574975e+00  1.569116e+00  2.357985e+00  2.587398e-05  1.677237e-02  2.984280e+05  3.777539e+01
   206  1.586872e+00  1.580964e+00  2.393907e+00  2.370215e-05  1.652080e-02  3.282440e+05  3.976751e+01
   207  1.598876e+00  1.592916e+00  2.429923e+00  2.168777e-05  1.627219e-02  3.614615e+05  4.188971e+01
   208  1.610989e+00  1.604975e+00  2.466027e+00  1.982327e-05  1.602535e-02  3.984933e+05  4.415159e+01
   209  1.623213e+00  1.617144e+00  2.502214e+00  1.810075e-05  1.577931e-02  4.398042e+05  4.656348e+01
   210  1.635550e+00  1.629425e+00  2.538480e+00  1.651214e-05  1.553330e-02  4.859200e+05  4.913650e+01
   211  1.648000e+00  1.641820e+00  2.574820e+00  1.504930e-05  1.528677e-02  5.374348e+05  5.188259e+01
   212  1.660565e+00  1.654328e+00  2.611229e+00  1.370417e-05  1.503936e-02  5.950215e+05  5.481467e+01
   213  1.673244e+00  1.666951e+00  2.647704e+00  1.246886e-05  1.479083e-02  6.594427e+05  5.794663e+01
   214  1.686037e+00  1.679688e+00  2.684236e+00  1.133577e-05  1.454109e-02  7.315612e+05  6.129342e+01
   215  1.698942e+00  1.692537e+00  2.720824e+00  1.029758e-05  1.429014e-02  8.123562e+05  6.487120e+01
   216  1.711959e+00  1.705500e+00  2.757461e+00  9.347349e-06  1.403801e-02  9.029396e+05  6.869746e+01
   217  1.725087e+00  1.718573e+00  2.794143e+00  8.478483e-06  1.378483e-02  1.004572e+06  7.279105e+01
   218  1.738325e+00  1.731756e+00  2.830864e+00  7.684781e-06  1.353072e-02  1.118686e+06  7.717233e+01
   219  1.751670e+00  1.745048e+00  2.867619e+00  6.960416e-06  1.327584e-02  1.246906e+06  8.186329e+01
   220  1.765121e+00  1.758447e+00  2.904402e+00  6.299919e-06  1.302036e-02  1.391085e+06  8.688780e+01
   221  1.778676e+00  1.771951e+00  2.941208e+00  5.698182e-06  1.276447e-02  1.553325e+06  9.227163e+01
   222  1.792334e+00  1.785559e+00  2.978032e+00  5.150442e-06  1.250837e-02  1.736022e+06  9.804267e+01
   223  1.806093e+00  1.799268e+00  3.014867e+00  4.652268e-06  1.225225e-02  1.941902e+06  1.042311e+02
   224  1.819950e+00  1.813077e+00  3.051708e+00  4.199541e-06  1.199631e-02  2.174074e+06  1.108697e+02
   225  1.833905e+00  1.826984e+00  3.088549e+00  3.788432e-06  1.174075e-02  2.436086e+06  1.179940e+02
   226  1.847953e+00  1.840986e+00  3.125383e+00  3.415396e-06  1.148579e-02  2.731986e+06  1.256426e+02
   227  1.862094e+00  1.855081e+00  3.162204e+00  3.077165e-06  1.123163e-02  3.066392e+06  1.338569e+02
   228  1.876325e+00  1.869268e+00  3.199004e+00  2.770722e-06  1.097845e-02  3.444582e+06  1.426825e+02
   229  1.890645e+00  1.883544e+00  3.235778e+00  2.493280e-06  1.072641e-02  3.872593e+06  1.521686e+02
   230  1.905050e+00  1.897907e+00  3.272518e+00  2.242268e-06  1.047568e-02  4.357339e+06  1.623689e+02
   231  1.919539e+00  1.912355e+00  3.309218e+00  2.015316e-06  1.022650e-02  4.906744e+06  1.733416e+02
   232  1.934109e+00  1.926885e+00  3.345867e+00  1.810257e-06  9.979036e-03  5.529878e+06  1.851499e+02
   233  1.948758e+00  1.941495e+00  3.382461e+00  1.625110e-06  9.733391e-03  6.237136e+06  1.978629e+02
   234  1.963484e+00  1.956184e+00  3.418989e+00  1.458040e-06  9.489773e-03  7.040488e+06  2.115559e+02
   235  1.978285e+00  1.970948e+00  3.455443e+00  1.307384e-06  9.248294e-03  7.953644e+06  2.263109e+02
   236  1.993159e+00  1.985786e+00  3.491816e+00  1.171609e-06  9.009111e-03  8.992413e+06  2.422174e+02
   237  2.008103e+00  2.000695e+00  3.528096e+00  1.049317e-06  8.772406e-03  1.017499e+07  2.593732e+02
   238  2.023115e+00  2.015674e+00  3.564275e+00  9.392466e-07  8.538193e-03  1.152225e+07  2.778849e+02
   239  2.038193e+00  2.030719e+00  3.600342e+00  8.402302e-07  8.306625e-03  1.305838e+07  2.978697e+02
   240  2.053335e+00  2.045830e+00  3.636288e+00  7.512102e-07  8.077799e-03  1.481126e+07  3.194556e+02
   241  2.068539e+00  2.061003e+00  3.672101e+00  6.712137e-07  7.851943e-03  1.681321e+07  3.427826e+02
   242  2.083802e+00  2.076238e+00  3.707770e+00  5.993855e-07  7.628919e-03  1.910127e+07  3.680045e+02
   243  2.099124e+00  2.091531e+00  3.743285e+00  5.349237e-07  7.408840e-03  2.171866e+07  3.952908e+02
   244  2.114502e+00  2.106881e+00  3.778631e+00  4.770852e-07  7.192100e-03  2.471589e+07  4.248268e+02
   245  2.129933e+00  2.122286e+00  3.813796e+00  4.252387e-07  6.978463e-03  2.815057e+07  4.568161e+02
   246  2.145417e+00  2.137744e+00  3.848769e+00  3.787906e-07  6.767946e-03  3.209020e+07  4.914844e+02
   247  2.160951e+00  2.153253e+00  3.883532e+00  3.371846e-07  6.560948e-03  3.661416e+07  5.290791e+02
   248  2.176533e+00  2.168812e+00  3.918075e+00  2.999624e-07  6.356978e-03  4.181266e+07  5.698742e+02
   249  2.192163e+00  2.184418e+00  3.952381e+00  2.666648e-07  6.156409e-03  4.779368e+07  6.141736e+02
   250  2.207837e+00  2.200070e+00  3.986434e+00  2.368860e-07  5.959533e-03  5.468327e+07  6.623110e+02
   251  2.223555e+00  2.215767e+00  4.020220e+00  2.102920e-07  5.765761e-03  6.262517e+07  7.146577e+02
   252  2.239315e+00  2.231506e+00  4.053721e+00  1.865388e-07  5.575599e-03  7.179349e+07  7.716269e+02
   253  2.255114e+00  2.247286e+00  4.086918e+00  1.653367e-07  5.389056e-03  8.238998e+07  8.336750e+02
   254  2.270953e+00  2.263106e+00  4.119796e+00  1.464362e-07  5.205664e-03  9.464847e+07  9.013128e+02
   255  2.286830e+00  2.278964e+00  4.152333e+00  1.295771e-07  5.026225e-03  1.088556e+08  9.751080e+02
   256  2.302742e+00  2.294858e+00  4.184514e+00  1.145704e-07  4.849826e-03  1.253328e+08  1.055695e+03
   257  2.318689e+00  2.310788e+00  4.216317e+00  1.012082e-07  4.677009e-03  1.444774e+08  1.143788e+03
   258  2.334669e+00  2.326752e+00  4.247720e+00  8.931390e-08  4.508031e-03  1.667583e+08  1.240180e+03
   259  2.350681e+00  2.342748e+00  4.278704e+00  7.874787e-08  4.342082e-03  1.927135e+08  1.345765e+03
   260  2.366723e+00  2.358776e+00  4.309247e+00  6.935686e-08  4.179805e-03  2.230142e+08  1.461555e+03
   261  2.382796e+00  2.374834e+00  4.339327e+00  6.101987e-08  4.020970e-03  2.584421e+08  1.588681e+03
   262  2.398897e+00  2.390921e+00  4.368920e+00  5.362354e-08  3.865605e-03  2.999410e+08  1.728428e+03
   263  2.415025e+00  2.407036e+00  4.398003e+00  4.706758e-08  3.713634e-03  3.486411e+08  1.882250e+03
   264  2.431180e+00  2.423178e+00  4.426551e+00  4.126035e-08  3.565114e-03  4.059106e+08  2.051798e+03
   265  2.447360e+00  2.439345e+00  4.454541e+00  3.612130e-08  3.419974e-03  4.733967e+08  2.238951e+03
   266  2.463565e+00  2.455538e+00  4.481946e+00  3.157730e-08  3.278225e-03  5.531026e+08  2.445856e+03
   267  2.479792e+00  2.471754e+00  4.508746e+00  2.756692e-08  3.139388e-03  6.474247e+08  2.674984e+03
   268  2.496043e+00  2.487994e+00  4.534908e+00  2.402237e-08  3.004521e-03  7.594454e+08  2.929154e+03
   269  2.512315e+00  2.504255e+00  4.560415e+00  2.090362e-08  2.872130e-03  8.926403e+08  3.211626e+03
   270  2.528608e+00  2.520538e+00  4.585232e+00  1.815170e-08  2.743794e-03  1.051736e+09  3.526170e+03
   271  2.544921e+00  2.536841e+00  4.609339e+00  1.573528e-08  2.618050e-03  1.242043e+09  3.877141e+03
   272  2.561254e+00  2.553164e+00  4.632710e+00  1.361155e-08  2.495631e-03  1.470626e+09  4.269665e+03
   273  2.577605e+00  2.569507e+00  4.655317e+00  1.174762e-08  2.376531e-03  1.746138e+09  4.709677e+03
   274  2.593974e+00  2.585867e+00  4.677135e+00  1.011544e-08  2.260414e-03  2.079319e+09  5.204168e+03
   275  2.610361e+00  2.602245e+00  4.698144e+00  8.688953e-09  2.147065e-03  2.483762e+09  5.761446e+03
   276  2.626764e+00  2.618640e+00  4.718316e+00  7.441711e-09  2.037146e-03  2.977256e+09  6.391316e+03
   277  2.643184e+00  2.635052e+00  4.737631e+00  6.355858e-09  1.929812e-03  3.581528e+09  7.105476e+03
   278  2.659619e+00  2.651479e+00  4.756067e+00  5.410604e-09  1.825557e-03  4.325701e+09  7.918030e+03
   279  2.676068e+00  2.667921e+00  4.773601e+00  4.589188e-09  1.724493e-03  5.247271e+09  8.845842e+03
   280  2.692533e+00  2.684378e+00  4.790222e+00  3.879465e-09  1.625506e-03  6.393429e+09  9.909632e+03
   281  2.709010e+00  2.700850e+00  4.805906e+00  3.264189e-09  1.530192e-03  7.831623e+09  1.113466e+04
   282  2.725501e+00  2.717334e+00  4.820645e+00  2.735360e-09  1.436929e-03  9.644234e+09  1.255199e+04
   283  2.742005e+00  2.733831e+00  4.834423e+00  2.279846e-09  1.346991e-03  1.195122e+10  1.420047e+04
   284  2.758519e+00  2.750341e+00  4.847237e+00  1.890494e-09  1.259227e-03  1.490639e+10  1.612865e+04
   285  2.775045e+00  2.766861e+00  4.859082e+00  1.558052e-09  1.174133e-03  1.873094e+10  1.839874e+04
   286  2.791580e+00  2.783391e+00  4.869952e+00  1.274819e-09  1.092177e-03  2.373585e+10  2.108953e+04
   287  2.808122e+00  2.799930e+00  4.879856e+00  1.035665e-09  1.012322e-03  3.034739e+10  2.430349e+04
   288  2.824670e+00  2.816475e+00  4.888804e+00  8.342730e-10  9.349499e-04  3.920104e+10  2.817666e+04
   289  2.841220e+00  2.833024e+00  4.896806e+00  6.654806e-10  8.602519e-04  5.123323e+10  3.288949e+04
   290  2.857767e+00  2.849573e+00  4.903884e+00  5.250739e-10  7.880282e-04  6.784357e+10  3.868625e+04
   291  2.874305e+00  2.866115e+00  4.910061e+00  4.090876e-10  7.183974e-04  9.120135e+10  4.590365e+04
   292  2.890820e+00  2.882641e+00  4.915372e+00  3.141136e-10  6.514195e-04  1.247334e+11  5.501283e+04
   293  2.907295e+00  2.899135e+00  4.919859e+00  2.374503e-10  5.863266e-04  1.739232e+11  6.669321e+04
   294  2.923698e+00  2.915574e+00  4.923565e+00  1.757809e-10  5.248103e-04  2.483288e+11  8.193146e+04
   295  2.939974e+00  2.931912e+00  4.926545e+00  1.272841e-10  4.660699e-04  3.639152e+11  1.021704e+05
   296  2.956026e+00  2.948074e+00  4.928872e+00  9.009919e-11  4.091182e-04  5.487250e+11  1.296143e+05
   297  2.971671e+00  2.963919e+00  4.930605e+00  6.172764e-11  3.576126e-04  8.566707e+11  1.674910e+05
   298  2.986555e+00  2.979177e+00  4.931833e+00  4.137742e-11  3.086100e-04  1.375725e+12  2.202171e+05
   299  3.000000e+00  2.993330e+00  4.932628e+00  2.689615e-11  2.696382e-04  2.264223e+12  2.922146e+05
