     i         log_r      log_rmid             m           rho            v2             p        trelax            kn
     0  -2.800222e+00  -3.101252e+00  4.936543e-05  3.725719e+04  1.192509e+00  4.442952e+04  2.457871e-05  1.912526e-04
     1  -2.794003e+00  -2.797101e+00  5.153900e-05  3.737085e+04  1.188882e+00  4.442952e+04  2.454131e-05  1.912526e-04
     2  -2.787787e+00  -2.790884e+00  5.380601e-05  3.735973e+04  1.188776e+00  4.441236e+04  2.454970e-05  1.912896e-04
     3  -2.781564e+00  -2.784665e+00  5.617461e-05  3.734829e+04  1.188668e+00  4.439471e+04  2.455834e-05  1.913276e-04
     4  -2.775342e+00  -2.778442e+00  5.864622e-05  3.733651e+04  1.188556e+00  4.437653e+04  2.456725e-05  1.913668e-04
     5  -2.769126e+00  -2.772223e+00  6.122269e-05  3.732440e+04  1.188441e+00  4.435784e+04  2.457641e-05  1.914071e-04
     6  -2.762899e+00  -2.766002e+00  6.391625e-05  3.731193e+04  1.188323e+00  4.433861e+04  2.458584e-05  1.914486e-04
     7  -2.756671e+00  -2.759774e+00  6.672776e-05  3.729909e+04  1.188201e+00  4.431880e+04  2.459557e-05  1.914914e-04
     8  -2.750437e+00  -2.753543e+00  6.966511e-05  3.728587e+04  1.188075e+00  4.429841e+04  2.460559e-05  1.915355e-04
     9  -2.744211e+00  -2.747313e+00  7.272580e-05  3.727227e+04  1.187946e+00  4.427744e+04  2.461591e-05  1.915808e-04
    10  -2.737979e+00  -2.741084e+00  7.592335e-05  3.725828e+04  1.187813e+00  4.425587e+04  2.462653e-05  1.916275e-04
    11  -2.731750e+00  -2.734853e+00  7.925890e-05  3.724389e+04  1.187676e+00  4.423368e+04  2.463746e-05  1.916756e-04
    12  -2.725517e+00  -2.728622e+00  8.274157e-05  3.722908e+04  1.187535e+00  4.421084e+04  2.464873e-05  1.917250e-04
    13  -2.719288e+00  -2.722391e+00  8.637379e-05  3.721384e+04  1.187391e+00  4.418736e+04  2.466032e-05  1.917760e-04
    14  -2.713059e+00  -2.716162e+00  9.016405e-05  3.719817e+04  1.187241e+00  4.416321e+04  2.467226e-05  1.918284e-04
    15  -2.706819e+00  -2.709928e+00  9.412640e-05  3.718203e+04  1.187088e+00  4.413835e+04  2.468456e-05  1.918824e-04
    16  -2.700584e+00  -2.703690e+00  9.825814e-05  3.716543e+04  1.186930e+00  4.411276e+04  2.469723e-05  1.919381e-04
    17  -2.694341e+00  -2.697451e+00  1.025750e-04  3.714834e+04  1.186767e+00  4.408644e+04  2.471029e-05  1.919954e-04
    18  -2.688107e+00  -2.691213e+00  1.070736e-04  3.713077e+04  1.186600e+00  4.405937e+04  2.472373e-05  1.920543e-04
    19  -2.681868e+00  -2.684976e+00  1.117716e-04  3.711269e+04  1.186428e+00  4.403153e+04  2.473756e-05  1.921150e-04
    20  -2.675629e+00  -2.678738e+00  1.166741e-04  3.709410e+04  1.186251e+00  4.400290e+04  2.475181e-05  1.921775e-04
    21  -2.669390e+00  -2.672498e+00  1.217905e-04  3.707497e+04  1.186068e+00  4.397344e+04  2.476649e-05  1.922419e-04
    22  -2.663148e+00  -2.666258e+00  1.271309e-04  3.705528e+04  1.185881e+00  4.394315e+04  2.478160e-05  1.923081e-04
    23  -2.656910e+00  -2.660018e+00  1.327005e-04  3.703504e+04  1.185688e+00  4.391199e+04  2.479716e-05  1.923764e-04
    24  -2.650668e+00  -2.653778e+00  1.385159e-04  3.701422e+04  1.185489e+00  4.387995e+04  2.481319e-05  1.924466e-04
    25  -2.644425e+00  -2.647536e+00  1.445845e-04  3.699280e+04  1.185285e+00  4.384699e+04  2.482970e-05  1.925189e-04
    26  -2.638185e+00  -2.641294e+00  1.509149e-04  3.697077e+04  1.185074e+00  4.381311e+04  2.484670e-05  1.925933e-04
    27  -2.631936e+00  -2.635049e+00  1.575290e-04  3.694810e+04  1.184858e+00  4.377824e+04  2.486422e-05  1.926700e-04
    28  -2.625693e+00  -2.628803e+00  1.644237e-04  3.692478e+04  1.184635e+00  4.374238e+04  2.488226e-05  1.927490e-04
    29  -2.619450e+00  -2.622560e+00  1.716176e-04  3.690081e+04  1.184406e+00  4.370553e+04  2.490083e-05  1.928302e-04
    30  -2.613206e+00  -2.616317e+00  1.791246e-04  3.687616e+04  1.184170e+00  4.366764e+04  2.491996e-05  1.929138e-04
    31  -2.606959e+00  -2.610071e+00  1.869613e-04  3.685080e+04  1.183928e+00  4.362867e+04  2.493966e-05  1.930000e-04
    32  -2.600711e+00  -2.603824e+00  1.951388e-04  3.682471e+04  1.183678e+00  4.358859e+04  2.495996e-05  1.930887e-04
    33  -2.594466e+00  -2.597577e+00  2.036668e-04  3.679789e+04  1.183421e+00  4.354739e+04  2.498087e-05  1.931800e-04
    34  -2.588218e+00  -2.591331e+00  2.125676e-04  3.677031e+04  1.183157e+00  4.350504e+04  2.500239e-05  1.932740e-04
    35  -2.581969e+00  -2.585082e+00  2.218557e-04  3.674194e+04  1.182885e+00  4.346149e+04  2.502457e-05  1.933708e-04
    36  -2.575722e+00  -2.578835e+00  2.315430e-04  3.671277e+04  1.182605e+00  4.341672e+04  2.504742e-05  1.934705e-04
    37  -2.569473e+00  -2.572587e+00  2.416522e-04  3.668278e+04  1.182318e+00  4.337070e+04  2.507094e-05  1.935731e-04
    38  -2.563224e+00  -2.566337e+00  2.522004e-04  3.665194e+04  1.182022e+00  4.332338e+04  2.509518e-05  1.936788e-04
    39  -2.556971e+00  -2.560086e+00  2.632088e-04  3.662022e+04  1.181717e+00  4.327474e+04  2.512015e-05  1.937876e-04
    40  -2.550722e+00  -2.553835e+00  2.746873e-04  3.658761e+04  1.181404e+00  4.322474e+04  2.514588e-05  1.938997e-04
    41  -2.544470e+00  -2.547585e+00  2.866651e-04  3.655409e+04  1.181081e+00  4.317335e+04  2.517237e-05  1.940150e-04
    42  -2.538220e+00  -2.541334e+00  2.991578e-04  3.651962e+04  1.180750e+00  4.312054e+04  2.519966e-05  1.941338e-04
    43  -2.531969e+00  -2.535083e+00  3.121906e-04  3.648419e+04  1.180409e+00  4.306627e+04  2.522778e-05  1.942561e-04
    44  -2.525715e+00  -2.528830e+00  3.257907e-04  3.644776e+04  1.180058e+00  4.301048e+04  2.525675e-05  1.943820e-04
    45  -2.519462e+00  -2.522577e+00  3.399746e-04  3.641031e+04  1.179697e+00  4.295314e+04  2.528659e-05  1.945117e-04
    46  -2.513207e+00  -2.516323e+00  3.547724e-04  3.637181e+04  1.179326e+00  4.289422e+04  2.531734e-05  1.946453e-04
    47  -2.506953e+00  -2.510069e+00  3.702053e-04  3.633224e+04  1.178944e+00  4.283368e+04  2.534902e-05  1.947828e-04
    48  -2.500700e+00  -2.503816e+00  3.863001e-04  3.629157e+04  1.178551e+00  4.277148e+04  2.538166e-05  1.949244e-04
    49  -2.494443e+00  -2.497560e+00  4.030957e-04  3.624976e+04  1.178147e+00  4.270756e+04  2.541529e-05  1.950702e-04
    50  -2.488187e+00  -2.491304e+00  4.206106e-04  3.620678e+04  1.177732e+00  4.264188e+04  2.544995e-05  1.952204e-04
    51  -2.481930e+00  -2.485047e+00  4.388801e-04  3.616261e+04  1.177304e+00  4.257440e+04  2.548566e-05  1.953750e-04
    52  -2.475672e+00  -2.478790e+00  4.579325e-04  3.611721e+04  1.176865e+00  4.250508e+04  2.552246e-05  1.955343e-04
    53  -2.469411e+00  -2.472530e+00  4.778138e-04  3.607055e+04  1.176413e+00  4.243385e+04  2.556038e-05  1.956983e-04
    54  -2.463153e+00  -2.466271e+00  4.985347e-04  3.602260e+04  1.175947e+00  4.236069e+04  2.559947e-05  1.958672e-04
    55  -2.456893e+00  -2.460012e+00  5.201481e-04  3.597334e+04  1.175469e+00  4.228555e+04  2.563974e-05  1.960412e-04
    56  -2.450632e+00  -2.453752e+00  5.426885e-04  3.592271e+04  1.174977e+00  4.220837e+04  2.568125e-05  1.962203e-04
    57  -2.444370e+00  -2.447490e+00  5.661971e-04  3.587068e+04  1.174471e+00  4.212910e+04  2.572404e-05  1.964048e-04
    58  -2.438108e+00  -2.441228e+00  5.907064e-04  3.581723e+04  1.173951e+00  4.204768e+04  2.576813e-05  1.965949e-04
    59  -2.431845e+00  -2.434965e+00  6.162668e-04  3.576232e+04  1.173416e+00  4.196408e+04  2.581359e-05  1.967906e-04
    60  -2.425580e+00  -2.428701e+00  6.429189e-04  3.570589e+04  1.172866e+00  4.187823e+04  2.586044e-05  1.969922e-04
    61  -2.419314e+00  -2.422436e+00  6.707104e-04  3.564792e+04  1.172300e+00  4.179007e+04  2.590874e-05  1.971999e-04
    62  -2.413048e+00  -2.416170e+00  6.996861e-04  3.558837e+04  1.171718e+00  4.169955e+04  2.595854e-05  1.974138e-04
    63  -2.406780e+00  -2.409903e+00  7.298974e-04  3.552720e+04  1.171120e+00  4.160662e+04  2.600988e-05  1.976342e-04
    64  -2.400512e+00  -2.403635e+00  7.613962e-04  3.546437e+04  1.170505e+00  4.151121e+04  2.606281e-05  1.978612e-04
    65  -2.394242e+00  -2.397365e+00  7.942322e-04  3.539983e+04  1.169872e+00  4.141328e+04  2.611738e-05  1.980950e-04
    66  -2.387970e+00  -2.391095e+00  8.284723e-04  3.533354e+04  1.169222e+00  4.131274e+04  2.617366e-05  1.983359e-04
    67  -2.381697e+00  -2.384822e+00  8.641640e-04  3.526546e+04  1.168553e+00  4.120954e+04  2.623170e-05  1.985841e-04
    68  -2.375423e+00  -2.378549e+00  9.013664e-04  3.519554e+04  1.167865e+00  4.110364e+04  2.629154e-05  1.988397e-04
    69  -2.369148e+00  -2.372274e+00  9.401486e-04  3.512375e+04  1.167158e+00  4.099495e+04  2.635326e-05  1.991031e-04
    70  -2.362871e+00  -2.365998e+00  9.805784e-04  3.505002e+04  1.166431e+00  4.088341e+04  2.641693e-05  1.993745e-04
    71  -2.356591e+00  -2.359719e+00  1.022722e-03  3.497431e+04  1.165683e+00  4.076896e+04  2.648260e-05  1.996542e-04
    72  -2.350310e+00  -2.353439e+00  1.066645e-03  3.489657e+04  1.164914e+00  4.065152e+04  2.655035e-05  1.999424e-04
    73  -2.344029e+00  -2.347158e+00  1.112418e-03  3.481677e+04  1.164124e+00  4.053105e+04  2.662023e-05  2.002393e-04
    74  -2.337744e+00  -2.340875e+00  1.160127e-03  3.473485e+04  1.163312e+00  4.040747e+04  2.669233e-05  2.005453e-04
    75  -2.331459e+00  -2.334590e+00  1.209843e-03  3.465076e+04  1.162477e+00  4.028071e+04  2.676672e-05  2.008606e-04
    76  -2.325171e+00  -2.328303e+00  1.261660e-03  3.456444e+04  1.161618e+00  4.015069e+04  2.684348e-05  2.011855e-04
    77  -2.318881e+00  -2.322014e+00  1.315650e-03  3.447584e+04  1.160736e+00  4.001734e+04  2.692269e-05  2.015205e-04
    78  -2.312589e+00  -2.315724e+00  1.371910e-03  3.438491e+04  1.159829e+00  3.988060e+04  2.700444e-05  2.018656e-04
    79  -2.306294e+00  -2.309430e+00  1.430537e-03  3.429159e+04  1.158896e+00  3.974039e+04  2.708882e-05  2.022214e-04
    80  -2.299998e+00  -2.303135e+00  1.491613e-03  3.419583e+04  1.157938e+00  3.959663e+04  2.717592e-05  2.025882e-04
    81  -2.293698e+00  -2.296837e+00  1.555254e-03  3.409757e+04  1.156952e+00  3.944926e+04  2.726584e-05  2.029662e-04
    82  -2.287396e+00  -2.290536e+00  1.621555e-03  3.399675e+04  1.155939e+00  3.929819e+04  2.735867e-05  2.033560e-04
    83  -2.281092e+00  -2.284233e+00  1.690622e-03  3.389332e+04  1.154899e+00  3.914335e+04  2.745452e-05  2.037578e-04
    84  -2.274785e+00  -2.277927e+00  1.762572e-03  3.378722e+04  1.153829e+00  3.898467e+04  2.755350e-05  2.041721e-04
    85  -2.268474e+00  -2.271618e+00  1.837521e-03  3.367839e+04  1.152729e+00  3.882206e+04  2.765573e-05  2.045992e-04
    86  -2.262161e+00  -2.265306e+00  1.915590e-03  3.356676e+04  1.151599e+00  3.865544e+04  2.776131e-05  2.050397e-04
    87  -2.255844e+00  -2.258991e+00  1.996900e-03  3.345227e+04  1.150438e+00  3.848475e+04  2.787038e-05  2.054939e-04
    88  -2.249524e+00  -2.252673e+00  2.081586e-03  3.333487e+04  1.149244e+00  3.830989e+04  2.798306e-05  2.059623e-04
    89  -2.243200e+00  -2.246351e+00  2.169788e-03  3.321447e+04  1.148017e+00  3.813079e+04  2.809949e-05  2.064455e-04
    90  -2.236873e+00  -2.240025e+00  2.261641e-03  3.309103e+04  1.146757e+00  3.794736e+04  2.821981e-05  2.069438e-04
    91  -2.230541e+00  -2.233696e+00  2.357288e-03  3.296448e+04  1.145461e+00  3.775954e+04  2.834416e-05  2.074579e-04
    92  -2.224206e+00  -2.227362e+00  2.456877e-03  3.283475e+04  1.144130e+00  3.756723e+04  2.847269e-05  2.079882e-04
    93  -2.217866e+00  -2.221025e+00  2.560586e-03  3.270177e+04  1.142763e+00  3.737036e+04  2.860558e-05  2.085353e-04
    94  -2.211523e+00  -2.214683e+00  2.668544e-03  3.256548e+04  1.141357e+00  3.716885e+04  2.874297e-05  2.090998e-04
    95  -2.205174e+00  -2.208337e+00  2.780947e-03  3.242582e+04  1.139913e+00  3.696262e+04  2.888505e-05  2.096823e-04
    96  -2.198821e+00  -2.201986e+00  2.897949e-03  3.228271e+04  1.138430e+00  3.675160e+04  2.903200e-05  2.102835e-04
    97  -2.192463e+00  -2.195630e+00  3.019750e-03  3.213608e+04  1.136906e+00  3.653569e+04  2.918400e-05  2.109039e-04
    98  -2.186100e+00  -2.189270e+00  3.146529e-03  3.198587e+04  1.135340e+00  3.631483e+04  2.934127e-05  2.115443e-04
    99  -2.179731e+00  -2.182904e+00  3.278481e-03  3.183200e+04  1.133731e+00  3.608892e+04  2.950401e-05  2.122053e-04
   100  -2.173357e+00  -2.176532e+00  3.415810e-03  3.167440e+04  1.132078e+00  3.585790e+04  2.967245e-05  2.128878e-04
   101  -2.166976e+00  -2.170155e+00  3.558731e-03  3.151300e+04  1.130381e+00  3.562169e+04  2.984681e-05  2.135925e-04
   102  -2.160590e+00  -2.163771e+00  3.707443e-03  3.134774e+04  1.128637e+00  3.538021e+04  3.002733e-05  2.143202e-04
   103  -2.154197e+00  -2.157382e+00  3.862193e-03  3.117854e+04  1.126845e+00  3.513339e+04  3.021427e-05  2.150717e-04
   104  -2.147798e+00  -2.150986e+00  4.023197e-03  3.100533e+04  1.125005e+00  3.488115e+04  3.040790e-05  2.158479e-04
   105  -2.141391e+00  -2.144583e+00  4.190697e-03  3.082804e+04  1.123115e+00  3.462343e+04  3.060850e-05  2.166498e-04
   106  -2.134978e+00  -2.138173e+00  4.364955e-03  3.064659e+04  1.121174e+00  3.436015e+04  3.081636e-05  2.174782e-04
   107  -2.128556e+00  -2.131755e+00  4.546218e-03  3.046092e+04  1.119180e+00  3.409124e+04  3.103181e-05  2.183342e-04
   108  -2.122128e+00  -2.125330e+00  4.734748e-03  3.027096e+04  1.117132e+00  3.381666e+04  3.125515e-05  2.192189e-04
   109  -2.115690e+00  -2.118897e+00  4.930837e-03  3.007664e+04  1.115029e+00  3.353632e+04  3.148674e-05  2.201332e-04
   110  -2.109245e+00  -2.112456e+00  5.134764e-03  2.987788e+04  1.112869e+00  3.325016e+04  3.172695e-05  2.210784e-04
   111  -2.102790e+00  -2.106005e+00  5.346829e-03  2.967461e+04  1.110651e+00  3.295813e+04  3.197615e-05  2.220557e-04
   112  -2.096326e+00  -2.099546e+00  5.567324e-03  2.946676e+04  1.108373e+00  3.266018e+04  3.223476e-05  2.230663e-04
   113  -2.089852e+00  -2.093077e+00  5.796581e-03  2.925428e+04  1.106035e+00  3.235625e+04  3.250320e-05  2.241115e-04
   114  -2.083369e+00  -2.086599e+00  6.034915e-03  2.903709e+04  1.103633e+00  3.204630e+04  3.278193e-05  2.251927e-04
   115  -2.076875e+00  -2.080110e+00  6.282676e-03  2.881513e+04  1.101167e+00  3.173028e+04  3.307141e-05  2.263113e-04
   116  -2.070369e+00  -2.073610e+00  6.540210e-03  2.858832e+04  1.098636e+00  3.140815e+04  3.337217e-05  2.274689e-04
   117  -2.063853e+00  -2.067099e+00  6.807874e-03  2.835661e+04  1.096036e+00  3.107988e+04  3.368474e-05  2.286671e-04
   118  -2.057324e+00  -2.060576e+00  7.086044e-03  2.811994e+04  1.093368e+00  3.074543e+04  3.400968e-05  2.299074e-04
   119  -2.050784e+00  -2.054042e+00  7.375103e-03  2.787824e+04  1.090628e+00  3.040479e+04  3.434760e-05  2.311917e-04
   120  -2.044230e+00  -2.047494e+00  7.675455e-03  2.763145e+04  1.087815e+00  3.005792e+04  3.469914e-05  2.325219e-04
   121  -2.037663e+00  -2.040934e+00  7.987504e-03  2.737953e+04  1.084928e+00  2.970481e+04  3.506498e-05  2.338998e-04
   122  -2.031081e+00  -2.034360e+00  8.311671e-03  2.712241e+04  1.081964e+00  2.934547e+04  3.544585e-05  2.353275e-04
   123  -2.024485e+00  -2.027771e+00  8.648426e-03  2.686003e+04  1.078922e+00  2.897987e+04  3.584252e-05  2.368073e-04
   124  -2.017874e+00  -2.021167e+00  8.998165e-03  2.659236e+04  1.075799e+00  2.860803e+04  3.625580e-05  2.383413e-04
   125  -2.011247e+00  -2.014548e+00  9.361386e-03  2.631936e+04  1.072593e+00  2.822997e+04  3.668657e-05  2.399319e-04
   126  -2.004603e+00  -2.007912e+00  9.738557e-03  2.604098e+04  1.069303e+00  2.784571e+04  3.713575e-05  2.415818e-04
   127  -1.997942e+00  -2.001260e+00  1.013019e-02  2.575717e+04  1.065927e+00  2.745526e+04  3.760436e-05  2.432935e-04
   128  -1.991263e+00  -1.994590e+00  1.053678e-02  2.546790e+04  1.062461e+00  2.705866e+04  3.809345e-05  2.450700e-04
   129  -1.984565e+00  -1.987901e+00  1.095886e-02  2.517314e+04  1.058905e+00  2.665596e+04  3.860416e-05  2.469142e-04
   130  -1.977848e+00  -1.981193e+00  1.139696e-02  2.487286e+04  1.055255e+00  2.624721e+04  3.913772e-05  2.488294e-04
   131  -1.971110e+00  -1.974465e+00  1.185164e-02  2.456705e+04  1.051509e+00  2.583248e+04  3.969542e-05  2.508189e-04
   132  -1.964350e+00  -1.967717e+00  1.232348e-02  2.425568e+04  1.047666e+00  2.541184e+04  4.027868e-05  2.528863e-04
   133  -1.957568e+00  -1.960946e+00  1.281308e-02  2.393873e+04  1.043721e+00  2.498536e+04  4.088902e-05  2.550354e-04
   134  -1.950763e+00  -1.954152e+00  1.332102e-02  2.361620e+04  1.039674e+00  2.455315e+04  4.152804e-05  2.572703e-04
   135  -1.943933e+00  -1.947334e+00  1.384795e-02  2.328809e+04  1.035521e+00  2.411532e+04  4.219749e-05  2.595953e-04
   136  -1.937078e+00  -1.940492e+00  1.439450e-02  2.295440e+04  1.031260e+00  2.367197e+04  4.289926e-05  2.620150e-04
   137  -1.930196e+00  -1.933623e+00  1.496132e-02  2.261515e+04  1.026888e+00  2.322323e+04  4.363539e-05  2.645342e-04
   138  -1.923286e+00  -1.926727e+00  1.554911e-02  2.227035e+04  1.022403e+00  2.276927e+04  4.440808e-05  2.671583e-04
   139  -1.916347e+00  -1.919803e+00  1.615855e-02  2.192003e+04  1.017800e+00  2.231021e+04  4.521969e-05  2.698929e-04
   140  -1.909378e+00  -1.912849e+00  1.679038e-02  2.156421e+04  1.013078e+00  2.184624e+04  4.607282e-05  2.727438e-04
   141  -1.902377e+00  -1.905863e+00  1.744530e-02  2.120295e+04  1.008234e+00  2.137754e+04  4.697027e-05  2.757176e-04
   142  -1.895342e+00  -1.898845e+00  1.812408e-02  2.083629e+04  1.003264e+00  2.090430e+04  4.791506e-05  2.788210e-04
   143  -1.888273e+00  -1.891793e+00  1.882751e-02  2.046428e+04  9.981652e-01  2.042674e+04  4.891052e-05  2.820615e-04
   144  -1.881167e+00  -1.884705e+00  1.955637e-02  2.008700e+04  9.929342e-01  1.994507e+04  4.996026e-05  2.854470e-04
   145  -1.874023e+00  -1.877580e+00  2.031146e-02  1.970452e+04  9.875678e-01  1.945955e+04  5.106820e-05  2.889860e-04
   146  -1.866838e+00  -1.870415e+00  2.109364e-02  1.931694e+04  9.820624e-01  1.897044e+04  5.223868e-05  2.926878e-04
   147  -1.859611e+00  -1.863210e+00  2.190376e-02  1.892434e+04  9.764145e-01  1.847800e+04  5.347640e-05  2.965622e-04
   148  -1.852341e+00  -1.855961e+00  2.274267e-02  1.852684e+04  9.706204e-01  1.798253e+04  5.478655e-05  3.006200e-04
   149  -1.845023e+00  -1.848667e+00  2.361129e-02  1.812456e+04  9.646763e-01  1.748434e+04  5.617482e-05  3.048728e-04
   150  -1.837657e+00  -1.841325e+00  2.451054e-02  1.771764e+04  9.585782e-01  1.698374e+04  5.764748e-05  3.093332e-04
   151  -1.830240e+00  -1.833933e+00  2.544136e-02  1.730621e+04  9.523220e-01  1.648109e+04  5.921149e-05  3.140149e-04
   152  -1.822769e+00  -1.826488e+00  2.640469e-02  1.689045e+04  9.459037e-01  1.597674e+04  6.087448e-05  3.189328e-04
   153  -1.815241e+00  -1.818989e+00  2.740152e-02  1.647053e+04  9.393187e-01  1.547107e+04  6.264495e-05  3.241030e-04
   154  -1.807654e+00  -1.811431e+00  2.843287e-02  1.604662e+04  9.325626e-01  1.496448e+04  6.453233e-05  3.295433e-04
   155  -1.800003e+00  -1.803812e+00  2.949974e-02  1.561895e+04  9.256307e-01  1.445738e+04  6.654713e-05  3.352729e-04
   156  -1.792287e+00  -1.796128e+00  3.060319e-02  1.518772e+04  9.185181e-01  1.395020e+04  6.870108e-05  3.413132e-04
   157  -1.784500e+00  -1.788376e+00  3.174428e-02  1.475317e+04  9.112197e-01  1.344338e+04  7.100730e-05  3.476874e-04
   158  -1.776640e+00  -1.780552e+00  3.292412e-02  1.431556e+04  9.037303e-01  1.293741e+04  7.348051e-05  3.544211e-04
   159  -1.768701e+00  -1.772652e+00  3.414379e-02  1.387515e+04  8.960444e-01  1.243275e+04  7.613729e-05  3.615427e-04
   160  -1.760680e+00  -1.764672e+00  3.540444e-02  1.343224e+04  8.881561e-01  1.192993e+04  7.899632e-05  3.690833e-04
   161  -1.752571e+00  -1.756606e+00  3.670722e-02  1.298713e+04  8.800595e-01  1.142944e+04  8.207879e-05  3.770776e-04
   162  -1.744369e+00  -1.748450e+00  3.805332e-02  1.254013e+04  8.717483e-01  1.093184e+04  8.540874e-05  3.855641e-04
   163  -1.736069e+00  -1.740199e+00  3.944390e-02  1.209162e+04  8.632157e-01  1.043767e+04  8.901353e-05  3.945858e-04
   164  -1.727663e+00  -1.731846e+00  4.088021e-02  1.164194e+04  8.544549e-01  9.947509e+03  9.292450e-05  4.041905e-04
   165  -1.719147e+00  -1.723384e+00  4.236348e-02  1.119148e+04  8.454584e-01  9.461931e+03  9.717763e-05  4.144321e-04
   166  -1.710511e+00  -1.714808e+00  4.389496e-02  1.074066e+04  8.362184e-01  8.981540e+03  1.018144e-04  4.253710e-04
   167  -1.701749e+00  -1.706108e+00  4.547592e-02  1.028992e+04  8.267267e-01  8.506948e+03  1.068827e-04  4.370754e-04
   168  -1.692851e+00  -1.697277e+00  4.710768e-02  9.839693e+03  8.169745e-01  8.038779e+03  1.124383e-04  4.496227e-04
   169  -1.683808e+00  -1.688306e+00  4.879156e-02  9.390473e+03  8.069524e-01  7.577664e+03  1.185465e-04  4.631008e-04
   170  -1.674609e+00  -1.679184e+00  5.052886e-02  8.942766e+03  7.966503e-01  7.124257e+03  1.252836e-04  4.776101e-04
   171  -1.665242e+00  -1.669900e+00  5.232095e-02  8.497104e+03  7.860578e-01  6.679215e+03  1.327400e-04  4.932653e-04
   172  -1.655695e+00  -1.660443e+00  5.416922e-02  8.054041e+03  7.751631e-01  6.243195e+03  1.410229e-04  5.101992e-04
   173  -1.645954e+00  -1.650797e+00  5.607503e-02  7.614163e+03  7.639538e-01  5.816869e+03  1.502603e-04  5.285653e-04
   174  -1.636001e+00  -1.640949e+00  5.803982e-02  7.178081e+03  7.524164e-01  5.400906e+03  1.606063e-04  5.485421e-04
   175  -1.625820e+00  -1.630881e+00  6.006498e-02  6.746434e+03  7.405363e-01  4.995979e+03  1.722474e-04  5.703389e-04
   176  -1.615389e+00  -1.620573e+00  6.215198e-02  6.319894e+03  7.282973e-01  4.602762e+03  1.854112e-04  5.942019e-04
   177  -1.604686e+00  -1.610004e+00  6.430225e-02  5.899162e+03  7.156818e-01  4.221923e+03  2.003778e-04  6.204233e-04
   178  -1.593685e+00  -1.599151e+00  6.651726e-02  5.484970e+03  7.026705e-01  3.854127e+03  2.174953e-04  6.493521e-04
   179  -1.582355e+00  -1.587983e+00  6.879851e-02  5.078081e+03  6.892417e-01  3.500025e+03  2.371999e-04  6.814087e-04
   180  -1.570663e+00  -1.576470e+00  7.114747e-02  4.679292e+03  6.753714e-01  3.160260e+03  2.600450e-04  7.171035e-04
   181  -1.558569e+00  -1.564574e+00  7.356565e-02  4.289438e+03  6.610325e-01  2.835458e+03  2.867399e-04  7.570623e-04
   182  -1.546025e+00  -1.552251e+00  7.605458e-02  3.909385e+03  6.461945e-01  2.526223e+03  3.182072e-04  8.020611e-04
   183  -1.532976e+00  -1.539451e+00  7.861579e-02  3.540034e+03  6.308224e-01  2.233132e+03  3.556633e-04  8.530727e-04
   184  -1.519356e+00  -1.526113e+00  8.125079e-02  3.182330e+03  6.148761e-01  1.956739e+03  4.007384e-04  9.113324e-04
   185  -1.505087e+00  -1.512163e+00  8.396115e-02  2.837258e+03  5.983093e-01  1.697558e+03  4.556573e-04  9.784327e-04
   186  -1.490071e+00  -1.497514e+00  8.674840e-02  2.505840e+03  5.810673e-01  1.456062e+03  5.235202e-04  1.056461e-03
   187  -1.474189e+00  -1.482057e+00  8.961413e-02  2.189146e+03  5.630854e-01  1.232676e+03  6.087487e-04  1.148203e-03
   188  -1.457289e+00  -1.465657e+00  9.255987e-02  1.888294e+03  5.442858e-01  1.027772e+03  7.178222e-04  1.257462e-03
   189  -1.439178e+00  -1.448139e+00  9.558720e-02  1.604452e+03  5.245734e-01  8.416526e+02  8.605383e-04  1.389558e-03
   190  -1.419602e+00  -1.429280e+00  9.869768e-02  1.338842e+03  5.038298e-01  6.745487e+02  1.052273e-03  1.552160e-03
   191  -1.398218e+00  -1.408779e+00  1.018929e-01  1.092749e+03  4.819044e-01  5.266008e+02  1.318254e-03  1.756720e-03
   192  -1.374546e+00  -1.386221e+00  1.051744e-01  8.675235e+02  4.586006e-01  3.978468e+02  1.702164e-03  2.021089e-03
   193  -1.347889e+00  -1.361013e+00  1.085438e-01  6.645930e+02  4.336527e-01  2.882025e+02  2.284932e-03  2.374621e-03
   194  -1.317175e+00  -1.332260e+00  1.120026e-01  4.854744e+02  4.066864e-01  1.974358e+02  3.230010e-03  2.868998e-03
   195  -1.280641e+00  -1.298524e+00  1.155524e-01  3.317893e+02  3.771434e-01  1.251321e+02  4.907772e-03  3.603785e-03
   196  -1.235079e+00  -1.257263e+00  1.191948e-01  2.052821e+02  3.441190e-01  7.064146e+01  8.304140e-03  4.796378e-03
   197  -1.173770e+00  -1.203343e+00  1.229312e-01  1.078331e+02  3.059533e-01  3.299188e+01  1.676565e-02  7.018426e-03
   198  -1.079197e+00  -1.123914e+00  1.267634e-01  4.142030e+01  2.588906e-01  1.072333e+01  4.744917e-02  1.231058e-02
   199  -8.905211e-01  -9.746925e-01  1.306927e-01  7.597123e+00  1.917070e-01  1.456421e+00  3.006297e-01  3.340410e-02
   200  -4.686908e-01  -6.302855e-01  1.347208e-01  3.254760e-01  1.002596e-01  3.263210e-02  9.703268e+00  2.231623e-01
   201  1.221975e-01  -7.966508e-02  1.388490e-01  5.416139e-03  5.809051e-02  3.146263e-04  7.660509e+02  2.272719e+00
   202  3.891961e-01  2.759000e-01  1.430790e-01  1.024775e-03  4.951457e-02  5.074127e-05  4.385359e+03  5.659298e+00
   203  5.125937e-01  4.552629e-01  1.474123e-01  6.569587e-04  4.447066e-02  2.921539e-05  7.218137e+03  7.458259e+00
   204  5.890762e-01  5.525164e-01  1.518502e-01  5.544478e-04  4.136404e-02  2.293420e-05  8.868044e+03  8.417855e+00
   205  6.440576e-01  6.174364e-01  1.563943e-01  5.043230e-04  3.927200e-02  1.980578e-05  1.000575e+04  9.058313e+00
   206  6.869476e-01  6.660319e-01  1.610460e-01  4.730882e-04  3.773705e-02  1.785295e-05  1.088113e+04  9.540876e+00
   207  7.221438e-01  7.049022e-01  1.658067e-01  4.510795e-04  3.653041e-02  1.647812e-05  1.159898e+04  9.930920e+00
   208  7.520308e-01  7.373443e-01  1.706778e-01  4.344060e-04  3.553251e-02  1.543554e-05  1.221212e+04  1.026083e+01
   209  7.780410e-01  7.652306e-01  1.756607e-01  4.211428e-04  3.467732e-02  1.460411e-05  1.275110e+04  1.054887e+01
   210  8.011001e-01  7.897236e-01  1.807567e-01  4.102047e-04  3.392590e-02  1.391657e-05  1.323529e+04  1.080630e+01
   211  8.218403e-01  8.115940e-01  1.859671e-01  4.009256e-04  3.325370e-02  1.333226e-05  1.367780e+04  1.104057e+01
   212  8.407122e-01  8.313788e-01  1.912933e-01  3.928722e-04  3.264419e-02  1.282499e-05  1.408788e+04  1.125679e+01
   213  8.580476e-01  8.494664e-01  1.967366e-01  3.857501e-04  3.208568e-02  1.237705e-05  1.447233e+04  1.145868e+01
   214  8.740982e-01  8.661471e-01  2.022981e-01  3.793521e-04  3.156953e-02  1.197597e-05  1.483623e+04  1.164898e+01
   215  8.890590e-01  8.816430e-01  2.079790e-01  3.735279e-04  3.108916e-02  1.161267e-05  1.518352e+04  1.182980e+01
   216  9.030841e-01  8.961282e-01  2.137806e-01  3.681658e-04  3.063944e-02  1.128040e-05  1.551730e+04  1.200276e+01
   217  9.162974e-01  9.097410e-01  2.197041e-01  3.631808e-04  3.021629e-02  1.097398e-05  1.584005e+04  1.216918e+01
   218  9.288000e-01  9.225937e-01  2.257504e-01  3.585069e-04  2.981639e-02  1.068938e-05  1.615381e+04  1.233011e+01
   219  9.406753e-01  9.347782e-01  2.319208e-01  3.540921e-04  2.943707e-02  1.042343e-05  1.646025e+04  1.248642e+01
   220  9.519930e-01  9.463710e-01  2.382162e-01  3.498945e-04  2.907607e-02  1.017356e-05  1.676081e+04  1.263883e+01
   221  9.628119e-01  9.574361e-01  2.446377e-01  3.458804e-04  2.873154e-02  9.937677e-06  1.705668e+04  1.278795e+01
   222  9.731821e-01  9.680280e-01  2.511862e-01  3.420219e-04  2.840189e-02  9.714068e-06  1.734892e+04  1.293429e+01
   223  9.831466e-01  9.781930e-01  2.578626e-01  3.382959e-04  2.808577e-02  9.501302e-06  1.763843e+04  1.307831e+01
   224  9.927426e-01  9.879711e-01  2.646680e-01  3.346833e-04  2.778203e-02  9.298179e-06  1.792603e+04  1.322039e+01
   225  1.002002e+00  9.973971e-01  2.716031e-01  3.311676e-04  2.748965e-02  9.103680e-06  1.821242e+04  1.336087e+01
   226  1.010954e+00  1.006501e+00  2.786687e-01  3.277352e-04  2.720776e-02  8.916940e-06  1.849825e+04  1.350005e+01
   227  1.019623e+00  1.015310e+00  2.858656e-01  3.243742e-04  2.693560e-02  8.737213e-06  1.878410e+04  1.363819e+01
   228  1.028030e+00  1.023847e+00  2.931946e-01  3.210747e-04  2.667248e-02  8.563857e-06  1.907051e+04  1.377554e+01
   229  1.036197e+00  1.032133e+00  3.006563e-01  3.178279e-04  2.641779e-02  8.396311e-06  1.935797e+04  1.391230e+01
   230  1.044140e+00  1.040186e+00  3.082514e-01  3.146263e-04  2.617101e-02  8.234087e-06  1.964693e+04  1.404868e+01
   231  1.051874e+00  1.048024e+00  3.159805e-01  3.114634e-04  2.593164e-02  8.076756e-06  1.993784e+04  1.418485e+01
   232  1.059415e+00  1.055661e+00  3.238442e-01  3.083335e-04  2.569926e-02  7.923942e-06  2.023108e+04  1.432098e+01
   233  1.066774e+00  1.063110e+00  3.318430e-01  3.052318e-04  2.547346e-02  7.775309e-06  2.052704e+04  1.445721e+01
   234  1.073964e+00  1.070384e+00  3.399773e-01  3.021538e-04  2.525390e-02  7.630561e-06  2.082609e+04  1.459369e+01
   235  1.080995e+00  1.077494e+00  3.482476e-01  2.990960e-04  2.504024e-02  7.489434e-06  2.112858e+04  1.473054e+01
   236  1.087877e+00  1.084450e+00  3.566544e-01  2.960549e-04  2.483219e-02  7.351691e-06  2.143484e+04  1.486790e+01
   237  1.094618e+00  1.091260e+00  3.651978e-01  2.930278e-04  2.462947e-02  7.217119e-06  2.174521e+04  1.500587e+01
   238  1.101226e+00  1.097935e+00  3.738783e-01  2.900121e-04  2.443184e-02  7.085530e-06  2.206001e+04  1.514458e+01
   239  1.107710e+00  1.104480e+00  3.826961e-01  2.870058e-04  2.423906e-02  6.956750e-06  2.237956e+04  1.528411e+01
   240  1.114075e+00  1.110904e+00  3.916514e-01  2.840069e-04  2.405092e-02  6.830626e-06  2.270415e+04  1.542457e+01
   241  1.120329e+00  1.117213e+00  4.007443e-01  2.810139e-04  2.386721e-02  6.707016e-06  2.303411e+04  1.556606e+01
   242  1.126476e+00  1.123413e+00  4.099751e-01  2.780253e-04  2.368775e-02  6.585795e-06  2.336973e+04  1.570866e+01
   243  1.132523e+00  1.129510e+00  4.193438e-01  2.750402e-04  2.351236e-02  6.466845e-06  2.371132e+04  1.585247e+01
   244  1.138475e+00  1.135509e+00  4.288503e-01  2.720575e-04  2.334089e-02  6.350063e-06  2.405917e+04  1.599758e+01
   245  1.144335e+00  1.141415e+00  4.384948e-01  2.690763e-04  2.317317e-02  6.235352e-06  2.441360e+04  1.614406e+01
   246  1.150109e+00  1.147232e+00  4.482772e-01  2.660962e-04  2.300906e-02  6.122625e-06  2.477489e+04  1.629200e+01
   247  1.155801e+00  1.152965e+00  4.581974e-01  2.631166e-04  2.284843e-02  6.011802e-06  2.514337e+04  1.644148e+01
   248  1.161415e+00  1.158617e+00  4.682552e-01  2.601371e-04  2.269115e-02  5.902810e-06  2.551934e+04  1.659258e+01
   249  1.166954e+00  1.164193e+00  4.784506e-01  2.571575e-04  2.253708e-02  5.795581e-06  2.590311e+04  1.674537e+01
   250  1.172421e+00  1.169696e+00  4.887832e-01  2.541777e-04  2.238613e-02  5.690055e-06  2.629499e+04  1.689994e+01
   251  1.177820e+00  1.175129e+00  4.992529e-01  2.511976e-04  2.223816e-02  5.586174e-06  2.669531e+04  1.705635e+01
   252  1.183154e+00  1.180495e+00  5.098594e-01  2.482173e-04  2.209308e-02  5.483887e-06  2.710439e+04  1.721468e+01
   253  1.188425e+00  1.185797e+00  5.206023e-01  2.452370e-04  2.195079e-02  5.383146e-06  2.752257e+04  1.737502e+01
   254  1.193637e+00  1.191039e+00  5.314812e-01  2.422567e-04  2.181119e-02  5.283907e-06  2.795018e+04  1.753742e+01
   255  1.198791e+00  1.196222e+00  5.424959e-01  2.392768e-04  2.167418e-02  5.186129e-06  2.838756e+04  1.770197e+01
   256  1.203891e+00  1.201349e+00  5.536457e-01  2.362977e-04  2.153967e-02  5.089774e-06  2.883507e+04  1.786874e+01
   257  1.208938e+00  1.206422e+00  5.649304e-01  2.333197e-04  2.140757e-02  4.994809e-06  2.929307e+04  1.803781e+01
   258  1.213935e+00  1.211444e+00  5.763493e-01  2.303432e-04  2.127781e-02  4.901200e-06  2.976193e+04  1.820925e+01
   259  1.218884e+00  1.216417e+00  5.879020e-01  2.273688e-04  2.115030e-02  4.808919e-06  3.024202e+04  1.838313e+01
   260  1.223786e+00  1.221342e+00  5.995879e-01  2.243970e-04  2.102496e-02  4.717937e-06  3.073374e+04  1.855954e+01
   261  1.228644e+00  1.226222e+00  6.114063e-01  2.214283e-04  2.090171e-02  4.628229e-06  3.123749e+04  1.873854e+01
   262  1.233459e+00  1.231058e+00  6.233566e-01  2.184633e-04  2.078048e-02  4.539771e-06  3.175366e+04  1.892022e+01
   263  1.238233e+00  1.235853e+00  6.354383e-01  2.155026e-04  2.066120e-02  4.452541e-06  3.228269e+04  1.910466e+01
   264  1.242968e+00  1.240607e+00  6.476505e-01  2.125469e-04  2.054379e-02  4.366519e-06  3.282502e+04  1.929193e+01
   265  1.247665e+00  1.245323e+00  6.599927e-01  2.095968e-04  2.042819e-02  4.281685e-06  3.338107e+04  1.948211e+01
   266  1.252326e+00  1.250002e+00  6.724639e-01  2.066531e-04  2.031434e-02  4.198021e-06  3.395132e+04  1.967528e+01
   267  1.256952e+00  1.254645e+00  6.850636e-01  2.037164e-04  2.020216e-02  4.115511e-06  3.453625e+04  1.987153e+01
   268  1.261544e+00  1.259254e+00  6.977908e-01  2.007874e-04  2.009160e-02  4.034139e-06  3.513633e+04  2.007095e+01
   269  1.266104e+00  1.263830e+00  7.106448e-01  1.978668e-04  1.998258e-02  3.953890e-06  3.575207e+04  2.027361e+01
   270  1.270633e+00  1.268374e+00  7.236247e-01  1.949554e-04  1.987506e-02  3.874750e-06  3.638401e+04  2.047960e+01
   271  1.275132e+00  1.272888e+00  7.367296e-01  1.920539e-04  1.976896e-02  3.796705e-06  3.703267e+04  2.068901e+01
   272  1.279602e+00  1.277373e+00  7.499587e-01  1.891629e-04  1.966424e-02  3.719745e-06  3.769861e+04  2.090194e+01
   273  1.284046e+00  1.281830e+00  7.633112e-01  1.862833e-04  1.956083e-02  3.643857e-06  3.838242e+04  2.111848e+01
   274  1.288462e+00  1.286259e+00  7.767859e-01  1.834158e-04  1.945868e-02  3.569029e-06  3.908469e+04  2.133871e+01
   275  1.292853e+00  1.290663e+00  7.903821e-01  1.805610e-04  1.935774e-02  3.495251e-06  3.980603e+04  2.156274e+01
   276  1.297220e+00  1.295042e+00  8.040988e-01  1.777196e-04  1.925794e-02  3.422514e-06  4.054709e+04  2.179067e+01
   277  1.301564e+00  1.299397e+00  8.179349e-01  1.748924e-04  1.915925e-02  3.350807e-06  4.130853e+04  2.202260e+01
   278  1.305885e+00  1.303730e+00  8.318895e-01  1.720801e-04  1.906160e-02  3.280122e-06  4.209105e+04  2.225862e+01
   279  1.310184e+00  1.308040e+00  8.459616e-01  1.692832e-04  1.896496e-02  3.210449e-06  4.289535e+04  2.249885e+01
   280  1.314463e+00  1.312329e+00  8.601502e-01  1.665025e-04  1.886926e-02  3.141780e-06  4.372217e+04  2.274340e+01
   281  1.318722e+00  1.316598e+00  8.744542e-01  1.637387e-04  1.877446e-02  3.074106e-06  4.457229e+04  2.299238e+01
   282  1.322962e+00  1.320847e+00  8.888727e-01  1.609923e-04  1.868052e-02  3.007420e-06  4.544650e+04  2.324589e+01
   283  1.327183e+00  1.325078e+00  9.034045e-01  1.582640e-04  1.858738e-02  2.941713e-06  4.634563e+04  2.350407e+01
   284  1.331388e+00  1.329291e+00  9.180486e-01  1.555543e-04  1.849501e-02  2.876978e-06  4.727056e+04  2.376703e+01
   285  1.335575e+00  1.333487e+00  9.328039e-01  1.528638e-04  1.840337e-02  2.813209e-06  4.822217e+04  2.403490e+01
   286  1.339747e+00  1.337666e+00  9.476693e-01  1.501931e-04  1.831240e-02  2.750396e-06  4.920139e+04  2.430780e+01
   287  1.343904e+00  1.341830e+00  9.626437e-01  1.475427e-04  1.822207e-02  2.688533e-06  5.020921e+04  2.458587e+01
   288  1.348046e+00  1.345979e+00  9.777261e-01  1.449132e-04  1.813233e-02  2.627614e-06  5.124663e+04  2.486924e+01
   289  1.352174e+00  1.350114e+00  9.929154e-01  1.423049e-04  1.804316e-02  2.567630e-06  5.231472e+04  2.515805e+01
   290  1.356289e+00  1.354236e+00  1.008210e+00  1.397184e-04  1.795451e-02  2.508575e-06  5.341456e+04  2.545246e+01
   291  1.360391e+00  1.358345e+00  1.023610e+00  1.371541e-04  1.786635e-02  2.450443e-06  5.454731e+04  2.575259e+01
   292  1.364482e+00  1.362441e+00  1.039113e+00  1.346124e-04  1.777864e-02  2.393226e-06  5.571416e+04  2.605862e+01
   293  1.368561e+00  1.366526e+00  1.054718e+00  1.320938e-04  1.769135e-02  2.336917e-06  5.691637e+04  2.637070e+01
   294  1.372630e+00  1.370600e+00  1.070425e+00  1.295985e-04  1.760444e-02  2.281510e-06  5.815524e+04  2.668899e+01
   295  1.376689e+00  1.374664e+00  1.086232e+00  1.271270e-04  1.751790e-02  2.226997e-06  5.943213e+04  2.701366e+01
   296  1.380738e+00  1.378718e+00  1.102138e+00  1.246795e-04  1.743168e-02  2.173373e-06  6.074847e+04  2.734489e+01
   297  1.384779e+00  1.382763e+00  1.118142e+00  1.222564e-04  1.734577e-02  2.120630e-06  6.210575e+04  2.768285e+01
   298  1.388811e+00  1.386800e+00  1.134242e+00  1.198579e-04  1.726013e-02  2.068762e-06  6.350552e+04  2.802773e+01
   299  1.392836e+00  1.390828e+00  1.150438e+00  1.174842e-04  1.717474e-02  2.017761e-06  6.494943e+04  2.837974e+01
   300  1.396853e+00  1.394849e+00  1.166729e+00  1.151357e-04  1.708959e-02  1.967621e-06  6.643918e+04  2.873906e+01
   301  1.400864e+00  1.398864e+00  1.183113e+00  1.128124e-04  1.700465e-02  1.918336e-06  6.797657e+04  2.910590e+01
   302  1.404869e+00  1.402872e+00  1.199589e+00  1.105147e-04  1.691990e-02  1.869897e-06  6.956347e+04  2.948047e+01
   303  1.408869e+00  1.406874e+00  1.216156e+00  1.082425e-04  1.683532e-02  1.822298e-06  7.120185e+04  2.986301e+01
   304  1.412864e+00  1.410871e+00  1.232813e+00  1.059962e-04  1.675091e-02  1.775532e-06  7.289380e+04  3.025373e+01
   305  1.416854e+00  1.414863e+00  1.249559e+00  1.037757e-04  1.666665e-02  1.729593e-06  7.464149e+04  3.065288e+01
   306  1.420841e+00  1.418852e+00  1.266393e+00  1.015811e-04  1.658253e-02  1.684473e-06  7.644718e+04  3.106070e+01
   307  1.424824e+00  1.422837e+00  1.283313e+00  9.941266e-05  1.649854e-02  1.640164e-06  7.831329e+04  3.147745e+01
   308  1.428804e+00  1.426819e+00  1.300318e+00  9.727025e-05  1.641469e-02  1.596661e-06  8.024236e+04  3.190340e+01
   309  1.432783e+00  1.430798e+00  1.317409e+00  9.515395e-05  1.633095e-02  1.553954e-06  8.223704e+04  3.233882e+01
   310  1.436760e+00  1.434776e+00  1.334582e+00  9.306377e-05  1.624734e-02  1.512039e-06  8.430012e+04  3.278399e+01
   311  1.440735e+00  1.438752e+00  1.351837e+00  9.099972e-05  1.616386e-02  1.470906e-06  8.643456e+04  3.323921e+01
   312  1.444710e+00  1.442727e+00  1.369174e+00  8.896175e-05  1.608050e-02  1.430550e-06  8.864349e+04  3.370480e+01
   313  1.448686e+00  1.446703e+00  1.386590e+00  8.694984e-05  1.599729e-02  1.390962e-06  9.093017e+04  3.418107e+01
   314  1.452662e+00  1.450678e+00  1.404086e+00  8.496393e-05  1.591422e-02  1.352135e-06  9.329807e+04  3.466836e+01
   315  1.456639e+00  1.454655e+00  1.421659e+00  8.300395e-05  1.583131e-02  1.314062e-06  9.575087e+04  3.516701e+01
   316  1.460618e+00  1.458633e+00  1.439309e+00  8.106981e-05  1.574858e-02  1.276735e-06  9.829243e+04  3.567738e+01
   317  1.464599e+00  1.462613e+00  1.457034e+00  7.916143e-05  1.566605e-02  1.240147e-06  1.009268e+05  3.619985e+01
   318  1.468583e+00  1.466596e+00  1.474834e+00  7.727871e-05  1.558372e-02  1.204290e-06  1.036584e+05  3.673480e+01
   319  1.472572e+00  1.470582e+00  1.492708e+00  7.542153e-05  1.550164e-02  1.169157e-06  1.064917e+05  3.728265e+01
   320  1.476564e+00  1.474572e+00  1.510654e+00  7.358975e-05  1.541983e-02  1.134741e-06  1.094316e+05  3.784381e+01
   321  1.480561e+00  1.478567e+00  1.528672e+00  7.178328e-05  1.533830e-02  1.101034e-06  1.124833e+05  3.841872e+01
   322  1.484564e+00  1.482567e+00  1.546760e+00  7.000196e-05  1.525711e-02  1.068028e-06  1.156521e+05  3.900785e+01
   323  1.488573e+00  1.486573e+00  1.564917e+00  6.824565e-05  1.517628e-02  1.035715e-06  1.189439e+05  3.961166e+01
   324  1.492589e+00  1.490585e+00  1.583142e+00  6.651423e-05  1.509586e-02  1.004089e-06  1.223648e+05  4.023066e+01
   325  1.496612e+00  1.494605e+00  1.601435e+00  6.480754e-05  1.501587e-02  9.731416e-07  1.259213e+05  4.086535e+01
   326  1.500645e+00  1.498633e+00  1.619794e+00  6.312544e-05  1.493637e-02  9.428651e-07  1.296203e+05  4.151628e+01
   327  1.504686e+00  1.502670e+00  1.638218e+00  6.146780e-05  1.485741e-02  9.132521e-07  1.334691e+05  4.218402e+01
   328  1.508737e+00  1.506716e+00  1.656707e+00  5.983448e-05  1.477902e-02  8.842949e-07  1.374756e+05  4.286913e+01
   329  1.512799e+00  1.510773e+00  1.675259e+00  5.822534e-05  1.470126e-02  8.559861e-07  1.416481e+05  4.357224e+01
   330  1.516873e+00  1.514841e+00  1.693873e+00  5.664027e-05  1.462419e-02  8.283180e-07  1.459953e+05  4.429398e+01
   331  1.520959e+00  1.518921e+00  1.712548e+00  5.507914e-05  1.454785e-02  8.012829e-07  1.505267e+05  4.503502e+01
   332  1.525058e+00  1.523013e+00  1.731284e+00  5.354184e-05  1.447230e-02  7.748735e-07  1.552523e+05  4.579603e+01
   333  1.529172e+00  1.527120e+00  1.750080e+00  5.202829e-05  1.439759e-02  7.490821e-07  1.601827e+05  4.657775e+01
   334  1.533301e+00  1.531241e+00  1.768933e+00  5.053840e-05  1.432379e-02  7.239013e-07  1.653292e+05  4.738093e+01
   335  1.537446e+00  1.535378e+00  1.787844e+00  4.907211e-05  1.425094e-02  6.993238e-07  1.707039e+05  4.820634e+01
   336  1.541608e+00  1.539532e+00  1.806811e+00  4.762936e-05  1.417911e-02  6.753418e-07  1.763197e+05  4.905479e+01
   337  1.545788e+00  1.543703e+00  1.825834e+00  4.621012e-05  1.410834e-02  6.519480e-07  1.821902e+05  4.992715e+01
   338  1.549988e+00  1.547893e+00  1.844912e+00  4.481436e-05  1.403869e-02  6.291349e-07  1.883300e+05  5.082430e+01
   339  1.554208e+00  1.552103e+00  1.864043e+00  4.344208e-05  1.397021e-02  6.068949e-07  1.947547e+05  5.174716e+01
   340  1.558449e+00  1.556334e+00  1.883227e+00  4.209331e-05  1.390294e-02  5.852209e-07  2.014807e+05  5.269669e+01
   341  1.562713e+00  1.560586e+00  1.902463e+00  4.076809e-05  1.383694e-02  5.641054e-07  2.085258e+05  5.367390e+01
   342  1.567001e+00  1.564862e+00  1.921749e+00  3.946645e-05  1.377222e-02  5.435407e-07  2.159086e+05  5.467984e+01
   343  1.571314e+00  1.569163e+00  1.941086e+00  3.818848e-05  1.370884e-02  5.235197e-07  2.236492e+05  5.571559e+01
   344  1.575653e+00  1.573488e+00  1.960472e+00  3.693428e-05  1.364680e-02  5.040347e-07  2.317688e+05  5.678231e+01
   345  1.580019e+00  1.577841e+00  1.979907e+00  3.570392e-05  1.358613e-02  4.850782e-07  2.402903e+05  5.788118e+01
   346  1.584414e+00  1.582222e+00  1.999389e+00  3.449756e-05  1.352684e-02  4.666430e-07  2.492375e+05  5.901343e+01
   347  1.588839e+00  1.586632e+00  2.018916e+00  3.331537e-05  1.346893e-02  4.487223e-07  2.586359e+05  6.018031e+01
   348  1.593295e+00  1.591072e+00  2.038490e+00  3.215748e-05  1.341238e-02  4.313083e-07  2.685128e+05  6.138318e+01
   349  1.597783e+00  1.595545e+00  2.058108e+00  3.102404e-05  1.335717e-02  4.143934e-07  2.788974e+05  6.262343e+01
   350  1.602306e+00  1.600051e+00  2.077770e+00  2.991524e-05  1.330327e-02  3.979705e-07  2.898200e+05  6.390250e+01
   351  1.606863e+00  1.604591e+00  2.097475e+00  2.883123e-05  1.325063e-02  3.820319e-07  3.013135e+05  6.522190e+01
   352  1.611457e+00  1.609166e+00  2.117222e+00  2.777220e-05  1.319918e-02  3.665703e-07  3.134124e+05  6.658319e+01
   353  1.616089e+00  1.613779e+00  2.137010e+00  2.673830e-05  1.314886e-02  3.515783e-07  3.261535e+05  6.798800e+01
   354  1.620759e+00  1.618430e+00  2.156839e+00  2.572969e-05  1.309958e-02  3.370481e-07  3.395758e+05  6.943802e+01
   355  1.625469e+00  1.623121e+00  2.176706e+00  2.474651e-05  1.305123e-02  3.229723e-07  3.537207e+05  7.093501e+01
   356  1.630221e+00  1.627852e+00  2.196613e+00  2.378886e-05  1.300370e-02  3.093432e-07  3.686319e+05  7.248080e+01
   357  1.635015e+00  1.632625e+00  2.216557e+00  2.285687e-05  1.295686e-02  2.961532e-07  3.843558e+05  7.407728e+01
   358  1.639853e+00  1.637441e+00  2.236538e+00  2.195058e-05  1.291057e-02  2.833945e-07  4.009418e+05  7.572644e+01
   359  1.644735e+00  1.642301e+00  2.256555e+00  2.107002e-05  1.286469e-02  2.710593e-07  4.184421e+05  7.743032e+01
   360  1.649663e+00  1.647206e+00  2.276608e+00  2.021519e-05  1.281906e-02  2.591398e-07  4.369120e+05  7.919107e+01
   361  1.654637e+00  1.652157e+00  2.296694e+00  1.938605e-05  1.277352e-02  2.476280e-07  4.564103e+05  8.101088e+01
   362  1.659659e+00  1.657155e+00  2.316815e+00  1.858250e-05  1.272789e-02  2.365159e-07  4.769993e+05  8.289209e+01
   363  1.664729e+00  1.662201e+00  2.336968e+00  1.780440e-05  1.268200e-02  2.257955e-07  4.987451e+05  8.483707e+01
   364  1.669847e+00  1.667296e+00  2.357153e+00  1.705159e-05  1.263569e-02  2.154587e-07  5.217176e+05  8.684829e+01
   365  1.675016e+00  1.672439e+00  2.377369e+00  1.632382e-05  1.258879e-02  2.054972e-07  5.459918e+05  8.892836e+01
   366  1.680234e+00  1.677633e+00  2.397614e+00  1.562081e-05  1.254114e-02  1.959028e-07  5.716469e+05  9.107998e+01
   367  1.685503e+00  1.682876e+00  2.417890e+00  1.494225e-05  1.249258e-02  1.866673e-07  5.987671e+05  9.330591e+01
   368  1.690822e+00  1.688171e+00  2.438194e+00  1.428775e-05  1.244297e-02  1.777821e-07  6.274426e+05  9.560909e+01
   369  1.696193e+00  1.693516e+00  2.458525e+00  1.365692e-05  1.239218e-02  1.692390e-07  6.577691e+05  9.799255e+01
   370  1.701616e+00  1.698913e+00  2.478883e+00  1.304930e-05  1.234008e-02  1.610294e-07  6.898487e+05  1.004594e+02
   371  1.707090e+00  1.704361e+00  2.499268e+00  1.246441e-05  1.228658e-02  1.531449e-07  7.237905e+05  1.030130e+02
   372  1.712616e+00  1.709862e+00  2.519677e+00  1.190174e-05  1.223157e-02  1.455770e-07  7.597109e+05  1.056567e+02
   373  1.718194e+00  1.715414e+00  2.540110e+00  1.136076e-05  1.217500e-02  1.383172e-07  7.977343e+05  1.083940e+02
   374  1.723824e+00  1.721018e+00  2.560567e+00  1.084090e-05  1.211678e-02  1.313568e-07  8.379944e+05  1.112287e+02
   375  1.729506e+00  1.726674e+00  2.581047e+00  1.034159e-05  1.205689e-02  1.246875e-07  8.806328e+05  1.141647e+02
   376  1.735240e+00  1.732382e+00  2.601548e+00  9.862266e-06  1.199529e-02  1.183007e-07  9.258017e+05  1.172059e+02
   377  1.741025e+00  1.738142e+00  2.622070e+00  9.402318e-06  1.193195e-02  1.121880e-07  9.736644e+05  1.203566e+02
   378  1.746862e+00  1.743954e+00  2.642612e+00  8.961157e-06  1.186688e-02  1.063410e-07  1.024396e+06  1.236212e+02
   379  1.752751e+00  1.749817e+00  2.663173e+00  8.538199e-06  1.180007e-02  1.007513e-07  1.078181e+06  1.270041e+02
   380  1.758691e+00  1.755731e+00  2.683753e+00  8.132849e-06  1.173153e-02  9.541074e-08  1.135220e+06  1.305102e+02
   381  1.764682e+00  1.761697e+00  2.704349e+00  7.744520e-06  1.166128e-02  9.031100e-08  1.195728e+06  1.341445e+02
   382  1.770724e+00  1.767713e+00  2.724962e+00  7.372640e-06  1.158934e-02  8.544403e-08  1.259933e+06  1.379121e+02
   383  1.776816e+00  1.773780e+00  2.745591e+00  7.016636e-06  1.151574e-02  8.080179e-08  1.328082e+06  1.418185e+02
   384  1.782959e+00  1.779898e+00  2.766234e+00  6.675956e-06  1.144052e-02  7.637643e-08  1.400437e+06  1.458692e+02
   385  1.789151e+00  1.786066e+00  2.786890e+00  6.350055e-06  1.136371e-02  7.216019e-08  1.477279e+06  1.500702e+02
   386  1.795393e+00  1.792283e+00  2.807560e+00  6.038394e-06  1.128535e-02  6.814539e-08  1.558910e+06  1.544276e+02
   387  1.801685e+00  1.798551e+00  2.828242e+00  5.740452e-06  1.120548e-02  6.432452e-08  1.645655e+06  1.589480e+02
   388  1.808026e+00  1.804867e+00  2.848934e+00  5.455721e-06  1.112414e-02  6.069021e-08  1.737859e+06  1.636379e+02
   389  1.814415e+00  1.811232e+00  2.869636e+00  5.183704e-06  1.104138e-02  5.723524e-08  1.835896e+06  1.685045e+02
   390  1.820853e+00  1.817646e+00  2.890347e+00  4.923921e-06  1.095724e-02  5.395260e-08  1.940163e+06  1.735550e+02
   391  1.827339e+00  1.824108e+00  2.911066e+00  4.675901e-06  1.087178e-02  5.083535e-08  2.051089e+06  1.787971e+02
   392  1.833872e+00  1.830618e+00  2.931793e+00  4.439188e-06  1.078502e-02  4.787674e-08  2.169132e+06  1.842388e+02
   393  1.840453e+00  1.837175e+00  2.952525e+00  4.213339e-06  1.069703e-02  4.507021e-08  2.294785e+06  1.898884e+02
   394  1.847081e+00  1.843780e+00  2.973262e+00  3.997922e-06  1.060784e-02  4.240933e-08  2.428579e+06  1.957549e+02
   395  1.853755e+00  1.850431e+00  2.994003e+00  3.792524e-06  1.051751e-02  3.988790e-08  2.571078e+06  2.018472e+02
   396  1.860475e+00  1.857128e+00  3.014747e+00  3.596743e-06  1.042607e-02  3.749991e-08  2.722891e+06  2.081748e+02
   397  1.867241e+00  1.863871e+00  3.035493e+00  3.410184e-06  1.033358e-02  3.523941e-08  2.884674e+06  2.147479e+02
   398  1.874052e+00  1.870660e+00  3.056239e+00  3.232469e-06  1.024008e-02  3.310074e-08  3.057130e+06  2.215769e+02
   399  1.880908e+00  1.877493e+00  3.076985e+00  3.063234e-06  1.014561e-02  3.107837e-08  3.241013e+06  2.286726e+02
   400  1.887808e+00  1.884372e+00  3.097730e+00  2.902122e-06  1.005022e-02  2.916697e-08  3.437135e+06  2.360465e+02
   401  1.894752e+00  1.891294e+00  3.118471e+00  2.748788e-06  9.953964e-03  2.736134e-08  3.646370e+06  2.437107e+02
   402  1.901739e+00  1.898260e+00  3.139210e+00  2.602902e-06  9.856885e-03  2.565651e-08  3.869656e+06  2.516776e+02
   403  1.908770e+00  1.905269e+00  3.159943e+00  2.464141e-06  9.759035e-03  2.404764e-08  4.108006e+06  2.599603e+02
   404  1.915843e+00  1.912321e+00  3.180670e+00  2.332197e-06  9.660466e-03  2.253011e-08  4.362504e+06  2.685726e+02
   405  1.922957e+00  1.919415e+00  3.201389e+00  2.206769e-06  9.561228e-03  2.109943e-08  4.634322e+06  2.775287e+02
   406  1.930114e+00  1.926550e+00  3.222100e+00  2.087570e-06  9.461370e-03  1.975127e-08  4.924724e+06  2.868440e+02
   407  1.937311e+00  1.933727e+00  3.242801e+00  1.974325e-06  9.360940e-03  1.848153e-08  5.235061e+06  2.965338e+02
   408  1.944549e+00  1.940945e+00  3.263492e+00  1.866764e-06  9.259984e-03  1.728620e-08  5.566798e+06  3.066150e+02
   409  1.951827e+00  1.948204e+00  3.284169e+00  1.764633e-06  9.158545e-03  1.616147e-08  5.921508e+06  3.171048e+02
   410  1.959145e+00  1.955502e+00  3.304833e+00  1.667685e-06  9.056662e-03  1.510366e-08  6.300889e+06  3.280214e+02
   411  1.966502e+00  1.962839e+00  3.325481e+00  1.575687e-06  8.954381e-03  1.410930e-08  6.706752e+06  3.393833e+02
   412  1.973897e+00  1.970215e+00  3.346113e+00  1.488409e-06  8.851734e-03  1.317500e-08  7.141072e+06  3.512108e+02
   413  1.981330e+00  1.977630e+00  3.366726e+00  1.405631e-06  8.748762e-03  1.229753e-08  7.605985e+06  3.635251e+02
   414  1.988801e+00  1.985082e+00  3.387321e+00  1.327143e-06  8.645513e-03  1.147383e-08  8.103766e+06  3.763475e+02
   415  1.996309e+00  1.992571e+00  3.407894e+00  1.252740e-06  8.542036e-03  1.070095e-08  8.636907e+06  3.897015e+02
   416  2.003853e+00  2.000097e+00  3.428445e+00  1.182230e-06  8.438380e-03  9.976105e-09  9.208068e+06  4.036108e+02
   417  2.011434e+00  2.007660e+00  3.448972e+00  1.115426e-06  8.334584e-03  9.296609e-09  9.820133e+06  4.181008e+02
   418  2.019049e+00  2.015258e+00  3.469473e+00  1.052151e-06  8.230673e-03  8.659912e-09  1.047621e+07  4.331981e+02
   419  2.026700e+00  2.022891e+00  3.489947e+00  9.922368e-07  8.126677e-03  8.063588e-09  1.117965e+07  4.489305e+02
   420  2.034385e+00  2.030559e+00  3.510392e+00  9.355179e-07  8.022641e-03  7.505324e-09  1.193409e+07  4.653273e+02
   421  2.042103e+00  2.038261e+00  3.530806e+00  8.818356e-07  7.918630e-03  6.982930e-09  1.274346e+07  4.824190e+02
   422  2.049855e+00  2.045997e+00  3.551188e+00  8.310389e-07  7.814685e-03  6.494308e-09  1.361203e+07  5.002382e+02
   423  2.057640e+00  2.053765e+00  3.571535e+00  7.829914e-07  7.710784e-03  6.037478e-09  1.454433e+07  5.188185e+02
   424  2.065457e+00  2.061566e+00  3.591847e+00  7.375597e-07  7.606919e-03  5.610556e-09  1.554528e+07  5.381958e+02
   425  2.073306e+00  2.069399e+00  3.612121e+00  6.946072e-07  7.503170e-03  5.211756e-09  1.662028e+07  5.584075e+02
   426  2.081185e+00  2.077263e+00  3.632356e+00  6.540027e-07  7.399634e-03  4.839381e-09  1.777523e+07  5.794932e+02
   427  2.089096e+00  2.085159e+00  3.652549e+00  6.156239e-07  7.296387e-03  4.491830e-09  1.901650e+07  6.014944e+02
   428  2.097036e+00  2.093084e+00  3.672697e+00  5.793620e-07  7.193425e-03  4.167597e-09  2.035083e+07  6.244539e+02
   429  2.105006e+00  2.101039e+00  3.692801e+00  5.451106e-07  7.090742e-03  3.865239e-09  2.178560e+07  6.484180e+02
   430  2.113005e+00  2.109024e+00  3.712856e+00  5.127685e-07  6.988332e-03  3.583396e-09  2.332877e+07  6.734352e+02
   431  2.121032e+00  2.117037e+00  3.732862e+00  4.822332e-07  6.886285e-03  3.320795e-09  2.498909e+07  6.995556e+02
   432  2.129087e+00  2.125078e+00  3.752816e+00  4.534113e-07  6.784601e-03  3.076215e-09  2.677598e+07  7.268334e+02
   433  2.137170e+00  2.133147e+00  3.772715e+00  4.262170e-07  6.683252e-03  2.848515e-09  2.869957e+07  7.553252e+02
   434  2.145279e+00  2.141244e+00  3.792558e+00  4.005615e-07  6.582314e-03  2.636622e-09  3.077099e+07  7.850898e+02
   435  2.153415e+00  2.149366e+00  3.812342e+00  3.763601e-07  6.481879e-03  2.439521e-09  3.300243e+07  8.161895e+02
   436  2.161576e+00  2.157515e+00  3.832064e+00  3.535369e-07  6.381957e-03  2.256257e-09  3.540694e+07  8.486898e+02
   437  2.169763e+00  2.165689e+00  3.851724e+00  3.320293e-07  6.282335e-03  2.085919e-09  3.799820e+07  8.826622e+02
   438  2.177974e+00  2.173888e+00  3.871316e+00  3.117415e-07  6.183541e-03  1.927666e-09  4.079311e+07  9.181790e+02
   439  2.186210e+00  2.182112e+00  3.890841e+00  2.926275e-07  6.085225e-03  1.780704e-09  4.380731e+07  9.553167e+02
   440  2.194470e+00  2.190360e+00  3.910294e+00  2.746216e-07  5.987426e-03  1.644276e-09  4.705928e+07  9.941590e+02
   441  2.202753e+00  2.198631e+00  3.929672e+00  2.576556e-07  5.890372e-03  1.517687e-09  5.056954e+07  1.034790e+03
   442  2.211058e+00  2.206925e+00  3.948974e+00  2.416911e-07  5.793656e-03  1.400275e-09  5.435795e+07  1.077300e+03
   443  2.219385e+00  2.215241e+00  3.968197e+00  2.266594e-07  5.697599e-03  1.291414e-09  5.844944e+07  1.121787e+03
   444  2.227734e+00  2.223580e+00  3.987338e+00  2.125121e-07  5.602146e-03  1.190524e-09  6.286938e+07  1.168353e+03
   445  2.236104e+00  2.231939e+00  4.006394e+00  1.991973e-07  5.507388e-03  1.097057e-09  6.764624e+07  1.217107e+03
   446  2.244493e+00  2.240319e+00  4.025361e+00  1.866697e-07  5.413351e-03  1.010508e-09  7.281036e+07  1.268158e+03
   447  2.252903e+00  2.248719e+00  4.044236e+00  1.748806e-07  5.320199e-03  9.303997e-10  7.839609e+07  1.321626e+03
   448  2.261333e+00  2.257138e+00  4.063018e+00  1.637983e-07  5.227634e-03  8.562775e-10  8.443802e+07  1.377641e+03
   449  2.269780e+00  2.265577e+00  4.081701e+00  1.533806e-07  5.135763e-03  7.877262e-10  9.097607e+07  1.436335e+03
   450  2.278247e+00  2.274034e+00  4.100285e+00  1.435825e-07  5.044836e-03  7.243504e-10  9.805615e+07  1.497852e+03
   451  2.286731e+00  2.282510e+00  4.118764e+00  1.343807e-07  4.954462e-03  6.657843e-10  1.057218e+08  1.562343e+03
   452  2.295232e+00  2.291002e+00  4.137136e+00  1.257358e-07  4.864867e-03  6.116879e-10  1.140265e+08  1.629965e+03
   453  2.303750e+00  2.299512e+00  4.155398e+00  1.176168e-07  4.776005e-03  5.617387e-10  1.230263e+08  1.700889e+03
   454  2.312284e+00  2.308038e+00  4.173546e+00  1.099868e-07  4.688189e-03  5.156391e-10  1.327874e+08  1.775294e+03
   455  2.320833e+00  2.316579e+00  4.191575e+00  1.028239e-07  4.601175e-03  4.731107e-10  1.433744e+08  1.853369e+03
   456  2.329397e+00  2.325136e+00  4.209483e+00  9.610488e-08  4.514805e-03  4.338948e-10  1.548585e+08  1.935312e+03
   457  2.337975e+00  2.333707e+00  4.227266e+00  8.980074e-08  4.429231e-03  3.977482e-10  1.673231e+08  2.021339e+03
   458  2.346568e+00  2.342293e+00  4.244922e+00  8.388366e-08  4.344624e-03  3.644429e-10  1.808617e+08  2.111682e+03
   459  2.355173e+00  2.350892e+00  4.262445e+00  7.833218e-08  4.260958e-03  3.337702e-10  1.955717e+08  2.206579e+03
   460  2.363791e+00  2.359503e+00  4.279832e+00  7.313236e-08  4.177849e-03  3.055360e-10  2.115505e+08  2.306280e+03
   461  2.372420e+00  2.368127e+00  4.297077e+00  6.824860e-08  4.096178e-03  2.795584e-10  2.289375e+08  2.411054e+03
   462  2.381060e+00  2.376761e+00  4.314179e+00  6.368316e-08  4.014667e-03  2.556667e-10  2.478282e+08  2.521194e+03
   463  2.389712e+00  2.385407e+00  4.331132e+00  5.939245e-08  3.934888e-03  2.337026e-10  2.684124e+08  2.637008e+03
   464  2.398373e+00  2.394064e+00  4.347934e+00  5.538170e-08  3.855442e-03  2.135209e-10  2.908015e+08  2.758818e+03
   465  2.407042e+00  2.402729e+00  4.364577e+00  5.162506e-08  3.776970e-03  1.949863e-10  3.151865e+08  2.886963e+03
   466  2.415721e+00  2.411403e+00  4.381063e+00  4.810587e-08  3.699566e-03  1.779709e-10  3.417641e+08  3.021821e+03
   467  2.424408e+00  2.420086e+00  4.397382e+00  4.481030e-08  3.623216e-03  1.623574e-10  3.707448e+08  3.163787e+03
   468  2.433100e+00  2.428776e+00  4.413531e+00  4.173004e-08  3.547547e-03  1.480393e-10  4.023343e+08  3.313254e+03
   469  2.441801e+00  2.437472e+00  4.429508e+00  3.884538e-08  3.473110e-03  1.349143e-10  4.368188e+08  3.470678e+03
   470  2.450506e+00  2.446175e+00  4.445308e+00  3.615022e-08  3.399379e-03  1.228883e-10  4.744487e+08  3.636537e+03
   471  2.459214e+00  2.454882e+00  4.460922e+00  3.362997e-08  3.326690e-03  1.118765e-10  5.155459e+08  3.811306e+03
   472  2.467928e+00  2.463593e+00  4.476353e+00  3.127606e-08  3.254806e-03  1.017975e-10  5.604352e+08  3.995533e+03
   473  2.476643e+00  2.472307e+00  4.491590e+00  2.907313e-08  3.184282e-03  9.257705e-11  6.095403e+08  4.189784e+03
   474  2.485360e+00  2.481023e+00  4.506634e+00  2.702183e-08  3.114022e-03  8.414655e-11  6.631694e+08  4.394658e+03
   475  2.494077e+00  2.489740e+00  4.521475e+00  2.509838e-08  3.045711e-03  7.644240e-11  7.219548e+08  4.610798e+03
   476  2.502794e+00  2.498457e+00  4.536111e+00  2.330736e-08  2.977879e-03  6.940649e-11  7.862369e+08  4.838862e+03
   477  2.511509e+00  2.507173e+00  4.550538e+00  2.163497e-08  2.911210e-03  6.298394e-11  8.566569e+08  5.079586e+03
   478  2.520221e+00  2.515887e+00  4.564753e+00  2.007810e-08  2.845104e-03  5.712427e-11  9.337452e+08  5.333753e+03
   479  2.528928e+00  2.524597e+00  4.578744e+00  1.862119e-08  2.780806e-03  5.178192e-11  1.018374e+09  5.602143e+03
   480  2.537631e+00  2.533301e+00  4.592517e+00  1.726848e-08  2.716725e-03  4.691369e-11  1.111023e+09  5.885637e+03
   481  2.546327e+00  2.542001e+00  4.606062e+00  1.600338e-08  2.654405e-03  4.247946e-11  1.212843e+09  6.185200e+03
   482  2.555012e+00  2.550691e+00  4.619369e+00  1.482725e-08  2.592817e-03  3.844434e-11  1.324505e+09  6.501702e+03
   483  2.563687e+00  2.559371e+00  4.632443e+00  1.373281e-08  2.532199e-03  3.477420e-11  1.447077e+09  6.836198e+03
   484  2.572350e+00  2.568041e+00  4.645273e+00  1.271178e-08  2.473132e-03  3.143790e-11  1.581868e+09  7.189795e+03
   485  2.580999e+00  2.576696e+00  4.657858e+00  1.176523e-08  2.414503e-03  2.840719e-11  1.729759e+09  7.563609e+03
   486  2.589632e+00  2.585337e+00  4.670191e+00  1.088216e-08  2.357600e-03  2.565578e-11  1.892561e+09  7.958857e+03
   487  2.598245e+00  2.593960e+00  4.682273e+00  1.006593e-08  2.300766e-03  2.315936e-11  2.071141e+09  8.376836e+03
   488  2.606838e+00  2.602563e+00  4.694093e+00  9.302366e-09  2.246303e-03  2.089593e-11  2.268153e+09  8.818858e+03
   489  2.615405e+00  2.611143e+00  4.705648e+00  8.595855e-09  2.192415e-03  1.884568e-11  2.484560e+09  9.286185e+03
   490  2.623945e+00  2.619696e+00  4.716936e+00  7.940604e-09  2.139583e-03  1.698958e-11  2.722588e+09  9.780295e+03
   491  2.632456e+00  2.628222e+00  4.727955e+00  7.332612e-09  2.087954e-03  1.531016e-11  2.984564e+09  1.030276e+04
   492  2.640933e+00  2.636715e+00  4.738698e+00  6.769339e-09  2.037383e-03  1.379174e-11  3.272784e+09  1.085510e+04
   493  2.649373e+00  2.645174e+00  4.749160e+00  6.245085e-09  1.988781e-03  1.242010e-11  3.590610e+09  1.143880e+04
   494  2.657771e+00  2.653592e+00  4.759340e+00  5.762435e-09  1.940508e-03  1.118205e-11  3.939455e+09  1.205542e+04
   495  2.666122e+00  2.661966e+00  4.769233e+00  5.313999e-09  1.894131e-03  1.006541e-11  4.323879e+09  1.270655e+04
   496  2.674421e+00  2.670292e+00  4.778833e+00  4.899381e-09  1.849051e-03  9.059204e-12  4.746619e+09  1.339363e+04
   497  2.682669e+00  2.678565e+00  4.788149e+00  4.518549e-09  1.804293e-03  8.152787e-12  5.210117e+09  1.411855e+04
   498  2.690853e+00  2.686781e+00  4.797166e+00  4.164234e-09  1.761898e-03  7.336954e-12  5.721034e+09  1.488282e+04
   499  2.698970e+00  2.694931e+00  4.805881e+00  3.836176e-09  1.721448e-03  6.603778e-12  6.282818e+09  1.568726e+04
