     i         log_r      log_rmid             m           rho            v2             p        trelax            kn
     0  -2.008036e+00  -2.309066e+00  4.936543e-05  1.565494e+02  9.650525e-03  1.510784e+00  6.502392e-02  3.279760e-02
     1  -1.998144e+00  -2.003062e+00  5.153900e-05  9.747257e+01  1.549958e-02  1.510784e+00  8.240577e-02  3.279760e-02
     2  -1.988286e+00  -1.993187e+00  5.380601e-05  9.528090e+01  1.573807e-02  1.499538e+00  8.366010e-02  3.292036e-02
     3  -1.978449e+00  -1.983340e+00  5.617461e-05  9.320454e+01  1.596860e-02  1.488346e+00  8.490427e-02  3.304390e-02
     4  -1.968639e+00  -1.973517e+00  5.864622e-05  9.112608e+01  1.621053e-02  1.477202e+00  8.619036e-02  3.316831e-02
     5  -1.958861e+00  -1.963722e+00  6.122269e-05  8.906432e+01  1.646132e-02  1.466116e+00  8.751125e-02  3.329347e-02
     6  -1.949095e+00  -1.953950e+00  6.391625e-05  8.714923e+01  1.669637e-02  1.455076e+00  8.880254e-02  3.341954e-02
     7  -1.939350e+00  -1.944195e+00  6.672776e-05  8.521974e+01  1.694527e-02  1.444071e+00  9.014375e-02  3.354664e-02
     8  -1.929620e+00  -1.934458e+00  6.966511e-05  8.336270e+01  1.719118e-02  1.433104e+00  9.149035e-02  3.367476e-02
     9  -1.919917e+00  -1.924741e+00  7.272580e-05  8.146113e+01  1.745839e-02  1.422180e+00  9.290678e-02  3.380383e-02
    10  -1.910227e+00  -1.915045e+00  7.592335e-05  7.968884e+01  1.771014e-02  1.411300e+00  9.429562e-02  3.393388e-02
    11  -1.900556e+00  -1.905365e+00  7.925890e-05  7.790593e+01  1.797624e-02  1.400455e+00  9.573707e-02  3.406502e-02
    12  -1.890898e+00  -1.895700e+00  8.274157e-05  7.619102e+01  1.823898e-02  1.389647e+00  9.718425e-02  3.419724e-02
    13  -1.881258e+00  -1.886051e+00  8.637379e-05  7.448299e+01  1.851261e-02  1.378874e+00  9.867545e-02  3.433056e-02
    14  -1.871633e+00  -1.876419e+00  9.016405e-05  7.282533e+01  1.878659e-02  1.368140e+00  1.001829e-01  3.446498e-02
    15  -1.862011e+00  -1.866795e+00  9.412640e-05  7.126053e+01  1.904882e-02  1.357429e+00  1.016756e-01  3.460069e-02
    16  -1.852405e+00  -1.857181e+00  9.825814e-05  6.965474e+01  1.933457e-02  1.346744e+00  1.032481e-01  3.473767e-02
    17  -1.842805e+00  -1.847579e+00  1.025750e-04  6.814141e+01  1.960758e-02  1.336088e+00  1.048038e-01  3.487592e-02
    18  -1.833224e+00  -1.837988e+00  1.070736e-04  6.658911e+01  1.990510e-02  1.325463e+00  1.064424e-01  3.501543e-02
    19  -1.823649e+00  -1.828410e+00  1.117716e-04  6.513019e+01  2.018833e-02  1.314870e+00  1.080606e-01  3.515620e-02
    20  -1.814083e+00  -1.818840e+00  1.166741e-04  6.368181e+01  2.048153e-02  1.304301e+00  1.097245e-01  3.529835e-02
    21  -1.804526e+00  -1.809279e+00  1.217905e-04  6.226883e+01  2.077697e-02  1.293758e+00  1.114136e-01  3.544188e-02
    22  -1.794977e+00  -1.799725e+00  1.271309e-04  6.089076e+01  2.107446e-02  1.283240e+00  1.131281e-01  3.558683e-02
    23  -1.785439e+00  -1.790182e+00  1.327005e-04  5.952292e+01  2.138250e-02  1.272749e+00  1.148911e-01  3.573320e-02
    24  -1.775904e+00  -1.780645e+00  1.385159e-04  5.821146e+01  2.168444e-02  1.262283e+00  1.166588e-01  3.588103e-02
    25  -1.766377e+00  -1.771114e+00  1.445845e-04  5.691704e+01  2.199408e-02  1.251838e+00  1.184690e-01  3.603041e-02
    26  -1.756858e+00  -1.761591e+00  1.509149e-04  5.564281e+01  2.231049e-02  1.241419e+00  1.203196e-01  3.618130e-02
    27  -1.747338e+00  -1.752072e+00  1.575290e-04  5.443105e+01  2.261610e-02  1.231018e+00  1.221643e-01  3.633382e-02
    28  -1.737830e+00  -1.742558e+00  1.644237e-04  5.319672e+01  2.294575e-02  1.220639e+00  1.240978e-01  3.648797e-02
    29  -1.728328e+00  -1.733053e+00  1.716176e-04  5.200950e+01  2.327052e-02  1.210288e+00  1.260417e-01  3.664367e-02
    30  -1.718830e+00  -1.723553e+00  1.791246e-04  5.085034e+01  2.359786e-02  1.199959e+00  1.280176e-01  3.680103e-02
    31  -1.709335e+00  -1.714057e+00  1.869613e-04  4.972451e+01  2.392483e-02  1.189650e+00  1.300185e-01  3.696014e-02
    32  -1.699844e+00  -1.704563e+00  1.951388e-04  4.861528e+01  2.425904e-02  1.179360e+00  1.320658e-01  3.712103e-02
    33  -1.690360e+00  -1.695076e+00  2.036668e-04  4.751913e+01  2.460259e-02  1.169094e+00  1.341656e-01  3.728366e-02
    34  -1.680878e+00  -1.685593e+00  2.125676e-04  4.646185e+01  2.494198e-02  1.158850e+00  1.362819e-01  3.744808e-02
    35  -1.671399e+00  -1.676113e+00  2.218557e-04  4.542482e+01  2.528631e-02  1.148626e+00  1.384408e-01  3.761438e-02
    36  -1.661926e+00  -1.666637e+00  2.315430e-04  4.440122e+01  2.563948e-02  1.138424e+00  1.406535e-01  3.778254e-02
    37  -1.652455e+00  -1.657164e+00  2.416522e-04  4.341034e+01  2.599022e-02  1.128244e+00  1.428900e-01  3.795261e-02
    38  -1.642986e+00  -1.647694e+00  2.522004e-04  4.243791e+01  2.634635e-02  1.118084e+00  1.451730e-01  3.812466e-02
    39  -1.633519e+00  -1.638226e+00  2.632088e-04  4.149139e+01  2.670296e-02  1.107943e+00  1.474899e-01  3.829875e-02
    40  -1.624057e+00  -1.628762e+00  2.746873e-04  4.055030e+01  2.707314e-02  1.097824e+00  1.498776e-01  3.847485e-02
    41  -1.614597e+00  -1.619301e+00  2.866651e-04  3.964244e+01  2.743848e-02  1.087728e+00  1.522859e-01  3.865299e-02
    42  -1.605140e+00  -1.609843e+00  2.991578e-04  3.874663e+01  2.781283e-02  1.077653e+00  1.547546e-01  3.883325e-02
    43  -1.595686e+00  -1.600387e+00  3.121906e-04  3.787486e+01  2.818760e-02  1.067601e+00  1.572606e-01  3.901564e-02
    44  -1.586232e+00  -1.590933e+00  3.257907e-04  3.702603e+01  2.856285e-02  1.057569e+00  1.598056e-01  3.920026e-02
    45  -1.576781e+00  -1.581481e+00  3.399746e-04  3.618724e+01  2.894826e-02  1.047558e+00  1.624177e-01  3.938712e-02
    46  -1.567331e+00  -1.572030e+00  3.547724e-04  3.537193e+01  2.933312e-02  1.037569e+00  1.650677e-01  3.957626e-02
    47  -1.557885e+00  -1.562582e+00  3.702053e-04  3.456992e+01  2.972533e-02  1.027602e+00  1.677792e-01  3.976772e-02
    48  -1.548441e+00  -1.553137e+00  3.863001e-04  3.378519e+01  3.012148e-02  1.017660e+00  1.705436e-01  3.996151e-02
    49  -1.538996e+00  -1.543692e+00  4.030957e-04  3.302599e+01  3.051350e-02  1.007738e+00  1.733398e-01  4.015775e-02
    50  -1.529553e+00  -1.534249e+00  4.206106e-04  3.227458e+01  3.091715e-02  9.978382e-01  1.762137e-01  4.035647e-02
    51  -1.520112e+00  -1.524807e+00  4.388801e-04  3.154282e+01  3.132128e-02  9.879616e-01  1.791347e-01  4.055769e-02
    52  -1.510673e+00  -1.515367e+00  4.579325e-04  3.082426e+01  3.173177e-02  9.781083e-01  1.821211e-01  4.076147e-02
    53  -1.501232e+00  -1.505927e+00  4.778138e-04  3.012951e+01  3.213715e-02  9.682764e-01  1.851417e-01  4.096789e-02
    54  -1.491796e+00  -1.496488e+00  4.985347e-04  2.943555e+01  3.256160e-02  9.584688e-01  1.882673e-01  4.117696e-02
    55  -1.482360e+00  -1.487052e+00  5.201481e-04  2.876635e+01  3.297908e-02  9.486876e-01  1.914238e-01  4.138869e-02
    56  -1.472925e+00  -1.477617e+00  5.426885e-04  2.810994e+01  3.340206e-02  9.389296e-01  1.946496e-01  4.160320e-02
    57  -1.463490e+00  -1.468182e+00  5.661971e-04  2.746841e+01  3.382779e-02  9.291956e-01  1.979382e-01  4.182055e-02
    58  -1.454058e+00  -1.458749e+00  5.907064e-04  2.683752e+01  3.426124e-02  9.194869e-01  2.013057e-01  4.204075e-02
    59  -1.444626e+00  -1.449316e+00  6.162668e-04  2.622363e+01  3.469406e-02  9.098041e-01  2.047291e-01  4.226387e-02
    60  -1.435195e+00  -1.439885e+00  6.429189e-04  2.562164e+01  3.513227e-02  9.001465e-01  2.082284e-01  4.248999e-02
    61  -1.425764e+00  -1.430454e+00  6.707104e-04  2.503349e+01  3.557293e-02  8.905147e-01  2.117965e-01  4.271916e-02
    62  -1.416335e+00  -1.421024e+00  6.996861e-04  2.445678e+01  3.601902e-02  8.809093e-01  2.154442e-01  4.295143e-02
    63  -1.406906e+00  -1.411595e+00  7.298974e-04  2.389333e+01  3.646753e-02  8.713309e-01  2.191644e-01  4.318687e-02
    64  -1.397478e+00  -1.402166e+00  7.613962e-04  2.334214e+01  3.691947e-02  8.617795e-01  2.229624e-01  4.342553e-02
    65  -1.388050e+00  -1.392738e+00  7.942322e-04  2.280191e+01  3.737653e-02  8.522561e-01  2.268451e-01  4.366749e-02
    66  -1.378623e+00  -1.383311e+00  8.284723e-04  2.227611e+01  3.783246e-02  8.427601e-01  2.307960e-01  4.391281e-02
    67  -1.369196e+00  -1.373884e+00  8.641640e-04  2.175941e+01  3.829570e-02  8.332919e-01  2.348431e-01  4.416159e-02
    68  -1.359770e+00  -1.364458e+00  9.013664e-04  2.125305e+01  3.876400e-02  8.238535e-01  2.389815e-01  4.441383e-02
    69  -1.350345e+00  -1.355032e+00  9.401486e-04  2.075951e+01  3.923236e-02  8.144447e-01  2.431984e-01  4.466964e-02
    70  -1.340920e+00  -1.345607e+00  9.805784e-04  2.027695e+01  3.970346e-02  8.050649e-01  2.475046e-01  4.492911e-02
    71  -1.331494e+00  -1.336181e+00  1.022722e-03  1.980466e+01  4.017814e-02  7.957146e-01  2.519055e-01  4.519232e-02
    72  -1.322070e+00  -1.326757e+00  1.066645e-03  1.934130e+01  4.065884e-02  7.863950e-01  2.564111e-01  4.545931e-02
    73  -1.312646e+00  -1.317333e+00  1.112418e-03  1.888779e+01  4.114339e-02  7.771076e-01  2.610171e-01  4.573016e-02
    74  -1.303223e+00  -1.307909e+00  1.160127e-03  1.844579e+01  4.162749e-02  7.678519e-01  2.657129e-01  4.600495e-02
    75  -1.293800e+00  -1.298486e+00  1.209843e-03  1.801206e+01  4.211781e-02  7.586283e-01  2.705228e-01  4.628377e-02
    76  -1.284377e+00  -1.289063e+00  1.261660e-03  1.758925e+01  4.260769e-02  7.494374e-01  2.754284e-01  4.656671e-02
    77  -1.274955e+00  -1.279640e+00  1.315650e-03  1.717383e+01  4.310510e-02  7.402796e-01  2.804585e-01  4.685386e-02
    78  -1.265533e+00  -1.270218e+00  1.371910e-03  1.676865e+01  4.360256e-02  7.311560e-01  2.855919e-01  4.714528e-02
    79  -1.256111e+00  -1.260796e+00  1.430537e-03  1.637260e+01  4.410210e-02  7.220662e-01  2.908390e-01  4.744110e-02
    80  -1.246689e+00  -1.251374e+00  1.491613e-03  1.598368e+01  4.460873e-02  7.130114e-01  2.962193e-01  4.774138e-02
    81  -1.237268e+00  -1.241953e+00  1.555254e-03  1.560479e+01  4.511385e-02  7.039923e-01  3.017081e-01  4.804623e-02
    82  -1.227847e+00  -1.232532e+00  1.621555e-03  1.523348e+01  4.562377e-02  6.950087e-01  3.073303e-01  4.835575e-02
    83  -1.218426e+00  -1.223111e+00  1.690622e-03  1.486997e+01  4.613743e-02  6.860620e-01  3.130858e-01  4.867003e-02
    84  -1.209006e+00  -1.213690e+00  1.762572e-03  1.451485e+01  4.665241e-02  6.771526e-01  3.189705e-01  4.898916e-02
    85  -1.199585e+00  -1.204270e+00  1.837521e-03  1.416747e+01  4.717009e-02  6.682806e-01  3.249933e-01  4.931327e-02
    86  -1.190165e+00  -1.194850e+00  1.915590e-03  1.382775e+01  4.769012e-02  6.594469e-01  3.311573e-01  4.964247e-02
    87  -1.180745e+00  -1.185430e+00  1.996900e-03  1.349502e+01  4.821423e-02  6.506521e-01  3.374728e-01  4.997684e-02
    88  -1.171326e+00  -1.176010e+00  2.081586e-03  1.317007e+01  4.873908e-02  6.418970e-01  3.439326e-01  5.031652e-02
    89  -1.161906e+00  -1.166590e+00  2.169788e-03  1.285237e+01  4.926573e-02  6.331815e-01  3.505454e-01  5.066163e-02
    90  -1.152486e+00  -1.157170e+00  2.261641e-03  1.254142e+01  4.979549e-02  6.245064e-01  3.573207e-01  5.101229e-02
    91  -1.143066e+00  -1.147751e+00  2.357288e-03  1.223711e+01  5.032826e-02  6.158726e-01  3.642630e-01  5.136861e-02
    92  -1.133647e+00  -1.138331e+00  2.456877e-03  1.193933e+01  5.086394e-02  6.072811e-01  3.713772e-01  5.173070e-02
    93  -1.124227e+00  -1.128912e+00  2.560586e-03  1.164914e+01  5.139709e-02  5.987317e-01  3.786491e-01  5.209873e-02
    94  -1.114809e+00  -1.119492e+00  2.668544e-03  1.136374e+01  5.193937e-02  5.902256e-01  3.861271e-01  5.247280e-02
    95  -1.105389e+00  -1.110074e+00  2.780947e-03  1.108586e+01  5.247796e-02  5.817636e-01  3.937694e-01  5.285304e-02
    96  -1.095971e+00  -1.100655e+00  2.897949e-03  1.081327e+01  5.302247e-02  5.733460e-01  4.016180e-01  5.323961e-02
    97  -1.086552e+00  -1.091236e+00  3.019750e-03  1.054746e+01  5.356490e-02  5.649737e-01  4.096490e-01  5.363264e-02
    98  -1.077133e+00  -1.081817e+00  3.146529e-03  1.028710e+01  5.411115e-02  5.566469e-01  4.178916e-01  5.403229e-02
    99  -1.067715e+00  -1.072399e+00  3.278481e-03  1.003283e+01  5.465720e-02  5.483666e-01  4.263367e-01  5.443870e-02
   100  -1.058297e+00  -1.062980e+00  3.415810e-03  9.783819e+00  5.520680e-02  5.401333e-01  4.350061e-01  5.485204e-02
   101  -1.048878e+00  -1.053562e+00  3.558731e-03  9.540641e+00  5.575596e-02  5.319476e-01  4.438915e-01  5.527247e-02
   102  -1.039460e+00  -1.044143e+00  3.707443e-03  9.302452e+00  5.630884e-02  5.238103e-01  4.530167e-01  5.570013e-02
   103  -1.030042e+00  -1.034725e+00  3.862193e-03  9.070142e+00  5.685932e-02  5.157221e-01  4.623651e-01  5.613521e-02
   104  -1.020623e+00  -1.025307e+00  4.023197e-03  8.842500e+00  5.741402e-02  5.076835e-01  4.719717e-01  5.657789e-02
   105  -1.011205e+00  -1.015889e+00  4.190697e-03  8.619961e+00  5.796957e-02  4.996954e-01  4.818309e-01  5.702832e-02
   106  -1.001787e+00  -1.006471e+00  4.364955e-03  8.402739e+00  5.852358e-02  4.917584e-01  4.919418e-01  5.748670e-02
   107  -9.923691e-01  -9.970526e-01  4.546218e-03  8.190157e+00  5.907980e-02  4.838728e-01  5.023290e-01  5.795323e-02
   108  -9.829514e-01  -9.876347e-01  4.734748e-03  7.982202e+00  5.963767e-02  4.760400e-01  5.129995e-01  5.842807e-02
   109  -9.735334e-01  -9.782169e-01  4.930837e-03  7.779152e+00  6.019425e-02  4.682602e-01  5.239505e-01  5.891144e-02
   110  -9.641155e-01  -9.687990e-01  5.134764e-03  7.580571e+00  6.075187e-02  4.605339e-01  5.352026e-01  5.940356e-02
   111  -9.546976e-01  -9.593810e-01  5.346829e-03  7.386522e+00  6.130923e-02  4.528620e-01  5.467604e-01  5.990462e-02
   112  -9.452800e-01  -9.499633e-01  5.567324e-03  7.196675e+00  6.186819e-02  4.452452e-01  5.586431e-01  6.041484e-02
   113  -9.358623e-01  -9.405456e-01  5.796581e-03  7.011274e+00  6.242579e-02  4.376843e-01  5.708488e-01  6.093443e-02
   114  -9.264447e-01  -9.311280e-01  6.034915e-03  6.829943e+00  6.298438e-02  4.301797e-01  5.834001e-01  6.146364e-02
   115  -9.170271e-01  -9.217104e-01  6.282676e-03  6.652831e+00  6.354171e-02  4.227322e-01  5.962990e-01  6.200270e-02
   116  -9.076094e-01  -9.122927e-01  6.540210e-03  6.479701e+00  6.409900e-02  4.153424e-01  6.095641e-01  6.255185e-02
   117  -8.981918e-01  -9.028751e-01  6.807874e-03  6.310449e+00  6.465640e-02  4.080109e-01  6.232094e-01  6.311134e-02
   118  -8.887744e-01  -8.934576e-01  7.086044e-03  6.145141e+00  6.521225e-02  4.007385e-01  6.372408e-01  6.368142e-02
   119  -8.793568e-01  -8.840401e-01  7.375103e-03  5.983492e+00  6.576857e-02  3.935257e-01  6.516825e-01  6.426236e-02
   120  -8.699393e-01  -8.746226e-01  7.675455e-03  5.825681e+00  6.632243e-02  3.863733e-01  6.665352e-01  6.485444e-02
   121  -8.605219e-01  -8.652051e-01  7.987504e-03  5.671363e+00  6.687666e-02  3.792818e-01  6.818287e-01  6.545793e-02
   122  -8.511045e-01  -8.557876e-01  8.311671e-03  5.520608e+00  6.742952e-02  3.722520e-01  6.975704e-01  6.607311e-02
   123  -8.416867e-01  -8.463700e-01  8.648426e-03  5.373511e+00  6.797867e-02  3.652841e-01  7.137654e-01  6.670031e-02
   124  -8.322694e-01  -8.369525e-01  8.998165e-03  5.229489e+00  6.853043e-02  3.583792e-01  7.304643e-01  6.733981e-02
   125  -8.228520e-01  -8.275351e-01  9.361386e-03  5.088982e+00  6.907823e-02  3.515378e-01  7.476503e-01  6.799191e-02
   126  -8.134347e-01  -8.181178e-01  9.738557e-03  4.951674e+00  6.962506e-02  3.447606e-01  7.653590e-01  6.865694e-02
   127  -8.040173e-01  -8.087005e-01  1.013019e-02  4.817615e+00  7.016916e-02  3.380480e-01  7.836007e-01  6.933525e-02
   128  -7.945999e-01  -7.992831e-01  1.053678e-02  4.686614e+00  7.071214e-02  3.314005e-01  8.024053e-01  7.002718e-02
   129  -7.851825e-01  -7.898657e-01  1.095886e-02  4.558754e+00  7.125169e-02  3.248189e-01  8.217814e-01  7.073309e-02
   130  -7.757652e-01  -7.804484e-01  1.139696e-02  4.433813e+00  7.179005e-02  3.183037e-01  8.417643e-01  7.145333e-02
   131  -7.663481e-01  -7.710312e-01  1.185164e-02  4.311884e+00  7.232463e-02  3.118554e-01  8.623624e-01  7.218827e-02
   132  -7.569308e-01  -7.616139e-01  1.232348e-02  4.192719e+00  7.285836e-02  3.054746e-01  8.836180e-01  7.293831e-02
   133  -7.475134e-01  -7.521966e-01  1.281308e-02  4.076473e+00  7.338740e-02  2.991618e-01  9.055338e-01  7.370386e-02
   134  -7.380962e-01  -7.427793e-01  1.332102e-02  3.962907e+00  7.391479e-02  2.929175e-01  9.281548e-01  7.448531e-02
   135  -7.286791e-01  -7.333621e-01  1.384795e-02  3.852115e+00  7.443761e-02  2.867422e-01  9.514907e-01  7.528309e-02
   136  -7.192618e-01  -7.239449e-01  1.439450e-02  3.743910e+00  7.495812e-02  2.806364e-01  9.755854e-01  7.609765e-02
   137  -7.098446e-01  -7.145277e-01  1.496132e-02  3.638271e+00  7.547559e-02  2.746006e-01  1.000465e+00  7.692942e-02
   138  -7.004274e-01  -7.051105e-01  1.554911e-02  3.535185e+00  7.598903e-02  2.686353e-01  1.026154e+00  7.777888e-02
   139  -6.910102e-01  -6.956933e-01  1.615855e-02  3.434609e+00  7.649804e-02  2.627409e-01  1.052683e+00  7.864651e-02
   140  -6.815930e-01  -6.862761e-01  1.679038e-02  3.336465e+00  7.700298e-02  2.569177e-01  1.080089e+00  7.953279e-02
   141  -6.721759e-01  -6.768589e-01  1.744530e-02  3.240641e+00  7.750513e-02  2.511663e-01  1.108419e+00  8.043825e-02
   142  -6.627587e-01  -6.674417e-01  1.812408e-02  3.147164e+00  7.800260e-02  2.454870e-01  1.137696e+00  8.136339e-02
   143  -6.533415e-01  -6.580246e-01  1.882751e-02  3.056022e+00  7.849426e-02  2.398802e-01  1.167951e+00  8.230877e-02
   144  -6.439244e-01  -6.486074e-01  1.955637e-02  2.967083e+00  7.898199e-02  2.343461e-01  1.199240e+00  8.327494e-02
   145  -6.345072e-01  -6.391903e-01  2.031146e-02  2.880296e+00  7.946590e-02  2.288853e-01  1.231608e+00  8.426249e-02
   146  -6.250901e-01  -6.297731e-01  2.109364e-02  2.795700e+00  7.994349e-02  2.234980e-01  1.265080e+00  8.527200e-02
   147  -6.156729e-01  -6.203559e-01  2.190376e-02  2.713166e+00  8.041689e-02  2.181844e-01  1.299721e+00  8.630410e-02
   148  -6.062557e-01  -6.109388e-01  2.274267e-02  2.632702e+00  8.088453e-02  2.129448e-01  1.335567e+00  8.735942e-02
   149  -5.968386e-01  -6.015217e-01  2.361129e-02  2.554235e+00  8.134708e-02  2.077796e-01  1.372676e+00  8.843859e-02
   150  -5.874215e-01  -5.921046e-01  2.451054e-02  2.477777e+00  8.180271e-02  2.026889e-01  1.411088e+00  8.954232e-02
   151  -5.780044e-01  -5.826874e-01  2.544136e-02  2.403193e+00  8.225423e-02  1.976728e-01  1.450882e+00  9.067129e-02
   152  -5.685873e-01  -5.732703e-01  2.640469e-02  2.330518e+00  8.269907e-02  1.927316e-01  1.492098e+00  9.182623e-02
   153  -5.591701e-01  -5.638532e-01  2.740152e-02  2.259693e+00  8.313764e-02  1.878655e-01  1.534800e+00  9.300787e-02
   154  -5.497529e-01  -5.544360e-01  2.843287e-02  2.190648e+00  8.357097e-02  1.830746e-01  1.579064e+00  9.421699e-02
   155  -5.403357e-01  -5.450188e-01  2.949974e-02  2.123383e+00  8.399753e-02  1.783590e-01  1.624944e+00  9.545437e-02
   156  -5.309186e-01  -5.356016e-01  3.060319e-02  2.057907e+00  8.441522e-02  1.737187e-01  1.672491e+00  9.672083e-02
   157  -5.215015e-01  -5.261845e-01  3.174428e-02  1.994071e+00  8.482837e-02  1.691538e-01  1.721824e+00  9.801722e-02
   158  -5.120843e-01  -5.167673e-01  3.292412e-02  1.931904e+00  8.523420e-02  1.646643e-01  1.772995e+00  9.934442e-02
   159  -5.026671e-01  -5.073502e-01  3.414379e-02  1.871365e+00  8.563284e-02  1.602503e-01  1.826086e+00  1.007033e-01
   160  -4.932498e-01  -4.979329e-01  3.540444e-02  1.812392e+00  8.602535e-02  1.559117e-01  1.881198e+00  1.020949e-01
   161  -4.838327e-01  -4.885157e-01  3.670722e-02  1.755030e+00  8.640788e-02  1.516484e-01  1.938379e+00  1.035200e-01
   162  -4.744155e-01  -4.790985e-01  3.805332e-02  1.699160e+00  8.678429e-02  1.474604e-01  1.997768e+00  1.049798e-01
   163  -4.649985e-01  -4.696815e-01  3.944390e-02  1.644804e+00  8.715178e-02  1.433476e-01  2.059434e+00  1.064751e-01
   164  -4.555812e-01  -4.602643e-01  4.088021e-02  1.591846e+00  8.751456e-02  1.393097e-01  2.123532e+00  1.080072e-01
   165  -4.461640e-01  -4.508471e-01  4.236348e-02  1.540350e+00  8.786753e-02  1.353467e-01  2.190113e+00  1.095770e-01
   166  -4.367468e-01  -4.414299e-01  4.389496e-02  1.490267e+00  8.821132e-02  1.314584e-01  2.259300e+00  1.111857e-01
   167  -4.273296e-01  -4.320127e-01  4.547592e-02  1.441533e+00  8.854776e-02  1.276445e-01  2.331239e+00  1.128346e-01
   168  -4.179125e-01  -4.225955e-01  4.710768e-02  1.394141e+00  8.887531e-02  1.239048e-01  2.406039e+00  1.145247e-01
   169  -4.084951e-01  -4.131783e-01  4.879156e-02  1.348045e+00  8.919500e-02  1.202389e-01  2.483850e+00  1.162575e-01
   170  -3.990781e-01  -4.037611e-01  5.052886e-02  1.303245e+00  8.950474e-02  1.166466e-01  2.564785e+00  1.180340e-01
   171  -3.896610e-01  -3.943440e-01  5.232095e-02  1.259677e+00  8.980681e-02  1.131276e-01  2.649026e+00  1.198558e-01
   172  -3.802438e-01  -3.849269e-01  5.416922e-02  1.217336e+00  9.009952e-02  1.096814e-01  2.736706e+00  1.217241e-01
   173  -3.708266e-01  -3.755097e-01  5.607503e-02  1.176172e+00  9.038449e-02  1.063077e-01  2.828017e+00  1.236405e-01
   174  -3.614094e-01  -3.660925e-01  5.803982e-02  1.136206e+00  9.065797e-02  1.030061e-01  2.923075e+00  1.256064e-01
   175  -3.519924e-01  -3.566754e-01  6.006498e-02  1.097383e+00  9.092187e-02  9.977612e-02  3.022091e+00  1.276233e-01
   176  -3.425753e-01  -3.472584e-01  6.215198e-02  1.059651e+00  9.117837e-02  9.661723e-02  3.125297e+00  1.296928e-01
   177  -3.331581e-01  -3.378412e-01  6.430225e-02  1.023002e+00  9.142595e-02  9.352896e-02  3.232873e+00  1.318166e-01
   178  -3.237409e-01  -3.284239e-01  6.651726e-02  9.874357e-01  9.166245e-02  9.051078e-02  3.344995e+00  1.339964e-01
   179  -3.143236e-01  -3.190067e-01  6.879851e-02  9.529125e-01  9.188894e-02  8.756212e-02  3.461907e+00  1.362339e-01
   180  -3.049064e-01  -3.095895e-01  7.114747e-02  9.194062e-01  9.210552e-02  8.468239e-02  3.583849e+00  1.385309e-01
   181  -2.954893e-01  -3.001723e-01  7.356565e-02  8.868987e-01  9.231157e-02  8.187101e-02  3.711059e+00  1.408894e-01
   182  -2.860723e-01  -2.907553e-01  7.605458e-02  8.553546e-01  9.250821e-02  7.912732e-02  3.843826e+00  1.433112e-01
   183  -2.766550e-01  -2.813381e-01  7.861579e-02  8.247486e-01  9.269570e-02  7.645065e-02  3.982434e+00  1.457984e-01
   184  -2.672379e-01  -2.719209e-01  8.125079e-02  7.950728e-01  9.287239e-02  7.384032e-02  4.127145e+00  1.483531e-01
   185  -2.578206e-01  -2.625037e-01  8.396115e-02  7.662985e-01  9.303897e-02  7.129562e-02  4.278284e+00  1.509774e-01
   186  -2.484032e-01  -2.530864e-01  8.674840e-02  7.383974e-01  9.319620e-02  6.881583e-02  4.436196e+00  1.536735e-01
   187  -2.389858e-01  -2.436690e-01  8.961413e-02  7.113662e-01  9.334178e-02  6.640019e-02  4.601175e+00  1.564439e-01
   188  -2.295686e-01  -2.342517e-01  9.255987e-02  6.851949e-01  9.347401e-02  6.404791e-02  4.773539e+00  1.592908e-01
   189  -2.201514e-01  -2.248345e-01  9.558720e-02  6.598199e-01  9.359861e-02  6.175822e-02  4.953816e+00  1.622168e-01
   190  -2.107341e-01  -2.154172e-01  9.869768e-02  6.352388e-01  9.371325e-02  5.953029e-02  5.142360e+00  1.652244e-01
   191  -2.013169e-01  -2.060000e-01  1.018929e-01  6.114506e-01  9.381508e-02  5.736329e-02  5.339521e+00  1.683163e-01
   192  -1.918994e-01  -1.965827e-01  1.051744e-01  5.883970e-01  9.390999e-02  5.525636e-02  5.545920e+00  1.714953e-01
   193  -1.824821e-01  -1.871653e-01  1.085438e-01  5.661124e-01  9.398952e-02  5.320863e-02  5.761793e+00  1.747641e-01
   194  -1.730649e-01  -1.777480e-01  1.120026e-01  5.445423e-01  9.405922e-02  5.121922e-02  5.987806e+00  1.781258e-01
   195  -1.636477e-01  -1.683307e-01  1.155524e-01  5.236716e-01  9.411857e-02  4.928722e-02  6.224483e+00  1.815834e-01
   196  -1.542303e-01  -1.589134e-01  1.191948e-01  5.034768e-01  9.416864e-02  4.741172e-02  6.472431e+00  1.851401e-01
   197  -1.448128e-01  -1.494960e-01  1.229312e-01  4.839496e-01  9.420773e-02  4.559180e-02  6.732193e+00  1.887991e-01
   198  -1.353955e-01  -1.400787e-01  1.267634e-01  4.650872e-01  9.423287e-02  4.382650e-02  7.004295e+00  1.925639e-01
   199  -1.259782e-01  -1.306613e-01  1.306927e-01  4.468463e-01  9.424913e-02  4.211487e-02  7.289591e+00  1.964380e-01
   200  -1.165609e-01  -1.212440e-01  1.347208e-01  4.292267e-01  9.425312e-02  4.045596e-02  7.588665e+00  2.004250e-01
   201  -1.071435e-01  -1.118267e-01  1.388490e-01  4.121947e-01  9.424864e-02  3.884879e-02  7.902419e+00  2.045288e-01
   202  -9.772626e-02  -1.024094e-01  1.430790e-01  3.957578e-01  9.423030e-02  3.729237e-02  8.231429e+00  2.087532e-01
   203  -8.830888e-02  -9.299204e-02  1.474123e-01  3.798787e-01  9.420304e-02  3.578572e-02  8.576748e+00  2.131024e-01
   204  -7.889157e-02  -8.357470e-02  1.518502e-01  3.645555e-01  9.416357e-02  3.432785e-02  8.939122e+00  2.175805e-01
   205  -6.947413e-02  -7.415733e-02  1.563943e-01  3.497613e-01  9.411491e-02  3.291775e-02  9.319639e+00  2.221919e-01
   206  -6.005681e-02  -6.473995e-02  1.610460e-01  3.354954e-01  9.405324e-02  3.155442e-02  9.719113e+00  2.269411e-01
   207  -5.063972e-02  -5.532274e-02  1.658067e-01  3.217405e-01  9.397905e-02  3.023687e-02  1.013862e+01  2.318328e-01
   208  -4.122215e-02  -4.590541e-02  1.706778e-01  3.084529e-01  9.390108e-02  2.896406e-02  1.057976e+01  2.368719e-01
   209  -3.180474e-02  -3.648792e-02  1.756607e-01  2.956630e-01  9.380614e-02  2.773500e-02  1.104301e+01  2.420634e-01
   210  -2.238727e-02  -2.707048e-02  1.807567e-01  2.833284e-01  9.370287e-02  2.654868e-02  1.153011e+01  2.474126e-01
   211  -1.296980e-02  -1.765301e-02  1.859671e-01  2.714470e-01  9.358770e-02  2.540410e-02  1.204219e+01  2.529248e-01
   212  -3.552246e-03  -8.235496e-03  1.912933e-01  2.599981e-01  9.346311e-02  2.430024e-02  1.258084e+01  2.586057e-01
   213  5.865138e-03  1.181972e-03  1.967366e-01  2.489796e-01  9.332529e-02  2.323610e-02  1.314730e+01  2.644610e-01
   214  1.528250e-02  1.059935e-02  2.022981e-01  2.383682e-01  9.317802e-02  2.221068e-02  1.374342e+01  2.704969e-01
   215  2.469984e-02  2.001669e-02  2.079790e-01  2.281536e-01  9.302063e-02  2.122299e-02  1.437087e+01  2.767196e-01
   216  3.411739e-02  2.943414e-02  2.137806e-01  2.183202e-01  9.285460e-02  2.027204e-02  1.503157e+01  2.831356e-01
   217  4.353494e-02  3.885169e-02  2.197041e-01  2.088645e-01  9.267655e-02  1.935684e-02  1.572716e+01  2.897517e-01
   218  5.295241e-02  4.826920e-02  2.257504e-01  1.997728e-01  9.248722e-02  1.847643e-02  1.645973e+01  2.965748e-01
   219  6.236969e-02  5.768657e-02  2.319208e-01  1.910333e-01  9.228674e-02  1.762984e-02  1.723142e+01  3.036121e-01
   220  7.178715e-02  6.710395e-02  2.382162e-01  1.826259e-01  9.207959e-02  1.681611e-02  1.804497e+01  3.108712e-01
   221  8.120465e-02  7.652143e-02  2.446377e-01  1.745497e-01  9.186094e-02  1.603430e-02  1.890234e+01  3.183598e-01
   222  9.062206e-02  8.593888e-02  2.511862e-01  1.667932e-01  9.163122e-02  1.528346e-02  1.980615e+01  3.260862e-01
   223  1.000397e-01  9.535638e-02  2.578626e-01  1.593393e-01  9.139416e-02  1.456268e-02  2.075955e+01  3.340586e-01
   224  1.094572e-01  1.047740e-01  2.646680e-01  1.521856e-01  9.114555e-02  1.387104e-02  2.176501e+01  3.422857e-01
   225  1.188746e-01  1.141914e-01  2.716031e-01  1.453217e-01  9.088552e-02  1.320764e-02  2.282560e+01  3.507767e-01
   226  1.282920e-01  1.236088e-01  2.786687e-01  1.387315e-01  9.061813e-02  1.257159e-02  2.394513e+01  3.595408e-01
   227  1.377094e-01  1.330263e-01  2.858656e-01  1.324101e-01  9.034075e-02  1.196203e-02  2.512679e+01  3.685877e-01
   228  1.471268e-01  1.424437e-01  2.931946e-01  1.263473e-01  9.005405e-02  1.137808e-02  2.637440e+01  3.779277e-01
   229  1.565445e-01  1.518612e-01  3.006563e-01  1.205307e-01  8.976067e-02  1.081892e-02  2.769232e+01  3.875711e-01
   230  1.659620e-01  1.612788e-01  3.082514e-01  1.149594e-01  8.945500e-02  1.028370e-02  2.908393e+01  3.975288e-01
   231  1.753792e-01  1.706962e-01  3.159805e-01  1.096232e-01  8.913816e-02  9.771613e-03  3.055382e+01  4.078121e-01
   232  1.847970e-01  1.801136e-01  3.238442e-01  1.045016e-01  8.882031e-02  9.281865e-03  3.210857e+01  4.184327e-01
   233  1.942145e-01  1.895312e-01  3.318430e-01  9.960443e-02  8.848675e-02  8.813673e-03  3.375066e+01  4.294027e-01
   234  2.036321e-01  1.989488e-01  3.399773e-01  9.491188e-02  8.814776e-02  8.366269e-03  3.548737e+01  4.407348e-01
   235  2.130497e-01  2.083664e-01  3.482476e-01  9.041984e-02  8.780050e-02  7.938907e-03  3.732396e+01  4.524420e-01
   236  2.224673e-01  2.177840e-01  3.566544e-01  8.612330e-02  8.744272e-02  7.530855e-03  3.926608e+01  4.645378e-01
   237  2.318847e-01  2.272015e-01  3.651978e-01  8.201307e-02  8.707634e-02  7.141398e-03  4.132062e+01  4.770365e-01
   238  2.413022e-01  2.366190e-01  3.738783e-01  7.807918e-02  8.670477e-02  6.769838e-03  4.349539e+01  4.899527e-01
   239  2.507194e-01  2.460363e-01  3.826961e-01  7.432128e-02  8.632110e-02  6.415494e-03  4.579609e+01  5.033015e-01
   240  2.601371e-01  2.554538e-01  3.916514e-01  7.072216e-02  8.593776e-02  6.077704e-03  4.823391e+01  5.170988e-01
   241  2.695547e-01  2.648715e-01  4.007443e-01  6.728758e-02  8.554065e-02  5.755824e-03  5.081346e+01  5.313608e-01
   242  2.789723e-01  2.742890e-01  4.099751e-01  6.400537e-02  8.513699e-02  5.449225e-03  5.354568e+01  5.461047e-01
   243  2.883899e-01  2.837066e-01  4.193438e-01  6.087009e-02  8.472628e-02  5.157296e-03  5.644000e+01  5.613480e-01
   244  2.978076e-01  2.931243e-01  4.288503e-01  5.787448e-02  8.431083e-02  4.879445e-03  5.950744e+01  5.771093e-01
   245  3.072254e-01  3.025420e-01  4.384948e-01  5.501632e-02  8.388596e-02  4.615096e-03  6.275724e+01  5.934073e-01
   246  3.166429e-01  3.119597e-01  4.482772e-01  5.228915e-02  8.345308e-02  4.363690e-03  6.620141e+01  6.102619e-01
   247  3.260604e-01  3.213772e-01  4.581974e-01  4.968628e-02  8.301458e-02  4.124685e-03  6.985321e+01  6.276938e-01
   248  3.354781e-01  3.307948e-01  4.682552e-01  4.720200e-02  8.257184e-02  3.897556e-03  7.372650e+01  6.457242e-01
   249  3.448958e-01  3.402125e-01  4.784506e-01  4.483374e-02  8.212108e-02  3.681795e-03  7.783371e+01  6.643753e-01
   250  3.543135e-01  3.496302e-01  4.887832e-01  4.257546e-02  8.166465e-02  3.476910e-03  8.219088e+01  6.836700e-01
   251  3.637310e-01  3.590478e-01  4.992529e-01  4.042437e-02  8.119917e-02  3.282425e-03  8.681224e+01  7.036324e-01
   252  3.731486e-01  3.684653e-01  5.098594e-01  3.837198e-02  8.073291e-02  3.097882e-03  9.171924e+01  7.242873e-01
   253  3.825663e-01  3.778830e-01  5.206023e-01  3.641778e-02  8.025848e-02  2.922836e-03  9.692616e+01  7.456603e-01
   254  3.919838e-01  3.873006e-01  5.314812e-01  3.455686e-02  7.977752e-02  2.756861e-03  1.024532e+02  7.677783e-01
   255  4.014014e-01  3.967181e-01  5.424959e-01  3.278367e-02  7.929381e-02  2.599542e-03  1.083235e+02  7.906692e-01
   256  4.108185e-01  4.061355e-01  5.536457e-01  3.109803e-02  7.879864e-02  2.450482e-03  1.145533e+02  8.143619e-01
   257  4.202362e-01  4.155529e-01  5.649304e-01  2.948950e-02  7.830918e-02  2.309298e-03  1.211787e+02  8.388866e-01
   258  4.296539e-01  4.249706e-01  5.763493e-01  2.796099e-02  7.780919e-02  2.175622e-03  1.282130e+02  8.642742e-01
   259  4.390715e-01  4.343882e-01  5.879020e-01  2.650733e-02  7.730308e-02  2.049098e-03  1.356862e+02  8.905574e-01
   260  4.484890e-01  4.438057e-01  5.995879e-01  2.512420e-02  7.679391e-02  1.929386e-03  1.436297e+02  9.177698e-01
   261  4.579067e-01  4.532233e-01  6.114063e-01  2.380827e-02  7.628263e-02  1.816157e-03  1.520755e+02  9.459464e-01
   262  4.673242e-01  4.626410e-01  6.233566e-01  2.255823e-02  7.576386e-02  1.709099e-03  1.610512e+02  9.751236e-01
   263  4.767414e-01  4.720583e-01  6.354383e-01  2.137039e-02  7.524001e-02  1.607908e-03  1.705938e+02  1.005339e+00
   264  4.861594e-01  4.814759e-01  6.476505e-01  2.023939e-02  7.472041e-02  1.512295e-03  1.807520e+02  1.036633e+00
   265  4.955770e-01  4.908937e-01  6.599927e-01  1.916689e-02  7.418959e-02  1.421984e-03  1.915477e+02  1.069045e+00
   266  5.049949e-01  5.003115e-01  6.724639e-01  1.814702e-02  7.365988e-02  1.336707e-03  2.030389e+02  1.102618e+00
   267  5.144128e-01  5.097294e-01  6.850636e-01  1.717900e-02  7.312484e-02  1.256212e-03  2.152631e+02  1.137396e+00
   268  5.238306e-01  5.191473e-01  6.977908e-01  1.626026e-02  7.258520e-02  1.180254e-03  2.282698e+02  1.173425e+00
   269  5.332482e-01  5.285650e-01  7.106448e-01  1.538819e-02  7.204231e-02  1.108601e-03  2.421132e+02  1.210753e+00
   270  5.426661e-01  5.379827e-01  7.236247e-01  1.455970e-02  7.150081e-02  1.041030e-03  2.568575e+02  1.249429e+00
   271  5.520835e-01  5.474003e-01  7.367296e-01  1.377495e-02  7.094972e-02  9.773287e-04  2.725428e+02  1.289505e+00
   272  5.615012e-01  5.568179e-01  7.499587e-01  1.302920e-02  7.040295e-02  9.172939e-04  2.892590e+02  1.331034e+00
   273  5.709182e-01  5.662352e-01  7.633112e-01  1.232325e-02  6.984619e-02  8.607320e-04  3.070460e+02  1.374071e+00
   274  5.803361e-01  5.756527e-01  7.767859e-01  1.165175e-02  6.929929e-02  8.074581e-04  3.260201e+02  1.418676e+00
   275  5.897535e-01  5.850704e-01  7.903821e-01  1.101689e-02  6.873957e-02  7.572965e-04  3.462083e+02  1.464908e+00
   276  5.991714e-01  5.944880e-01  8.040988e-01  1.041394e-02  6.818544e-02  7.100792e-04  3.677384e+02  1.512829e+00
   277  6.085889e-01  6.039057e-01  8.179349e-01  9.843451e-03  6.762332e-02  6.656468e-04  3.906649e+02  1.562505e+00
   278  6.180066e-01  6.133233e-01  8.318895e-01  9.302199e-03  6.706447e-02  6.238470e-04  4.151147e+02  1.614003e+00
   279  6.274241e-01  6.227409e-01  8.459616e-01  8.789963e-03  6.650031e-02  5.845353e-04  4.411651e+02  1.667393e+00
   280  6.368421e-01  6.321586e-01  8.601502e-01  8.304032e-03  6.594073e-02  5.475739e-04  4.689582e+02  1.722748e+00
   281  6.462597e-01  6.415764e-01  8.744542e-01  7.844659e-03  6.537345e-02  5.128324e-04  4.985690e+02  1.780146e+00
   282  6.556776e-01  6.509942e-01  8.888727e-01  7.409079e-03  6.481053e-02  4.801864e-04  5.301673e+02  1.839663e+00
   283  6.650953e-01  6.604120e-01  9.034045e-01  6.997196e-03  6.424258e-02  4.495179e-04  5.638511e+02  1.901384e+00
   284  6.745131e-01  6.698297e-01  9.180486e-01  6.607084e-03  6.367637e-02  4.207151e-04  5.997925e+02  1.965392e+00
   285  6.839307e-01  6.792474e-01  9.328039e-01  6.238035e-03  6.310829e-02  3.936717e-04  6.381298e+02  2.031778e+00
   286  6.933483e-01  6.886650e-01  9.476693e-01  5.888792e-03  6.254033e-02  3.682870e-04  6.790374e+02  2.100632e+00
   287  7.027661e-01  6.980827e-01  9.626437e-01  5.558237e-03  6.197387e-02  3.444654e-04  7.227010e+02  2.172053e+00
   288  7.121831e-01  7.075001e-01  9.777261e-01  5.246162e-03  6.140044e-02  3.221166e-04  7.692590e+02  2.246139e+00
   289  7.216009e-01  7.169175e-01  9.929154e-01  4.950178e-03  6.083716e-02  3.011547e-04  8.190205e+02  2.322996e+00
   290  7.310184e-01  7.263352e-01  1.008210e+00  4.670761e-03  6.026831e-02  2.814988e-04  8.721032e+02  2.402730e+00
   291  7.404359e-01  7.357527e-01  1.023610e+00  4.406572e-03  5.969996e-02  2.630721e-04  9.287785e+02  2.485455e+00
   292  7.498546e-01  7.451708e-01  1.039113e+00  4.156239e-03  5.914049e-02  2.458020e-04  9.893662e+02  2.571287e+00
   293  7.592724e-01  7.545890e-01  1.054718e+00  3.920535e-03  5.856852e-02  2.296199e-04  1.053956e+03  2.660348e+00
   294  7.686898e-01  7.640066e-01  1.070425e+00  3.697584e-03  5.800029e-02  2.144610e-04  1.122967e+03  2.752765e+00
   295  7.781076e-01  7.734242e-01  1.086232e+00  3.486651e-03  5.743729e-02  2.002637e-04  1.196726e+03  2.848670e+00
   296  7.875255e-01  7.828421e-01  1.102138e+00  3.287472e-03  5.687361e-02  1.869704e-04  1.275506e+03  2.948199e+00
   297  7.969427e-01  7.922596e-01  1.118142e+00  3.099595e-03  5.630616e-02  1.745263e-04  1.359619e+03  3.051496e+00
   298  8.063608e-01  8.016772e-01  1.134242e+00  2.921654e-03  5.574917e-02  1.628798e-04  1.449613e+03  3.158709e+00
   299  8.157787e-01  8.110952e-01  1.150438e+00  2.753943e-03  5.518715e-02  1.519823e-04  1.545703e+03  3.269993e+00
   300  8.251963e-01  8.205130e-01  1.166729e+00  2.595586e-03  5.462655e-02  1.417879e-04  1.648400e+03  3.385507e+00
   301  8.346136e-01  8.299305e-01  1.183113e+00  2.446151e-03  5.406591e-02  1.322534e-04  1.758146e+03  3.505419e+00
   302  8.440317e-01  8.393482e-01  1.199589e+00  2.304785e-03  5.351383e-02  1.233379e-04  1.875584e+03  3.629903e+00
   303  8.534493e-01  8.487660e-01  1.216156e+00  2.171688e-03  5.295562e-02  1.150031e-04  2.000998e+03  3.759140e+00
   304  8.628669e-01  8.581836e-01  1.232813e+00  2.045943e-03  5.240260e-02  1.072127e-04  2.135158e+03  3.893319e+00
   305  8.722840e-01  8.676010e-01  1.249559e+00  1.927405e-03  5.184841e-02  9.993289e-05  2.278554e+03  4.032636e+00
   306  8.817018e-01  8.770184e-01  1.266393e+00  1.815332e-03  5.130269e-02  9.313144e-05  2.432057e+03  4.177295e+00
   307  8.911193e-01  8.864361e-01  1.283313e+00  1.709813e-03  5.075308e-02  8.677827e-05  2.596093e+03  4.327507e+00
   308  9.005369e-01  8.958536e-01  1.300318e+00  1.610184e-03  5.020856e-02  8.084501e-05  2.771633e+03  4.483495e+00
   309  9.099546e-01  9.052713e-01  1.317409e+00  1.516243e-03  4.966552e-02  7.530502e-05  2.959399e+03  4.645487e+00
   310  9.193725e-01  9.146891e-01  1.334582e+00  1.427643e-03  4.912520e-02  7.013326e-05  3.160299e+03  4.813725e+00
   311  9.287896e-01  9.241066e-01  1.351837e+00  1.344227e-03  4.858273e-02  6.530621e-05  3.375098e+03  4.988454e+00
   312  9.382074e-01  9.335240e-01  1.369174e+00  1.265390e-03  4.804977e-02  6.080171e-05  3.605204e+03  5.169938e+00
   313  9.476246e-01  9.429415e-01  1.386590e+00  1.191235e-03  4.751292e-02  5.659903e-05  3.851207e+03  5.358445e+00
   314  9.570425e-01  9.523591e-01  1.404086e+00  1.121185e-03  4.698482e-02  5.267866e-05  4.114756e+03  5.554256e+00
   315  9.664602e-01  9.617769e-01  1.421659e+00  1.055264e-03  4.645500e-02  4.902232e-05  4.396655e+03  5.757664e+00
   316  9.758777e-01  9.711945e-01  1.439309e+00  9.931358e-04  4.592810e-02  4.561284e-05  4.698423e+03  5.968974e+00
   317  9.852954e-01  9.806121e-01  1.457034e+00  9.345548e-04  4.540572e-02  4.243413e-05  5.021575e+03  6.188503e+00
   318  9.947133e-01  9.900298e-01  1.474834e+00  8.793495e-04  4.488673e-02  3.947112e-05  5.367592e+03  6.416579e+00
   319  1.004131e+00  9.994474e-01  1.492708e+00  8.274262e-04  4.436606e-02  3.670964e-05  5.737799e+03  6.653547e+00
   320  1.013548e+00  1.008865e+00  1.510654e+00  7.784147e-04  4.385375e-02  3.413640e-05  6.134591e+03  6.899766e+00
   321  1.022966e+00  1.018283e+00  1.528672e+00  7.323014e-04  4.334147e-02  3.173902e-05  6.559312e+03  7.155607e+00
   322  1.032383e+00  1.027700e+00  1.546760e+00  6.888704e-04  4.283220e-02  2.950583e-05  7.014186e+03  7.421459e+00
   323  1.041802e+00  1.037118e+00  1.564917e+00  6.479096e-04  4.232989e-02  2.742594e-05  7.501740e+03  7.697727e+00
   324  1.051219e+00  1.046536e+00  1.583142e+00  6.094329e-04  4.182437e-02  2.548915e-05  8.023417e+03  7.984828e+00
   325  1.060637e+00  1.055953e+00  1.601435e+00  5.731373e-04  4.132674e-02  2.368590e-05  8.582736e+03  8.283204e+00
   326  1.070054e+00  1.065371e+00  1.619794e+00  5.390004e-04  4.082973e-02  2.200725e-05  9.181689e+03  8.593309e+00
   327  1.079472e+00  1.074788e+00  1.638218e+00  5.068279e-04  4.033880e-02  2.044483e-05  9.823765e+03  8.915619e+00
   328  1.088890e+00  1.084206e+00  1.656707e+00  4.765453e-04  3.985106e-02  1.899083e-05  1.051177e+04  9.250629e+00
   329  1.098307e+00  1.093624e+00  1.675259e+00  4.481251e-04  3.935942e-02  1.763794e-05  1.124803e+04  9.598852e+00
   330  1.107725e+00  1.103041e+00  1.693873e+00  4.212580e-04  3.888189e-02  1.637931e-05  1.203866e+04  9.960830e+00
   331  1.117142e+00  1.112459e+00  1.712548e+00  3.960438e-04  3.840114e-02  1.520853e-05  1.288501e+04  1.033712e+01
   332  1.126560e+00  1.121877e+00  1.731284e+00  3.722850e-04  3.792702e-02  1.411966e-05  1.379273e+04  1.072831e+01
   333  1.135977e+00  1.131294e+00  1.750080e+00  3.499603e-04  3.745312e-02  1.310710e-05  1.476513e+04  1.113499e+01
   334  1.145395e+00  1.140712e+00  1.768933e+00  3.289211e-04  3.698652e-02  1.216565e-05  1.580835e+04  1.155781e+01
   335  1.154813e+00  1.150130e+00  1.787844e+00  3.091415e-04  3.652190e-02  1.129043e-05  1.692646e+04  1.199742e+01
   336  1.164231e+00  1.159548e+00  1.806811e+00  2.905336e-04  3.606093e-02  1.047691e-05  1.812530e+04  1.245451e+01
   337  1.173648e+00  1.168965e+00  1.825834e+00  2.730513e-04  3.560080e-02  9.720845e-06  1.941001e+04  1.292978e+01
   338  1.183066e+00  1.178383e+00  1.844912e+00  2.565679e-04  3.514961e-02  9.018260e-06  2.078919e+04  1.342400e+01
   339  1.192484e+00  1.187801e+00  1.864043e+00  2.410888e-04  3.469870e-02  8.365469e-06  2.226724e+04  1.393792e+01
   340  1.201901e+00  1.197218e+00  1.883227e+00  2.265407e-04  3.425004e-02  7.759028e-06  2.385191e+04  1.447237e+01
   341  1.211319e+00  1.206636e+00  1.902463e+00  2.128269e-04  3.381018e-02  7.195716e-06  2.555346e+04  1.502818e+01
   342  1.220737e+00  1.216054e+00  1.921749e+00  1.999444e-04  3.337196e-02  6.672534e-06  2.737789e+04  1.560622e+01
   343  1.230155e+00  1.225472e+00  1.941086e+00  1.878526e-04  3.293376e-02  6.186693e-06  2.933338e+04  1.620742e+01
   344  1.239572e+00  1.234889e+00  1.960472e+00  1.764704e-04  3.250163e-02  5.735577e-06  3.143225e+04  1.683274e+01
   345  1.248990e+00  1.244307e+00  1.979907e+00  1.657585e-04  3.207529e-02  5.316751e-06  3.368519e+04  1.748317e+01
   346  1.258408e+00  1.253725e+00  1.999389e+00  1.557046e-04  3.164943e-02  4.927962e-06  3.610070e+04  1.815974e+01
   347  1.267825e+00  1.263142e+00  2.018916e+00  1.462430e-04  3.122957e-02  4.567107e-06  3.869384e+04  1.886352e+01
   348  1.277243e+00  1.272560e+00  2.038490e+00  1.373573e-04  3.081171e-02  4.232214e-06  4.147537e+04  1.959564e+01
   349  1.286661e+00  1.281977e+00  2.058108e+00  1.289918e-04  3.040076e-02  3.921449e-06  4.446268e+04  2.035729e+01
   350  1.296078e+00  1.291395e+00  2.077770e+00  1.211386e-04  2.999139e-02  3.633115e-06  4.766714e+04  2.114967e+01
   351  1.305496e+00  1.300813e+00  2.097475e+00  1.137523e-04  2.958729e-02  3.365621e-06  5.110782e+04  2.197408e+01
   352  1.314914e+00  1.310231e+00  2.117222e+00  1.068179e-04  2.918512e-02  3.117493e-06  5.479933e+04  2.283182e+01
   353  1.324331e+00  1.319648e+00  2.137010e+00  1.003027e-04  2.878641e-02  2.887356e-06  5.876158e+04  2.372428e+01
   354  1.333749e+00  1.329066e+00  2.156839e+00  9.417807e-05  2.839225e-02  2.673928e-06  6.301592e+04  2.465292e+01
   355  1.343167e+00  1.338483e+00  2.176706e+00  8.841630e-05  2.800408e-02  2.476017e-06  6.758604e+04  2.561925e+01
   356  1.352585e+00  1.347901e+00  2.196613e+00  8.300679e-05  2.761845e-02  2.292519e-06  7.249144e+04  2.662483e+01
   357  1.362002e+00  1.357319e+00  2.216557e+00  7.792863e-05  2.723522e-02  2.122403e-06  7.775664e+04  2.767128e+01
   358  1.371420e+00  1.366737e+00  2.236538e+00  7.315850e-05  2.685554e-02  1.964711e-06  8.341003e+04  2.876033e+01
   359  1.380837e+00  1.376154e+00  2.256555e+00  6.867408e-05  2.648087e-02  1.818550e-06  8.948310e+04  2.989377e+01
   360  1.390255e+00  1.385572e+00  2.276608e+00  6.445770e-05  2.611157e-02  1.683092e-06  9.600829e+04  3.107344e+01
   361  1.399672e+00  1.394989e+00  2.296694e+00  6.050634e-05  2.574222e-02  1.557567e-06  1.030092e+05  3.230129e+01
   362  1.409090e+00  1.404407e+00  2.316815e+00  5.678649e-05  2.538031e-02  1.441259e-06  1.105367e+05  3.357935e+01
   363  1.418508e+00  1.413825e+00  2.336968e+00  5.329808e-05  2.501971e-02  1.333503e-06  1.186171e+05  3.490971e+01
   364  1.427925e+00  1.423242e+00  2.357153e+00  5.002236e-05  2.466260e-02  1.233681e-06  1.272965e+05  3.629458e+01
   365  1.437343e+00  1.432660e+00  2.377369e+00  4.693952e-05  2.431252e-02  1.141218e-06  1.366301e+05  3.773627e+01
   366  1.446760e+00  1.442077e+00  2.397614e+00  4.405129e-05  2.396254e-02  1.055581e-06  1.466476e+05  3.923715e+01
   367  1.456178e+00  1.451495e+00  2.417890e+00  4.133496e-05  2.361860e-02  9.762739e-07  1.574184e+05  4.079974e+01
   368  1.465595e+00  1.460912e+00  2.438194e+00  3.878930e-05  2.327539e-02  9.028362e-07  1.689816e+05  4.242665e+01
   369  1.475014e+00  1.470330e+00  2.458525e+00  3.639054e-05  2.294114e-02  8.348403e-07  1.814279e+05  4.412061e+01
   370  1.484431e+00  1.479748e+00  2.478883e+00  3.414588e-05  2.260567e-02  7.718903e-07  1.947839e+05  4.588444e+01
   371  1.493849e+00  1.489165e+00  2.499268e+00  3.203718e-05  2.227465e-02  7.136171e-07  2.091415e+05  4.772112e+01
   372  1.503266e+00  1.498583e+00  2.519677e+00  3.005453e-05  2.194939e-02  6.596785e-07  2.245840e+05  4.963375e+01
   373  1.512684e+00  1.508001e+00  2.540110e+00  2.819558e-05  2.162600e-02  6.097576e-07  2.411742e+05  5.162555e+01
   374  1.522102e+00  1.517418e+00  2.560567e+00  2.645078e-05  2.130594e-02  5.635586e-07  2.590068e+05  5.369993e+01
   375  1.531519e+00  1.526836e+00  2.581047e+00  2.481119e-05  2.099090e-02  5.208091e-07  2.781871e+05  5.586039e+01
   376  1.540936e+00  1.536253e+00  2.601548e+00  2.327611e-05  2.067594e-02  4.812555e-07  2.987837e+05  5.811061e+01
   377  1.550354e+00  1.545671e+00  2.622070e+00  2.182900e-05  2.037022e-02  4.446616e-07  3.209728e+05  6.045447e+01
   378  1.559772e+00  1.555088e+00  2.642612e+00  2.047507e-05  2.006390e-02  4.108097e-07  3.447998e+05  6.289599e+01
   379  1.569190e+00  1.564506e+00  2.663173e+00  1.920215e-05  1.976329e-02  3.794978e-07  3.704422e+05  6.543930e+01
   380  1.578607e+00  1.573924e+00  2.683753e+00  1.800992e-05  1.946361e-02  3.505380e-07  3.979941e+05  6.808881e+01
   381  1.588025e+00  1.583342e+00  2.704349e+00  1.688864e-05  1.917003e-02  3.237557e-07  4.276554e+05  7.084913e+01
   382  1.597443e+00  1.592759e+00  2.724962e+00  1.583792e-05  1.887812e-02  2.989901e-07  4.595392e+05  7.372501e+01
   383  1.606860e+00  1.602177e+00  2.745591e+00  1.485304e-05  1.858820e-02  2.760912e-07  4.938170e+05  7.672148e+01
   384  1.616278e+00  1.611594e+00  2.766234e+00  1.392602e-05  1.830533e-02  2.549204e-07  5.307429e+05  7.984376e+01
   385  1.625695e+00  1.621012e+00  2.786890e+00  1.305796e-05  1.802344e-02  2.353494e-07  5.704346e+05  8.309727e+01
   386  1.635113e+00  1.630429e+00  2.807560e+00  1.224303e-05  1.774551e-02  2.172587e-07  6.131503e+05  8.648776e+01
   387  1.644530e+00  1.639847e+00  2.828242e+00  1.147875e-05  1.747039e-02  2.005381e-07  6.591045e+05  9.002120e+01
   388  1.653948e+00  1.649265e+00  2.848934e+00  1.076080e-05  1.719995e-02  1.850853e-07  7.085846e+05  9.370382e+01
   389  1.663364e+00  1.658682e+00  2.869636e+00  1.008954e-05  1.692896e-02  1.708055e-07  7.617515e+05  9.754216e+01
   390  1.672782e+00  1.668099e+00  2.890347e+00  9.456918e-06  1.666620e-02  1.576109e-07  8.190908e+05  1.015430e+02
   391  1.682200e+00  1.677516e+00  2.911066e+00  8.864817e-06  1.640421e-02  1.454203e-07  8.807498e+05  1.057136e+02
   392  1.691618e+00  1.686934e+00  2.931793e+00  8.308758e-06  1.614662e-02  1.341584e-07  9.471594e+05  1.100612e+02
   393  1.701034e+00  1.696352e+00  2.952525e+00  7.788766e-06  1.588896e-02  1.237554e-07  1.018553e+06  1.145938e+02
   394  1.710452e+00  1.705769e+00  2.973262e+00  7.299340e-06  1.563793e-02  1.141466e-07  1.095536e+06  1.193196e+02
   395  1.719870e+00  1.715187e+00  2.994003e+00  6.840779e-06  1.538894e-02  1.052723e-07  1.178393e+06  1.242471e+02
   396  1.729288e+00  1.724604e+00  3.014747e+00  6.410768e-06  1.514287e-02  9.707742e-08  1.267611e+06  1.293851e+02
   397  1.738705e+00  1.734022e+00  3.035493e+00  6.007772e-06  1.489910e-02  8.951042e-08  1.363661e+06  1.347431e+02
   398  1.748123e+00  1.743440e+00  3.056239e+00  5.629417e-06  1.465941e-02  8.252394e-08  1.467163e+06  1.403309e+02
   399  1.757541e+00  1.752857e+00  3.076985e+00  5.274666e-06  1.442254e-02  7.607410e-08  1.578644e+06  1.461588e+02
   400  1.766959e+00  1.762275e+00  3.097730e+00  4.942181e-06  1.418813e-02  7.012031e-08  1.698708e+06  1.522374e+02
   401  1.776376e+00  1.771693e+00  3.118471e+00  4.630352e-06  1.395680e-02  6.462491e-08  1.828071e+06  1.585781e+02
   402  1.785793e+00  1.781110e+00  3.139210e+00  4.338055e-06  1.372808e-02  5.955315e-08  1.967434e+06  1.651927e+02
   403  1.795211e+00  1.790528e+00  3.159943e+00  4.063675e-06  1.350325e-02  5.487281e-08  2.117688e+06  1.720936e+02
   404  1.804628e+00  1.799945e+00  3.180670e+00  3.806951e-06  1.327944e-02  5.055417e-08  2.279465e+06  1.792936e+02
   405  1.814046e+00  1.809362e+00  3.201389e+00  3.565575e-06  1.306091e-02  4.656966e-08  2.454052e+06  1.868064e+02
   406  1.823463e+00  1.818780e+00  3.222100e+00  3.339775e-06  1.284332e-02  4.289379e-08  2.642069e+06  1.946463e+02
   407  1.832880e+00  1.828197e+00  3.242801e+00  3.127937e-06  1.262911e-02  3.950306e-08  2.844826e+06  2.028280e+02
   408  1.842298e+00  1.837615e+00  3.263492e+00  2.929338e-06  1.241770e-02  3.637564e-08  3.063444e+06  2.113674e+02
   409  1.851716e+00  1.847032e+00  3.284169e+00  2.743074e-06  1.220944e-02  3.349140e-08  3.299245e+06  2.202808e+02
   410  1.861133e+00  1.856450e+00  3.304833e+00  2.568682e-06  1.200293e-02  3.083171e-08  3.553416e+06  2.295855e+02
   411  1.870550e+00  1.865867e+00  3.325481e+00  2.405147e-06  1.179946e-02  2.837944e-08  3.827606e+06  2.392993e+02
   412  1.879969e+00  1.875285e+00  3.346113e+00  2.251615e-06  1.159994e-02  2.611861e-08  4.123613e+06  2.494412e+02
   413  1.889386e+00  1.884703e+00  3.366726e+00  2.108196e-06  1.140049e-02  2.403447e-08  4.442497e+06  2.600315e+02
   414  1.898803e+00  1.894120e+00  3.387321e+00  1.973462e-06  1.120543e-02  2.211349e-08  4.786928e+06  2.710907e+02
   415  1.908221e+00  1.903538e+00  3.407894e+00  1.847289e-06  1.101238e-02  2.034306e-08  5.158512e+06  2.826410e+02
   416  1.917638e+00  1.912955e+00  3.428445e+00  1.729137e-06  1.082135e-02  1.871159e-08  5.559425e+06  2.947053e+02
   417  1.927056e+00  1.922373e+00  3.448972e+00  1.618162e-06  1.063451e-02  1.720836e-08  5.992655e+06  3.073078e+02
   418  1.936474e+00  1.931791e+00  3.469473e+00  1.514460e-06  1.044825e-02  1.582345e-08  6.459822e+06  3.204739e+02
   419  1.945892e+00  1.941208e+00  3.489947e+00  1.417104e-06  1.026580e-02  1.454771e-08  6.964690e+06  3.342304e+02
   420  1.955310e+00  1.950626e+00  3.510392e+00  1.326002e-06  1.008496e-02  1.337267e-08  7.509636e+06  3.486055e+02
   421  1.964726e+00  1.960043e+00  3.530806e+00  1.240784e-06  9.905466e-03  1.229054e-08  8.097790e+06  3.636284e+02
   422  1.974144e+00  1.969461e+00  3.551188e+00  1.160580e-06  9.731399e-03  1.129407e-08  8.734481e+06  3.793307e+02
   423  1.983562e+00  1.978879e+00  3.571535e+00  1.085658e-06  9.557913e-03  1.037663e-08  9.421616e+06  3.957448e+02
   424  1.992980e+00  1.988297e+00  3.591847e+00  1.015612e-06  9.385524e-03  9.532047e-09  1.016350e+07  4.129050e+02
   425  2.002397e+00  1.997714e+00  3.612121e+00  9.498211e-07  9.217147e-03  8.754641e-09  1.096630e+07  4.308480e+02
   426  2.011814e+00  2.007131e+00  3.632356e+00  8.883461e-07  9.049584e-03  8.039163e-09  1.183323e+07  4.496120e+02
   427  2.021232e+00  2.016548e+00  3.652549e+00  8.306034e-07  8.886032e-03  7.380769e-09  1.277181e+07  4.692372e+02
   428  2.030649e+00  2.025966e+00  3.672697e+00  7.766469e-07  8.723417e-03  6.775016e-09  1.378583e+07  4.897654e+02
   429  2.040067e+00  2.035383e+00  3.692801e+00  7.260305e-07  8.564050e-03  6.217761e-09  1.488352e+07  5.112417e+02
   430  2.049484e+00  2.044801e+00  3.712856e+00  6.787382e-07  8.405596e-03  5.705200e-09  1.606991e+07  5.337131e+02
   431  2.058901e+00  2.054218e+00  3.732862e+00  6.343866e-07  8.250216e-03  5.233827e-09  1.735455e+07  5.572288e+02
   432  2.068319e+00  2.063635e+00  3.752816e+00  5.928706e-07  8.096857e-03  4.800388e-09  1.874485e+07  5.818420e+02
   433  2.077736e+00  2.073053e+00  3.772715e+00  5.540371e-07  7.945127e-03  4.401895e-09  2.024933e+07  6.076079e+02
   434  2.087153e+00  2.082470e+00  3.792558e+00  5.176721e-07  7.795659e-03  4.035595e-09  2.187857e+07  6.345845e+02
   435  2.096570e+00  2.091887e+00  3.812342e+00  4.836427e-07  7.648096e-03  3.698946e-09  2.364279e+07  6.628332e+02
   436  2.105988e+00  2.101305e+00  3.832064e+00  4.517222e-07  7.503735e-03  3.389604e-09  2.555582e+07  6.924187e+02
   437  2.115405e+00  2.110722e+00  3.851724e+00  4.219946e-07  7.358833e-03  3.105388e-09  2.762413e+07  7.234114e+02
   438  2.124822e+00  2.120139e+00  3.871316e+00  3.940196e-07  7.218701e-03  2.844310e-09  2.987120e+07  7.558834e+02
   439  2.134240e+00  2.129556e+00  3.890841e+00  3.679159e-07  7.079164e-03  2.604537e-09  3.230431e+07  7.899107e+02
   440  2.143657e+00  2.138974e+00  3.910294e+00  3.434979e-07  6.941416e-03  2.384361e-09  3.494234e+07  8.255763e+02
   441  2.153075e+00  2.148392e+00  3.929672e+00  3.206010e-07  6.806689e-03  2.182231e-09  3.780657e+07  8.629645e+02
   442  2.162493e+00  2.157809e+00  3.948974e+00  2.992453e-07  6.672463e-03  1.996703e-09  4.091001e+07  9.021661e+02
   443  2.171910e+00  2.167227e+00  3.968197e+00  2.792393e-07  6.540775e-03  1.826442e-09  4.428012e+07  9.432794e+02
   444  2.181328e+00  2.176644e+00  3.987338e+00  2.605399e-07  6.410621e-03  1.670222e-09  4.793754e+07  9.864069e+02
   445  2.190746e+00  2.186062e+00  4.006394e+00  2.430450e-07  6.282439e-03  1.526916e-09  5.190977e+07  1.031658e+03
   446  2.200162e+00  2.195479e+00  4.025361e+00  2.266896e-07  6.155954e-03  1.395491e-09  5.622387e+07  1.079145e+03
   447  2.209580e+00  2.204896e+00  4.044236e+00  2.113795e-07  6.031759e-03  1.274990e-09  6.091373e+07  1.128989e+03
   448  2.218997e+00  2.214314e+00  4.063018e+00  1.970790e-07  5.908922e-03  1.164524e-09  6.600936e+07  1.181324e+03
   449  2.228414e+00  2.223731e+00  4.081701e+00  1.837142e-07  5.787721e-03  1.063287e-09  7.154897e+07  1.236283e+03
   450  2.237832e+00  2.233148e+00  4.100285e+00  1.712056e-07  5.668764e-03  9.705241e-10  7.757787e+07  1.294017e+03
   451  2.247249e+00  2.242566e+00  4.118764e+00  1.595306e-07  5.550967e-03  8.855492e-10  8.413402e+07  1.354681e+03
   452  2.256667e+00  2.251983e+00  4.137136e+00  1.486166e-07  5.434999e-03  8.077311e-10  9.127102e+07  1.418436e+03
   453  2.266083e+00  2.261401e+00  4.155398e+00  1.384239e-07  5.320488e-03  7.364827e-10  9.904059e+07  1.485464e+03
   454  2.275501e+00  2.270818e+00  4.173546e+00  1.288901e-07  5.208062e-03  6.712678e-10  1.075084e+08  1.555949e+03
   455  2.284918e+00  2.280235e+00  4.191575e+00  1.199862e-07  5.097190e-03  6.115925e-10  1.167356e+08  1.630092e+03
   456  2.294335e+00  2.289652e+00  4.209483e+00  1.116766e-07  4.987647e-03  5.570035e-10  1.267914e+08  1.708104e+03
   457  2.303752e+00  2.299069e+00  4.227266e+00  1.039176e-07  4.879643e-03  5.070807e-10  1.377580e+08  1.790213e+03
   458  2.313169e+00  2.308486e+00  4.244922e+00  9.666885e-08  4.773369e-03  4.614361e-10  1.497273e+08  1.876668e+03
   459  2.322587e+00  2.317904e+00  4.262445e+00  8.989845e-08  4.668796e-03  4.197175e-10  1.627966e+08  1.967726e+03
   460  2.332003e+00  2.327320e+00  4.279832e+00  8.358968e-08  4.565178e-03  3.816017e-10  1.770592e+08  2.063660e+03
   461  2.341420e+00  2.336737e+00  4.297077e+00  7.768515e-08  4.464038e-03  3.467895e-10  1.926629e+08  2.164763e+03
   462  2.350836e+00  2.346153e+00  4.314179e+00  7.219629e-08  4.363159e-03  3.150039e-10  2.096933e+08  2.271356e+03
   463  2.360253e+00  2.355570e+00  4.331132e+00  6.705404e-08  4.265081e-03  2.859909e-10  2.283555e+08  2.383785e+03
   464  2.369669e+00  2.364986e+00  4.347934e+00  6.227134e-08  4.167561e-03  2.595196e-10  2.487544e+08  2.502408e+03
   465  2.379084e+00  2.374402e+00  4.364577e+00  5.780915e-08  4.071626e-03  2.353772e-10  2.710937e+08  2.627611e+03
   466  2.388501e+00  2.383818e+00  4.381063e+00  5.364610e-08  3.977278e-03  2.133655e-10  2.955758e+08  2.759823e+03
   467  2.397917e+00  2.393234e+00  4.397382e+00  4.976295e-08  3.884498e-03  1.933041e-10  3.224233e+08  2.899498e+03
   468  2.407332e+00  2.402650e+00  4.413531e+00  4.614862e-08  3.792753e-03  1.750303e-10  3.518553e+08  3.047100e+03
   469  2.416748e+00  2.412066e+00  4.429508e+00  4.277612e-08  3.702776e-03  1.583904e-10  3.841802e+08  3.203162e+03
   470  2.426164e+00  2.421482e+00  4.445308e+00  3.963778e-08  3.613826e-03  1.432441e-10  4.196691e+08  3.368255e+03
   471  2.435579e+00  2.430897e+00  4.460922e+00  3.671378e-08  3.526347e-03  1.294656e-10  4.586784e+08  3.542959e+03
   472  2.444994e+00  2.440312e+00  4.476353e+00  3.399328e-08  3.439975e-03  1.169360e-10  5.015673e+08  3.727941e+03
   473  2.454409e+00  2.449727e+00  4.491590e+00  3.145594e-08  3.355413e-03  1.055477e-10  5.488128e+08  3.923909e+03
   474  2.463823e+00  2.459141e+00  4.506634e+00  2.910263e-08  3.271250e-03  9.520195e-11  6.007738e+08  4.131620e+03
   475  2.473237e+00  2.468556e+00  4.521475e+00  2.690307e-08  3.189529e-03  8.580812e-11  6.581652e+08  4.351902e+03
   476  2.482651e+00  2.477970e+00  4.536111e+00  2.486269e-08  3.108432e-03  7.728400e-11  7.214083e+08  4.585624e+03
   477  2.492065e+00  2.487383e+00  4.550538e+00  2.296376e-08  3.028807e-03  6.955279e-11  7.912637e+08  4.833770e+03
   478  2.501478e+00  2.496797e+00  4.564753e+00  2.120231e-08  2.949888e-03  6.254443e-11  8.683886e+08  5.097403e+03
   479  2.510890e+00  2.506210e+00  4.578744e+00  1.955930e-08  2.873105e-03  5.619594e-11  9.538297e+08  5.377629e+03
   480  2.520303e+00  2.515622e+00  4.592517e+00  1.803921e-08  2.796594e-03  5.044834e-11  1.048257e+09  5.675705e+03
   481  2.529716e+00  2.525035e+00  4.606062e+00  1.662220e-08  2.722101e-03  4.524729e-11  1.153080e+09  5.993037e+03
   482  2.539126e+00  2.534447e+00  4.619369e+00  1.530928e-08  2.648430e-03  4.054555e-11  1.269261e+09  6.330990e+03
   483  2.548538e+00  2.543858e+00  4.632443e+00  1.409160e-08  2.575834e-03  3.629761e-11  1.398237e+09  6.691203e+03
   484  2.557948e+00  2.553268e+00  4.645273e+00  1.295935e-08  2.504922e-03  3.246215e-11  1.541771e+09  7.075459e+03
   485  2.567358e+00  2.562678e+00  4.657858e+00  1.191312e-08  2.434455e-03  2.900194e-11  1.701272e+09  7.485654e+03
   486  2.576767e+00  2.572088e+00  4.670191e+00  1.094025e-08  2.365811e-03  2.588256e-11  1.879242e+09  7.923912e+03
   487  2.586176e+00  2.581497e+00  4.682273e+00  1.004383e-08  2.297181e-03  2.307250e-11  2.077318e+09  8.392589e+03
   488  2.595585e+00  2.590906e+00  4.694093e+00  9.208237e-09  2.230971e-03  2.054331e-11  2.299199e+09  8.894223e+03
   489  2.604991e+00  2.600313e+00  4.705648e+00  8.437546e-09  2.165263e-03  1.826950e-11  2.546998e+09  9.431481e+03
   490  2.614395e+00  2.609718e+00  4.716936e+00  7.725068e-09  2.100548e-03  1.622688e-11  2.824434e+09  1.000750e+04
   491  2.623800e+00  2.619123e+00  4.727955e+00  7.066175e-09  2.036939e-03  1.439337e-11  3.135643e+09  1.062581e+04
   492  2.633203e+00  2.628527e+00  4.738698e+00  6.457771e-09  1.974249e-03  1.274925e-11  3.485109e+09  1.129018e+04
   493  2.642606e+00  2.637930e+00  4.749160e+00  5.893658e-09  1.913362e-03  1.127670e-11  3.878971e+09  1.200472e+04
   494  2.652004e+00  2.647330e+00  4.759340e+00  5.375833e-09  1.852609e-03  9.959318e-12  4.321776e+09  1.277405e+04
   495  2.661402e+00  2.656729e+00  4.769233e+00  4.896581e-09  1.793507e-03  8.782054e-12  4.822314e+09  1.360333e+04
   496  2.670795e+00  2.666124e+00  4.778833e+00  4.455052e-09  1.735426e-03  7.731415e-12  5.388205e+09  1.449819e+04
   497  2.680192e+00  2.675519e+00  4.788149e+00  4.050629e-09  1.677390e-03  6.794485e-12  6.027823e+09  1.546554e+04
   498  2.689583e+00  2.684913e+00  4.797166e+00  3.676108e-09  1.621302e-03  5.960081e-12  6.755847e+09  1.651266e+04
   499  2.698970e+00  2.694302e+00  4.805881e+00  3.331436e-09  1.566450e-03  5.218526e-12  7.584210e+09  1.764694e+04
