     i         log_r      log_rmid             m           rho            v2             p        trelax            kn
     0  -1.565712e+00  -1.866742e+00  4.936543e-05  7.373590e+00  6.130379e-02  4.520290e-01  5.477436e-01  5.995979e-02
     1  -1.559407e+00  -1.562548e+00  5.153900e-05  7.293615e+00  6.197599e-02  4.520290e-01  5.507385e-01  5.995979e-02
     2  -1.553107e+00  -1.556245e+00  5.380601e-05  7.288107e+00  6.199570e-02  4.518313e-01  5.510671e-01  5.997291e-02
     3  -1.546800e+00  -1.549942e+00  5.617461e-05  7.282447e+00  6.201596e-02  4.516280e-01  5.514053e-01  5.998641e-02
     4  -1.540494e+00  -1.543635e+00  5.864622e-05  7.276630e+00  6.203680e-02  4.514188e-01  5.517534e-01  6.000030e-02
     5  -1.534195e+00  -1.537333e+00  6.122269e-05  7.270658e+00  6.205820e-02  4.512040e-01  5.521114e-01  6.001459e-02
     6  -1.527886e+00  -1.531029e+00  6.391625e-05  7.264521e+00  6.208021e-02  4.509830e-01  5.524798e-01  6.002929e-02
     7  -1.521576e+00  -1.524719e+00  6.672776e-05  7.258212e+00  6.210284e-02  4.507556e-01  5.528593e-01  6.004443e-02
     8  -1.515259e+00  -1.518406e+00  6.966511e-05  7.251728e+00  6.212612e-02  4.505217e-01  5.532500e-01  6.006001e-02
     9  -1.508951e+00  -1.512093e+00  7.272580e-05  7.245069e+00  6.215004e-02  4.502813e-01  5.536519e-01  6.007604e-02
    10  -1.502637e+00  -1.505783e+00  7.592335e-05  7.238232e+00  6.217462e-02  4.500343e-01  5.540653e-01  6.009253e-02
    11  -1.496325e+00  -1.499470e+00  7.925890e-05  7.231208e+00  6.219988e-02  4.497803e-01  5.544909e-01  6.010949e-02
    12  -1.490010e+00  -1.493156e+00  8.274157e-05  7.223994e+00  6.222585e-02  4.495191e-01  5.549288e-01  6.012695e-02
    13  -1.483698e+00  -1.486843e+00  8.637379e-05  7.216586e+00  6.225253e-02  4.492507e-01  5.553793e-01  6.014491e-02
    14  -1.477386e+00  -1.480531e+00  9.016405e-05  7.208981e+00  6.227994e-02  4.489750e-01  5.558428e-01  6.016338e-02
    15  -1.471063e+00  -1.474213e+00  9.412640e-05  7.201166e+00  6.230814e-02  4.486913e-01  5.563201e-01  6.018239e-02
    16  -1.464743e+00  -1.467891e+00  9.825814e-05  7.193138e+00  6.233713e-02  4.483995e-01  5.568116e-01  6.020197e-02
    17  -1.458416e+00  -1.461568e+00  1.025750e-04  7.184893e+00  6.236692e-02  4.480997e-01  5.573173e-01  6.022211e-02
    18  -1.452096e+00  -1.455244e+00  1.070736e-04  7.176428e+00  6.239754e-02  4.477915e-01  5.578378e-01  6.024283e-02
    19  -1.445771e+00  -1.448922e+00  1.117716e-04  7.167742e+00  6.242899e-02  4.474749e-01  5.583731e-01  6.026414e-02
    20  -1.439445e+00  -1.442596e+00  1.166741e-04  7.158821e+00  6.246132e-02  4.471494e-01  5.589242e-01  6.028607e-02
    21  -1.433116e+00  -1.436269e+00  1.217905e-04  7.149662e+00  6.249454e-02  4.468149e-01  5.594914e-01  6.030863e-02
    22  -1.426786e+00  -1.429940e+00  1.271309e-04  7.140260e+00  6.252869e-02  4.464711e-01  5.600752e-01  6.033184e-02
    23  -1.420457e+00  -1.423610e+00  1.327005e-04  7.130611e+00  6.256376e-02  4.461178e-01  5.606758e-01  6.035572e-02
    24  -1.414123e+00  -1.417278e+00  1.385159e-04  7.120707e+00  6.259980e-02  4.457549e-01  5.612940e-01  6.038029e-02
    25  -1.407787e+00  -1.410944e+00  1.445845e-04  7.110540e+00  6.263685e-02  4.453818e-01  5.619303e-01  6.040558e-02
    26  -1.401452e+00  -1.404608e+00  1.509149e-04  7.100108e+00  6.267490e-02  4.449985e-01  5.625851e-01  6.043158e-02
    27  -1.395107e+00  -1.398268e+00  1.575290e-04  7.089398e+00  6.271401e-02  4.446046e-01  5.632593e-01  6.045835e-02
    28  -1.388766e+00  -1.391925e+00  1.644237e-04  7.078407e+00  6.275420e-02  4.441998e-01  5.639532e-01  6.048589e-02
    29  -1.382423e+00  -1.385583e+00  1.716176e-04  7.067136e+00  6.279547e-02  4.437841e-01  5.646670e-01  6.051421e-02
    30  -1.376078e+00  -1.379239e+00  1.791246e-04  7.055573e+00  6.283786e-02  4.433571e-01  5.654016e-01  6.054335e-02
    31  -1.369728e+00  -1.372892e+00  1.869613e-04  7.043707e+00  6.288142e-02  4.429183e-01  5.661578e-01  6.057333e-02
    32  -1.363375e+00  -1.366540e+00  1.951388e-04  7.031533e+00  6.292618e-02  4.424675e-01  5.669363e-01  6.060418e-02
    33  -1.357023e+00  -1.360187e+00  2.036668e-04  7.019048e+00  6.297215e-02  4.420046e-01  5.677374e-01  6.063591e-02
    34  -1.350666e+00  -1.353833e+00  2.125676e-04  7.006246e+00  6.301936e-02  4.415291e-01  5.685618e-01  6.066855e-02
    35  -1.344306e+00  -1.347475e+00  2.218557e-04  6.993114e+00  6.306785e-02  4.410407e-01  5.694104e-01  6.070213e-02
    36  -1.337946e+00  -1.341114e+00  2.315430e-04  6.979649e+00  6.311766e-02  4.405391e-01  5.702837e-01  6.073668e-02
    37  -1.331581e+00  -1.334752e+00  2.416522e-04  6.965845e+00  6.316880e-02  4.400241e-01  5.711825e-01  6.077221e-02
    38  -1.325213e+00  -1.328385e+00  2.522004e-04  6.951691e+00  6.322133e-02  4.394951e-01  5.721077e-01  6.080877e-02
    39  -1.318839e+00  -1.322014e+00  2.632088e-04  6.937177e+00  6.327528e-02  4.389519e-01  5.730601e-01  6.084639e-02
    40  -1.312466e+00  -1.315641e+00  2.746873e-04  6.922303e+00  6.333068e-02  4.383941e-01  5.740402e-01  6.088508e-02
    41  -1.306089e+00  -1.309266e+00  2.866651e-04  6.907060e+00  6.338754e-02  4.378216e-01  5.750489e-01  6.092488e-02
    42  -1.299709e+00  -1.302887e+00  2.991578e-04  6.891440e+00  6.344593e-02  4.372338e-01  5.760871e-01  6.096582e-02
    43  -1.293326e+00  -1.296506e+00  3.121906e-04  6.875435e+00  6.350587e-02  4.366305e-01  5.771555e-01  6.100792e-02
    44  -1.286937e+00  -1.290120e+00  3.257907e-04  6.859035e+00  6.356741e-02  4.360111e-01  5.782554e-01  6.105124e-02
    45  -1.280546e+00  -1.283730e+00  3.399746e-04  6.842233e+00  6.363059e-02  4.353753e-01  5.793876e-01  6.109580e-02
    46  -1.274150e+00  -1.277336e+00  3.547724e-04  6.825023e+00  6.369544e-02  4.347228e-01  5.805528e-01  6.114164e-02
    47  -1.267752e+00  -1.270939e+00  3.702053e-04  6.807397e+00  6.376199e-02  4.340532e-01  5.817522e-01  6.118878e-02
    48  -1.261351e+00  -1.264539e+00  3.863001e-04  6.789350e+00  6.383028e-02  4.333661e-01  5.829864e-01  6.123726e-02
    49  -1.254942e+00  -1.258135e+00  4.030957e-04  6.770868e+00  6.390038e-02  4.326611e-01  5.842570e-01  6.128714e-02
    50  -1.248531e+00  -1.251725e+00  4.206106e-04  6.751945e+00  6.397232e-02  4.319376e-01  5.855650e-01  6.133845e-02
    51  -1.242115e+00  -1.245311e+00  4.388801e-04  6.732575e+00  6.404613e-02  4.311953e-01  5.869112e-01  6.139122e-02
    52  -1.235696e+00  -1.238894e+00  4.579325e-04  6.712749e+00  6.412185e-02  4.304339e-01  5.882969e-01  6.144549e-02
    53  -1.229268e+00  -1.232470e+00  4.778138e-04  6.692457e+00  6.419956e-02  4.296528e-01  5.897235e-01  6.150132e-02
    54  -1.222840e+00  -1.226042e+00  4.985347e-04  6.671694e+00  6.427927e-02  4.288516e-01  5.911918e-01  6.155874e-02
    55  -1.216406e+00  -1.219611e+00  5.201481e-04  6.650458e+00  6.436101e-02  4.280302e-01  5.927029e-01  6.161778e-02
    56  -1.209966e+00  -1.213174e+00  5.426885e-04  6.628732e+00  6.444486e-02  4.271877e-01  5.942585e-01  6.167851e-02
    57  -1.203521e+00  -1.206732e+00  5.661971e-04  6.606511e+00  6.453085e-02  4.263238e-01  5.958599e-01  6.174097e-02
    58  -1.197072e+00  -1.200285e+00  5.907064e-04  6.583789e+00  6.461904e-02  4.254381e-01  5.975082e-01  6.180521e-02
    59  -1.190617e+00  -1.193833e+00  6.162668e-04  6.560558e+00  6.470945e-02  4.245301e-01  5.992049e-01  6.187127e-02
    60  -1.184156e+00  -1.187375e+00  6.429189e-04  6.536809e+00  6.480215e-02  4.235993e-01  6.009516e-01  6.193921e-02
    61  -1.177690e+00  -1.180911e+00  6.707104e-04  6.512536e+00  6.489719e-02  4.226453e-01  6.027496e-01  6.200907e-02
    62  -1.171218e+00  -1.174442e+00  6.996861e-04  6.487730e+00  6.499462e-02  4.216675e-01  6.046005e-01  6.208092e-02
    63  -1.164739e+00  -1.167966e+00  7.298974e-04  6.462387e+00  6.509447e-02  4.206656e-01  6.065059e-01  6.215481e-02
    64  -1.158255e+00  -1.161485e+00  7.613962e-04  6.436497e+00  6.519680e-02  4.196390e-01  6.084674e-01  6.223079e-02
    65  -1.151764e+00  -1.154997e+00  7.942322e-04  6.410055e+00  6.530166e-02  4.185872e-01  6.104866e-01  6.230893e-02
    66  -1.145266e+00  -1.148503e+00  8.284723e-04  6.383053e+00  6.540911e-02  4.175098e-01  6.125654e-01  6.238927e-02
    67  -1.138762e+00  -1.142002e+00  8.641640e-04  6.355482e+00  6.551920e-02  4.164061e-01  6.147057e-01  6.247190e-02
    68  -1.132251e+00  -1.135494e+00  9.013664e-04  6.327342e+00  6.563196e-02  4.152758e-01  6.169089e-01  6.255686e-02
    69  -1.125733e+00  -1.128980e+00  9.401486e-04  6.298624e+00  6.574745e-02  4.141185e-01  6.191770e-01  6.264421e-02
    70  -1.119207e+00  -1.122458e+00  9.805784e-04  6.269320e+00  6.586574e-02  4.129334e-01  6.215124e-01  6.273404e-02
    71  -1.112674e+00  -1.115928e+00  1.022722e-03  6.239423e+00  6.598687e-02  4.117200e-01  6.239170e-01  6.282641e-02
    72  -1.106133e+00  -1.109391e+00  1.066645e-03  6.208931e+00  6.611090e-02  4.104780e-01  6.263926e-01  6.292139e-02
    73  -1.099585e+00  -1.102847e+00  1.112418e-03  6.177842e+00  6.623785e-02  4.092070e-01  6.289413e-01  6.301903e-02
    74  -1.093029e+00  -1.096294e+00  1.160127e-03  6.146148e+00  6.636780e-02  4.079063e-01  6.315654e-01  6.311943e-02
    75  -1.086465e+00  -1.089734e+00  1.209843e-03  6.113844e+00  6.650079e-02  4.065754e-01  6.342672e-01  6.322265e-02
    76  -1.079891e+00  -1.083166e+00  1.261660e-03  6.080926e+00  6.663688e-02  4.052139e-01  6.370492e-01  6.332877e-02
    77  -1.073310e+00  -1.076588e+00  1.315650e-03  6.047390e+00  6.677612e-02  4.038212e-01  6.399137e-01  6.343788e-02
    78  -1.066720e+00  -1.070003e+00  1.371910e-03  6.013235e+00  6.691855e-02  4.023969e-01  6.428632e-01  6.355005e-02
    79  -1.060121e+00  -1.063408e+00  1.430537e-03  5.978454e+00  6.706423e-02  4.009404e-01  6.459005e-01  6.366538e-02
    80  -1.053513e+00  -1.056804e+00  1.491613e-03  5.943047e+00  6.721322e-02  3.994513e-01  6.490281e-01  6.378394e-02
    81  -1.046895e+00  -1.050191e+00  1.555254e-03  5.907013e+00  6.736554e-02  3.979291e-01  6.522486e-01  6.390582e-02
    82  -1.040267e+00  -1.043569e+00  1.621555e-03  5.870347e+00  6.752128e-02  3.963733e-01  6.555652e-01  6.403111e-02
    83  -1.033630e+00  -1.036936e+00  1.690622e-03  5.833050e+00  6.768045e-02  3.947835e-01  6.589807e-01  6.415992e-02
    84  -1.026983e+00  -1.030294e+00  1.762572e-03  5.795122e+00  6.784311e-02  3.931591e-01  6.624979e-01  6.429232e-02
    85  -1.020326e+00  -1.023642e+00  1.837521e-03  5.756561e+00  6.800932e-02  3.914998e-01  6.661203e-01  6.442842e-02
    86  -1.013658e+00  -1.016979e+00  1.915590e-03  5.717367e+00  6.817911e-02  3.898050e-01  6.698511e-01  6.456833e-02
    87  -1.006979e+00  -1.010306e+00  1.996900e-03  5.677543e+00  6.835253e-02  3.880744e-01  6.736934e-01  6.471214e-02
    88  -1.000289e+00  -1.003621e+00  2.081586e-03  5.637088e+00  6.852962e-02  3.863075e-01  6.776509e-01  6.485996e-02
    89  -9.935881e-01  -9.969258e-01  2.169788e-03  5.596004e+00  6.871043e-02  3.845039e-01  6.817272e-01  6.501191e-02
    90  -9.868752e-01  -9.902187e-01  2.261641e-03  5.554293e+00  6.889500e-02  3.826631e-01  6.859261e-01  6.516809e-02
    91  -9.801509e-01  -9.835001e-01  2.357288e-03  5.511960e+00  6.908337e-02  3.807848e-01  6.902512e-01  6.532862e-02
    92  -9.734150e-01  -9.767699e-01  2.456877e-03  5.469010e+00  6.927556e-02  3.788687e-01  6.947064e-01  6.549361e-02
    93  -9.666659e-01  -9.700273e-01  2.560586e-03  5.425443e+00  6.947162e-02  3.769143e-01  6.992961e-01  6.566319e-02
    94  -9.599055e-01  -9.632725e-01  2.668544e-03  5.381267e+00  6.967158e-02  3.749214e-01  7.040243e-01  6.583747e-02
    95  -9.531318e-01  -9.565055e-01  2.780947e-03  5.336489e+00  6.987546e-02  3.728896e-01  7.088952e-01  6.601659e-02
    96  -9.463459e-01  -9.497256e-01  2.897949e-03  5.291114e+00  7.008330e-02  3.708187e-01  7.139135e-01  6.620068e-02
    97  -9.395464e-01  -9.429329e-01  3.019750e-03  5.245149e+00  7.029512e-02  3.687084e-01  7.190839e-01  6.638986e-02
    98  -9.327336e-01  -9.361267e-01  3.146529e-03  5.198601e+00  7.051096e-02  3.665583e-01  7.244114e-01  6.658428e-02
    99  -9.259073e-01  -9.293070e-01  3.278481e-03  5.151478e+00  7.073082e-02  3.643683e-01  7.299007e-01  6.678409e-02
   100  -9.190670e-01  -9.224737e-01  3.415810e-03  5.103791e+00  7.095473e-02  3.621381e-01  7.355573e-01  6.698941e-02
   101  -9.122123e-01  -9.156261e-01  3.558731e-03  5.055547e+00  7.118270e-02  3.598675e-01  7.413865e-01  6.720042e-02
   102  -9.053437e-01  -9.087644e-01  3.707443e-03  5.006758e+00  7.141474e-02  3.575564e-01  7.473937e-01  6.741725e-02
   103  -8.984600e-01  -9.018882e-01  3.862193e-03  4.957436e+00  7.165087e-02  3.552046e-01  7.535848e-01  6.764006e-02
   104  -8.915616e-01  -8.949971e-01  4.023197e-03  4.907591e+00  7.189109e-02  3.528121e-01  7.599659e-01  6.786901e-02
   105  -8.846484e-01  -8.880913e-01  4.190697e-03  4.857239e+00  7.213538e-02  3.503788e-01  7.665427e-01  6.810427e-02
   106  -8.777194e-01  -8.811701e-01  4.364955e-03  4.806389e+00  7.238377e-02  3.479046e-01  7.733222e-01  6.834601e-02
   107  -8.707750e-01  -8.742333e-01  4.546218e-03  4.755057e+00  7.263624e-02  3.453894e-01  7.803108e-01  6.859441e-02
   108  -8.638150e-01  -8.672810e-01  4.734748e-03  4.703259e+00  7.289276e-02  3.428335e-01  7.875151e-01  6.884963e-02
   109  -8.568386e-01  -8.603128e-01  4.930837e-03  4.651008e+00  7.315334e-02  3.402368e-01  7.949426e-01  6.911186e-02
   110  -8.498459e-01  -8.533282e-01  5.134764e-03  4.598321e+00  7.341796e-02  3.375993e-01  8.026008e-01  6.938131e-02
   111  -8.428365e-01  -8.463271e-01  5.346829e-03  4.545213e+00  7.368659e-02  3.349212e-01  8.104972e-01  6.965815e-02
   112  -8.358106e-01  -8.393094e-01  5.567324e-03  4.491703e+00  7.395919e-02  3.322028e-01  8.186398e-01  6.994258e-02
   113  -8.287676e-01  -8.322748e-01  5.796581e-03  4.437810e+00  7.423574e-02  3.294441e-01  8.270368e-01  7.023481e-02
   114  -8.217074e-01  -8.252232e-01  6.034915e-03  4.383550e+00  7.451619e-02  3.266454e-01  8.356968e-01  7.053505e-02
   115  -8.146296e-01  -8.181541e-01  6.282676e-03  4.328943e+00  7.480051e-02  3.238071e-01  8.446287e-01  7.084351e-02
   116  -8.075341e-01  -8.110674e-01  6.540210e-03  4.274008e+00  7.508864e-02  3.209294e-01  8.538421e-01  7.116042e-02
   117  -8.004207e-01  -8.039628e-01  6.807874e-03  4.218765e+00  7.538052e-02  3.180127e-01  8.633464e-01  7.148600e-02
   118  -7.932891e-01  -7.968403e-01  7.086044e-03  4.163236e+00  7.567611e-02  3.150575e-01  8.731514e-01  7.182049e-02
   119  -7.861393e-01  -7.896995e-01  7.375103e-03  4.107441e+00  7.597532e-02  3.120641e-01  8.832678e-01  7.216412e-02
   120  -7.789707e-01  -7.825402e-01  7.675455e-03  4.051402e+00  7.627808e-02  3.090332e-01  8.937063e-01  7.251715e-02
   121  -7.717835e-01  -7.753623e-01  7.987504e-03  3.995140e+00  7.658433e-02  3.059651e-01  9.044781e-01  7.287982e-02
   122  -7.645774e-01  -7.681655e-01  8.311671e-03  3.938678e+00  7.689397e-02  3.028606e-01  9.155948e-01  7.325240e-02
   123  -7.573516e-01  -7.609495e-01  8.648426e-03  3.882038e+00  7.720692e-02  2.997202e-01  9.270691e-01  7.363516e-02
   124  -7.501070e-01  -7.537142e-01  8.998165e-03  3.825243e+00  7.752308e-02  2.965446e-01  9.389132e-01  7.402838e-02
   125  -7.428428e-01  -7.464598e-01  9.361386e-03  3.768319e+00  7.784234e-02  2.933348e-01  9.511399e-01  7.443231e-02
   126  -7.355591e-01  -7.391857e-01  9.738557e-03  3.711288e+00  7.816458e-02  2.900913e-01  9.637633e-01  7.484727e-02
   127  -7.282553e-01  -7.318918e-01  1.013019e-02  3.654172e+00  7.848971e-02  2.868149e-01  9.767976e-01  7.527355e-02
   128  -7.209315e-01  -7.245780e-01  1.053678e-02  3.596997e+00  7.881760e-02  2.835066e-01  9.902580e-01  7.571146e-02
   129  -7.135875e-01  -7.172440e-01  1.095886e-02  3.539785e+00  7.914811e-02  2.801673e-01  1.004160e+00  7.616133e-02
   130  -7.062232e-01  -7.098898e-01  1.139696e-02  3.482562e+00  7.948112e-02  2.767980e-01  1.018519e+00  7.662347e-02
   131  -6.988386e-01  -7.025152e-01  1.185164e-02  3.425353e+00  7.981647e-02  2.733996e-01  1.033352e+00  7.709821e-02
   132  -6.914332e-01  -6.951201e-01  1.232348e-02  3.368180e+00  8.015403e-02  2.699732e-01  1.048678e+00  7.758592e-02
   133  -6.840069e-01  -6.877042e-01  1.281308e-02  3.311068e+00  8.049365e-02  2.665200e-01  1.064513e+00  7.808694e-02
   134  -6.765600e-01  -6.802675e-01  1.332102e-02  3.254042e+00  8.083515e-02  2.630410e-01  1.080878e+00  7.860163e-02
   135  -6.690921e-01  -6.728100e-01  1.384795e-02  3.197125e+00  8.117837e-02  2.595374e-01  1.097792e+00  7.913038e-02
   136  -6.616029e-01  -6.653313e-01  1.439450e-02  3.140342e+00  8.152315e-02  2.560106e-01  1.115277e+00  7.967358e-02
   137  -6.540927e-01  -6.578316e-01  1.496132e-02  3.083716e+00  8.186929e-02  2.524616e-01  1.133353e+00  8.023162e-02
   138  -6.465611e-01  -6.503106e-01  1.554911e-02  3.027271e+00  8.221663e-02  2.488920e-01  1.152043e+00  8.080491e-02
   139  -6.390082e-01  -6.427682e-01  1.615855e-02  2.971031e+00  8.256495e-02  2.453030e-01  1.171372e+00  8.139389e-02
   140  -6.314337e-01  -6.352045e-01  1.679038e-02  2.915018e+00  8.291408e-02  2.416960e-01  1.191364e+00  8.199899e-02
   141  -6.238378e-01  -6.276192e-01  1.744530e-02  2.859255e+00  8.326381e-02  2.380725e-01  1.212046e+00  8.262066e-02
   142  -6.162204e-01  -6.200124e-01  1.812408e-02  2.803766e+00  8.361392e-02  2.344338e-01  1.233443e+00  8.325937e-02
   143  -6.085812e-01  -6.123840e-01  1.882751e-02  2.748571e+00  8.396421e-02  2.307816e-01  1.255584e+00  8.391559e-02
   144  -6.009202e-01  -6.047338e-01  1.955637e-02  2.693693e+00  8.431446e-02  2.271173e-01  1.278500e+00  8.458983e-02
   145  -5.932377e-01  -5.970620e-01  2.031146e-02  2.639153e+00  8.466445e-02  2.234424e-01  1.302222e+00  8.528260e-02
   146  -5.855332e-01  -5.893684e-01  2.109364e-02  2.584972e+00  8.501395e-02  2.197587e-01  1.326780e+00  8.599441e-02
   147  -5.778070e-01  -5.816529e-01  2.190376e-02  2.531170e+00  8.536273e-02  2.160676e-01  1.352211e+00  8.672583e-02
   148  -5.700590e-01  -5.739157e-01  2.274267e-02  2.477767e+00  8.571055e-02  2.123708e-01  1.378550e+00  8.747740e-02
   149  -5.622892e-01  -5.661567e-01  2.361129e-02  2.424783e+00  8.605717e-02  2.086699e-01  1.405833e+00  8.824971e-02
   150  -5.544974e-01  -5.583758e-01  2.451054e-02  2.372236e+00  8.640236e-02  2.049667e-01  1.434100e+00  8.904336e-02
   151  -5.466838e-01  -5.505731e-01  2.544136e-02  2.320143e+00  8.674586e-02  2.012628e-01  1.463392e+00  8.985898e-02
   152  -5.388484e-01  -5.427485e-01  2.640469e-02  2.268524e+00  8.708742e-02  1.975599e-01  1.493753e+00  9.069719e-02
   153  -5.309912e-01  -5.349020e-01  2.740152e-02  2.217395e+00  8.742680e-02  1.938598e-01  1.525227e+00  9.155865e-02
   154  -5.231121e-01  -5.270337e-01  2.843287e-02  2.166773e+00  8.776373e-02  1.901641e-01  1.557862e+00  9.244407e-02
   155  -5.152113e-01  -5.191437e-01  2.949974e-02  2.116672e+00  8.809795e-02  1.864745e-01  1.591708e+00  9.335413e-02
   156  -5.072886e-01  -5.112319e-01  3.060319e-02  2.067109e+00  8.842922e-02  1.827929e-01  1.626817e+00  9.428956e-02
   157  -4.993443e-01  -5.032983e-01  3.174428e-02  2.018098e+00  8.875727e-02  1.791209e-01  1.663243e+00  9.525114e-02
   158  -4.913782e-01  -4.953430e-01  3.292412e-02  1.969652e+00  8.908184e-02  1.754602e-01  1.701046e+00  9.623963e-02
   159  -4.833905e-01  -4.873660e-01  3.414379e-02  1.921784e+00  8.940265e-02  1.718126e-01  1.740284e+00  9.725585e-02
   160  -4.753812e-01  -4.793674e-01  3.540444e-02  1.874508e+00  8.971946e-02  1.681798e-01  1.781022e+00  9.830063e-02
   161  -4.673504e-01  -4.713472e-01  3.670722e-02  1.827834e+00  9.003199e-02  1.645636e-01  1.823328e+00  9.937484e-02
   162  -4.592980e-01  -4.633055e-01  3.805332e-02  1.781774e+00  9.033999e-02  1.609655e-01  1.867271e+00  1.004794e-01
   163  -4.512243e-01  -4.552424e-01  3.944390e-02  1.736338e+00  9.064318e-02  1.573872e-01  1.912925e+00  1.016152e-01
   164  -4.431291e-01  -4.471578e-01  4.088021e-02  1.691537e+00  9.094130e-02  1.538306e-01  1.960370e+00  1.027832e-01
   165  -4.350127e-01  -4.390519e-01  4.236348e-02  1.647378e+00  9.123410e-02  1.502970e-01  2.009686e+00  1.039844e-01
   166  -4.268750e-01  -4.309248e-01  4.389496e-02  1.603870e+00  9.152130e-02  1.467883e-01  2.060961e+00  1.052198e-01
   167  -4.187162e-01  -4.227764e-01  4.547592e-02  1.561021e+00  9.180266e-02  1.433059e-01  2.114286e+00  1.064906e-01
   168  -4.105363e-01  -4.146070e-01  4.710768e-02  1.518838e+00  9.207792e-02  1.398514e-01  2.169756e+00  1.077978e-01
   169  -4.023352e-01  -4.064164e-01  4.879156e-02  1.477326e+00  9.234681e-02  1.364264e-01  2.227474e+00  1.091426e-01
   170  -3.941134e-01  -3.982048e-01  5.052886e-02  1.436492e+00  9.260909e-02  1.330322e-01  2.287546e+00  1.105261e-01
   171  -3.858706e-01  -3.899724e-01  5.232095e-02  1.396342e+00  9.286451e-02  1.296706e-01  2.350084e+00  1.119496e-01
   172  -3.776071e-01  -3.817192e-01  5.416922e-02  1.356878e+00  9.311282e-02  1.263427e-01  2.415208e+00  1.134144e-01
   173  -3.693229e-01  -3.734452e-01  5.607503e-02  1.318104e+00  9.335378e-02  1.230500e-01  2.483043e+00  1.149218e-01
   174  -3.610180e-01  -3.651506e-01  5.803982e-02  1.280025e+00  9.358715e-02  1.197939e-01  2.553722e+00  1.164732e-01
   175  -3.526926e-01  -3.568354e-01  6.006498e-02  1.242641e+00  9.381270e-02  1.165755e-01  2.627383e+00  1.180700e-01
   176  -3.443467e-01  -3.484996e-01  6.215198e-02  1.205956e+00  9.403020e-02  1.133962e-01  2.704176e+00  1.197137e-01
   177  -3.359804e-01  -3.401434e-01  6.430225e-02  1.169969e+00  9.423943e-02  1.102572e-01  2.784257e+00  1.214059e-01
   178  -3.275938e-01  -3.317669e-01  6.651726e-02  1.134683e+00  9.444016e-02  1.071596e-01  2.867790e+00  1.231481e-01
   179  -3.191869e-01  -3.233700e-01  6.879851e-02  1.100096e+00  9.463218e-02  1.041045e-01  2.954950e+00  1.249420e-01
   180  -3.107598e-01  -3.149529e-01  7.114747e-02  1.066208e+00  9.481528e-02  1.010929e-01  3.045921e+00  1.267894e-01
   181  -3.023127e-01  -3.065157e-01  7.356565e-02  1.033020e+00  9.498927e-02  9.812580e-02  3.140900e+00  1.286920e-01
   182  -2.938454e-01  -2.980584e-01  7.605458e-02  1.000528e+00  9.515395e-02  9.520419e-02  3.240092e+00  1.306517e-01
   183  -2.853581e-01  -2.895810e-01  7.861579e-02  9.687310e-01  9.530912e-02  9.232890e-02  3.343717e+00  1.326705e-01
   184  -2.768509e-01  -2.810837e-01  8.125079e-02  9.376263e-01  9.545462e-02  8.950076e-02  3.452008e+00  1.347503e-01
   185  -2.683238e-01  -2.725664e-01  8.396115e-02  9.072110e-01  9.559026e-02  8.672053e-02  3.565208e+00  1.368933e-01
   186  -2.597769e-01  -2.640293e-01  8.674840e-02  8.774815e-01  9.571588e-02  8.398891e-02  3.683579e+00  1.391017e-01
   187  -2.512101e-01  -2.554723e-01  8.961413e-02  8.484339e-01  9.583131e-02  8.130653e-02  3.807398e+00  1.413776e-01
   188  -2.426235e-01  -2.468956e-01  9.255987e-02  8.200637e-01  9.593642e-02  7.867397e-02  3.936957e+00  1.437235e-01
   189  -2.340172e-01  -2.382991e-01  9.558720e-02  7.923664e-01  9.603105e-02  7.609178e-02  4.072566e+00  1.461418e-01
   190  -2.253913e-01  -2.296828e-01  9.869768e-02  7.653367e-01  9.611508e-02  7.356040e-02  4.214555e+00  1.486350e-01
   191  -2.167456e-01  -2.210469e-01  1.018929e-01  7.389691e-01  9.618837e-02  7.108023e-02  4.363274e+00  1.512059e-01
   192  -2.080803e-01  -2.123914e-01  1.051744e-01  7.132576e-01  9.625081e-02  6.865162e-02  4.519094e+00  1.538572e-01
   193  -1.993953e-01  -2.037161e-01  1.085438e-01  6.881959e-01  9.630231e-02  6.627485e-02  4.682411e+00  1.565917e-01
   194  -1.906906e-01  -1.950212e-01  1.120026e-01  6.637774e-01  9.634274e-02  6.395014e-02  4.853645e+00  1.594126e-01
   195  -1.819663e-01  -1.863065e-01  1.155524e-01  6.399953e-01  9.637204e-02  6.167765e-02  5.033241e+00  1.623227e-01
   196  -1.732223e-01  -1.775723e-01  1.191948e-01  6.168422e-01  9.639012e-02  5.945749e-02  5.221673e+00  1.653255e-01
   197  -1.644586e-01  -1.688183e-01  1.229312e-01  5.943107e-01  9.639691e-02  5.728972e-02  5.419446e+00  1.684244e-01
   198  -1.556751e-01  -1.600446e-01  1.267634e-01  5.723931e-01  9.639236e-02  5.517432e-02  5.627096e+00  1.716227e-01
   199  -1.468719e-01  -1.512512e-01  1.306927e-01  5.510812e-01  9.637642e-02  5.311123e-02  5.845195e+00  1.749243e-01
   200  -1.380489e-01  -1.424380e-01  1.347208e-01  5.303668e-01  9.634904e-02  5.110033e-02  6.074352e+00  1.783329e-01
   201  -1.292061e-01  -1.336050e-01  1.388490e-01  5.102415e-01  9.631020e-02  4.914146e-02  6.315214e+00  1.818525e-01
   202  -1.203433e-01  -1.247521e-01  1.430790e-01  4.906965e-01  9.625989e-02  4.723440e-02  6.568471e+00  1.854873e-01
   203  -1.114605e-01  -1.158792e-01  1.474123e-01  4.717230e-01  9.619810e-02  4.537885e-02  6.834862e+00  1.892416e-01
   204  -1.025577e-01  -1.069863e-01  1.518502e-01  4.533118e-01  9.612482e-02  4.357452e-02  7.115169e+00  1.931199e-01
   205  -9.363469e-02  -9.807326e-02  1.563943e-01  4.354538e-01  9.604008e-02  4.182102e-02  7.410229e+00  1.971269e-01
   206  -8.469149e-02  -8.914007e-02  1.610460e-01  4.181397e-01  9.594390e-02  4.011795e-02  7.720935e+00  2.012676e-01
   207  -7.572794e-02  -8.018659e-02  1.658067e-01  4.013599e-01  9.583631e-02  3.846486e-02  8.048240e+00  2.055470e-01
   208  -6.674392e-02  -7.121270e-02  1.706778e-01  3.851049e-01  9.571737e-02  3.686122e-02  8.393162e+00  2.099706e-01
   209  -5.773933e-02  -6.221829e-02  1.756607e-01  3.693648e-01  9.558711e-02  3.530651e-02  8.756788e+00  2.145437e-01
   210  -4.871406e-02  -5.320325e-02  1.807567e-01  3.541300e-01  9.544563e-02  3.380016e-02  9.140276e+00  2.192724e-01
   211  -3.966793e-02  -4.416744e-02  1.859671e-01  3.393905e-01  9.529298e-02  3.234153e-02  9.544868e+00  2.241625e-01
   212  -3.060083e-02  -3.511072e-02  1.912933e-01  3.251363e-01  9.512925e-02  3.092998e-02  9.971889e+00  2.292205e-01
   213  -2.151260e-02  -2.603294e-02  1.967366e-01  3.113576e-01  9.495455e-02  2.956482e-02  1.042276e+01  2.344529e-01
   214  -1.240305e-02  -1.693394e-02  2.022981e-01  2.980443e-01  9.476898e-02  2.824535e-02  1.089899e+01  2.398666e-01
   215  -3.272070e-03  -7.813564e-03  2.079790e-01  2.851863e-01  9.457265e-02  2.697082e-02  1.140220e+01  2.454687e-01
   216  5.880584e-03  1.328368e-03  2.137806e-01  2.727735e-01  9.436569e-02  2.574046e-02  1.193413e+01  2.512668e-01
   217  1.505505e-02  1.049204e-02  2.197041e-01  2.607958e-01  9.414823e-02  2.455346e-02  1.249664e+01  2.572687e-01
   218  2.425154e-02  1.967764e-02  2.257504e-01  2.492432e-01  9.392042e-02  2.340903e-02  1.309172e+01  2.634824e-01
   219  3.347022e-02  2.888534e-02  2.319208e-01  2.381057e-01  9.368240e-02  2.230631e-02  1.372149e+01  2.699165e-01
   220  4.271130e-02  3.811534e-02  2.382162e-01  2.273731e-01  9.343434e-02  2.124446e-02  1.438824e+01  2.765798e-01
   221  5.197501e-02  4.736785e-02  2.446377e-01  2.170355e-01  9.317640e-02  2.022259e-02  1.509441e+01  2.834816e-01
   222  6.126152e-02  5.664308e-02  2.511862e-01  2.070830e-01  9.290876e-02  1.923982e-02  1.584263e+01  2.906315e-01
   223  7.057107e-02  6.594124e-02  2.578626e-01  1.975055e-01  9.263160e-02  1.829525e-02  1.663570e+01  2.980396e-01
   224  7.990386e-02  7.526254e-02  2.646680e-01  1.882934e-01  9.234511e-02  1.738798e-02  1.747664e+01  3.057164e-01
   225  8.926013e-02  8.460719e-02  2.716031e-01  1.794368e-01  9.204947e-02  1.651706e-02  1.836867e+01  3.136728e-01
   226  9.864004e-02  9.397541e-02  2.786687e-01  1.709260e-01  9.174489e-02  1.568159e-02  1.931527e+01  3.219202e-01
   227  1.080439e-01  1.033674e-01  2.858656e-01  1.627515e-01  9.143157e-02  1.488063e-02  2.032015e+01  3.304705e-01
   228  1.174718e-01  1.127834e-01  2.931946e-01  1.549037e-01  9.110972e-02  1.411323e-02  2.138729e+01  3.393361e-01
   229  1.269240e-01  1.222236e-01  3.006563e-01  1.473732e-01  9.077955e-02  1.337847e-02  2.252099e+01  3.485299e-01
   230  1.364007e-01  1.316882e-01  3.082514e-01  1.401506e-01  9.044128e-02  1.267540e-02  2.372584e+01  3.580654e-01
   231  1.459022e-01  1.411774e-01  3.159805e-01  1.332269e-01  9.009512e-02  1.200309e-02  2.500676e+01  3.679567e-01
   232  1.554285e-01  1.506915e-01  3.238442e-01  1.265929e-01  8.974128e-02  1.136060e-02  2.636906e+01  3.782183e-01
   233  1.649800e-01  1.602305e-01  3.318430e-01  1.202395e-01  8.938000e-02  1.074701e-02  2.781842e+01  3.888655e-01
   234  1.745567e-01  1.697947e-01  3.399773e-01  1.141581e-01  8.901149e-02  1.016138e-02  2.936096e+01  3.999142e-01
   235  1.841588e-01  1.793843e-01  3.482476e-01  1.083399e-01  8.863596e-02  9.602809e-03  3.100321e+01  4.113809e-01
   236  1.937864e-01  1.889993e-01  3.566544e-01  1.027763e-01  8.825364e-02  9.070379e-03  3.275223e+01  4.232827e-01
   237  2.034397e-01  1.986399e-01  3.651978e-01  9.745882e-02  8.786475e-02  8.563194e-03  3.461557e+01  4.356376e-01
   238  2.131188e-01  2.083063e-01  3.738783e-01  9.237927e-02  8.746949e-02  8.080367e-03  3.660136e+01  4.484641e-01
   239  2.228238e-01  2.179984e-01  3.826961e-01  8.752945e-02  8.706807e-02  7.621020e-03  3.871830e+01  4.617817e-01
   240  2.325547e-01  2.277165e-01  3.916514e-01  8.290137e-02  8.666071e-02  7.184291e-03  4.097578e+01  4.756103e-01
   241  2.423116e-01  2.374605e-01  4.007443e-01  7.848719e-02  8.624759e-02  6.769331e-03  4.338382e+01  4.899710e-01
   242  2.520944e-01  2.472305e-01  4.099751e-01  7.427920e-02  8.582893e-02  6.375304e-03  4.595322e+01  5.048854e-01
   243  2.619031e-01  2.570264e-01  4.193438e-01  7.026988e-02  8.540489e-02  6.001391e-03  4.869557e+01  5.203760e-01
   244  2.717377e-01  2.668482e-01  4.288503e-01  6.645183e-02  8.497567e-02  5.646789e-03  5.162330e+01  5.364663e-01
   245  2.815981e-01  2.766959e-01  4.384948e-01  6.281786e-02  8.454143e-02  5.310711e-03  5.474974e+01  5.531806e-01
   246  2.914841e-01  2.865692e-01  4.482772e-01  5.936089e-02  8.410233e-02  4.992389e-03  5.808923e+01  5.705439e-01
   247  3.013955e-01  2.964681e-01  4.581974e-01  5.607403e-02  8.365853e-02  4.691071e-03  6.165710e+01  5.885824e-01
   248  3.113322e-01  3.063923e-01  4.682552e-01  5.295056e-02  8.321017e-02  4.406025e-03  6.546984e+01  6.073231e-01
   249  3.212939e-01  3.163416e-01  4.784506e-01  4.998390e-02  8.275739e-02  4.136537e-03  6.954509e+01  6.267940e-01
   250  3.312802e-01  3.263157e-01  4.887832e-01  4.716766e-02  8.230029e-02  3.881912e-03  7.390179e+01  6.470240e-01
   251  3.412908e-01  3.363143e-01  4.992529e-01  4.449560e-02  8.183899e-02  3.641475e-03  7.856023e+01  6.680432e-01
   252  3.513251e-01  3.463369e-01  5.098594e-01  4.196166e-02  8.137358e-02  3.414571e-03  8.354214e+01  6.898826e-01
   253  3.613829e-01  3.563831e-01  5.206023e-01  3.955995e-02  8.090415e-02  3.200564e-03  8.887076e+01  7.125741e-01
   254  3.714634e-01  3.664524e-01  5.314812e-01  3.728472e-02  8.043076e-02  2.998838e-03  9.457102e+01  7.361507e-01
   255  3.815661e-01  3.765441e-01  5.424959e-01  3.513041e-02  7.995347e-02  2.808798e-03  1.006696e+02  7.606468e-01
   256  3.916904e-01  3.866578e-01  5.536457e-01  3.309161e-02  7.947232e-02  2.629867e-03  1.071949e+02  7.860974e-01
   257  4.018355e-01  3.967925e-01  5.649304e-01  3.116309e-02  7.898734e-02  2.461490e-03  1.141775e+02  8.125390e-01
   258  4.120005e-01  4.069477e-01  5.763493e-01  2.933979e-02  7.849855e-02  2.303131e-03  1.216500e+02  8.400091e-01
   259  4.221847e-01  4.171225e-01  5.879020e-01  2.761678e-02  7.800595e-02  2.154273e-03  1.296472e+02  8.685461e-01
   260  4.323871e-01  4.273159e-01  5.995879e-01  2.598932e-02  7.750954e-02  2.014420e-03  1.382062e+02  8.981901e-01
   261  4.426067e-01  4.375270e-01  6.114063e-01  2.445282e-02  7.700929e-02  1.883095e-03  1.473667e+02  9.289818e-01
   262  4.528424e-01  4.477547e-01  6.233566e-01  2.300287e-02  7.650517e-02  1.759839e-03  1.571710e+02  9.609634e-01
   263  4.630932e-01  4.579980e-01  6.354383e-01  2.163519e-02  7.599715e-02  1.644213e-03  1.676643e+02  9.941783e-01
   264  4.733577e-01  4.682558e-01  6.476505e-01  2.034566e-02  7.548517e-02  1.535796e-03  1.788947e+02  1.028671e+00
   265  4.836349e-01  4.785267e-01  6.599927e-01  1.913033e-02  7.496918e-02  1.434185e-03  1.909133e+02  1.064488e+00
   266  4.939232e-01  4.888095e-01  6.724639e-01  1.798539e-02  7.444912e-02  1.338996e-03  2.037748e+02  1.101675e+00
   267  5.042215e-01  4.991029e-01  6.850636e-01  1.690717e-02  7.392492e-02  1.249861e-03  2.175372e+02  1.140282e+00
   268  5.145282e-01  5.094054e-01  6.977908e-01  1.589218e-02  7.339652e-02  1.166430e-03  2.322624e+02  1.180358e+00
   269  5.248418e-01  5.197156e-01  7.106448e-01  1.493703e-02  7.286383e-02  1.088369e-03  2.480161e+02  1.221955e+00
   270  5.351608e-01  5.300319e-01  7.236247e-01  1.403850e-02  7.232679e-02  1.015360e-03  2.648681e+02  1.265125e+00
   271  5.454837e-01  5.403529e-01  7.367296e-01  1.319350e-02  7.178534e-02  9.471001e-04  2.828929e+02  1.309922e+00
   272  5.558088e-01  5.506769e-01  7.499587e-01  1.239909e-02  7.123940e-02  8.833037e-04  3.021691e+02  1.356401e+00
   273  5.661345e-01  5.610023e-01  7.633112e-01  1.165243e-02  7.068894e-02  8.236981e-04  3.227808e+02  1.404621e+00
   274  5.764592e-01  5.713275e-01  7.767859e-01  1.095084e-02  7.013388e-02  7.680250e-04  3.448169e+02  1.454640e+00
   275  5.867811e-01  5.816508e-01  7.903821e-01  1.029175e-02  6.957421e-02  7.160403e-04  3.683720e+02  1.506519e+00
   276  5.970985e-01  5.919704e-01  8.040988e-01  9.672714e-03  6.900989e-02  6.675129e-04  3.935465e+02  1.560319e+00
   277  6.074098e-01  6.022848e-01  8.179349e-01  9.091408e-03  6.844091e-02  6.222242e-04  4.204467e+02  1.616106e+00
   278  6.177133e-01  6.125921e-01  8.318895e-01  8.545621e-03  6.786729e-02  5.799682e-04  4.491859e+02  1.673945e+00
   279  6.280072e-01  6.228907e-01  8.459616e-01  8.033255e-03  6.728905e-02  5.405501e-04  4.798840e+02  1.733905e+00
   280  6.382899e-01  6.331790e-01  8.601502e-01  7.552318e-03  6.670624e-02  5.037867e-04  5.126684e+02  1.796056e+00
   281  6.485597e-01  6.434551e-01  8.744542e-01  7.100922e-03  6.611892e-02  4.695053e-04  5.476743e+02  1.860471e+00
   282  6.588150e-01  6.537176e-01  8.888727e-01  6.677281e-03  6.552719e-02  4.375434e-04  5.850454e+02  1.927226e+00
   283  6.690543e-01  6.639648e-01  9.034045e-01  6.279702e-03  6.493116e-02  4.077483e-04  6.249343e+02  1.996398e+00
   284  6.792760e-01  6.741953e-01  9.180486e-01  5.906589e-03  6.433098e-02  3.799766e-04  6.675030e+02  2.068068e+00
   285  6.894787e-01  6.844073e-01  9.328039e-01  5.556432e-03  6.372682e-02  3.540937e-04  7.129235e+02  2.142319e+00
   286  6.996609e-01  6.945997e-01  9.476693e-01  5.227808e-03  6.311886e-02  3.299733e-04  7.613789e+02  2.219238e+00
   287  7.098214e-01  7.047709e-01  9.626437e-01  4.919374e-03  6.250734e-02  3.074970e-04  8.130639e+02  2.298915e+00
   288  7.199588e-01  7.149197e-01  9.777261e-01  4.629865e-03  6.189251e-02  2.865540e-04  8.681857e+02  2.381442e+00
   289  7.300720e-01  7.250448e-01  9.929154e-01  4.358093e-03  6.127463e-02  2.670405e-04  9.269647e+02  2.466918e+00
   290  7.401599e-01  7.351453e-01  1.008210e+00  4.102937e-03  6.065402e-02  2.488596e-04  9.896356e+02  2.555442e+00
   291  7.502216e-01  7.452199e-01  1.023610e+00  3.863347e-03  6.003100e-02  2.319206e-04  1.056449e+03  2.647120e+00
   292  7.602561e-01  7.552678e-01  1.039113e+00  3.638335e-03  5.940591e-02  2.161386e-04  1.127671e+03  2.742061e+00
   293  7.702627e-01  7.652882e-01  1.054718e+00  3.426975e-03  5.877914e-02  2.014346e-04  1.203587e+03  2.840378e+00
   294  7.802407e-01  7.752803e-01  1.070425e+00  3.228397e-03  5.815108e-02  1.877347e-04  1.284500e+03  2.942191e+00
   295  7.901895e-01  7.852436e-01  1.086232e+00  3.041787e-03  5.752213e-02  1.749701e-04  1.370736e+03  3.047624e+00
   296  8.001087e-01  7.951774e-01  1.102138e+00  2.866384e-03  5.689272e-02  1.630764e-04  1.462639e+03  3.156805e+00
   297  8.099978e-01  8.050814e-01  1.118142e+00  2.701474e-03  5.626330e-02  1.519938e-04  1.560582e+03  3.269868e+00
   298  8.198568e-01  8.149553e-01  1.134242e+00  2.546389e-03  5.563431e-02  1.416666e-04  1.664961e+03  3.386956e+00
   299  8.296855e-01  8.247990e-01  1.150438e+00  2.400504e-03  5.500621e-02  1.320426e-04  1.776199e+03  3.508215e+00
   300  8.394838e-01  8.346123e-01  1.166729e+00  2.263238e-03  5.437945e-02  1.230737e-04  1.894752e+03  3.633797e+00
   301  8.492520e-01  8.443953e-01  1.183113e+00  2.134046e-03  5.375450e-02  1.147146e-04  2.021105e+03  3.763864e+00
   302  8.589900e-01  8.541483e-01  1.199589e+00  2.012419e-03  5.313179e-02  1.069234e-04  2.155780e+03  3.898584e+00
   303  8.686985e-01  8.638714e-01  1.216156e+00  1.897882e-03  5.251179e-02  9.966116e-05  2.299336e+03  4.038130e+00
   304  8.783777e-01  8.735651e-01  1.232813e+00  1.789992e-03  5.189492e-02  9.289148e-05  2.452373e+03  4.182687e+00
   305  8.880281e-01  8.832297e-01  1.249559e+00  1.688337e-03  5.128159e-02  8.658060e-05  2.615533e+03  4.332444e+00
   306  8.976503e-01  8.928658e-01  1.266393e+00  1.592532e-03  5.067221e-02  8.069712e-05  2.789503e+03  4.487601e+00
   307  9.072451e-01  9.024742e-01  1.283313e+00  1.502218e-03  5.006714e-02  7.521175e-05  2.975026e+03  4.648367e+00
   308  9.168132e-01  9.120555e-01  1.300318e+00  1.417059e-03  4.946674e-02  7.009729e-05  3.172893e+03  4.814959e+00
   309  9.263554e-01  9.216105e-01  1.317409e+00  1.336744e-03  4.887133e-02  6.532846e-05  3.383956e+03  4.987605e+00
   310  9.358726e-01  9.311400e-01  1.334582e+00  1.260982e-03  4.828118e-02  6.088169e-05  3.609128e+03  5.166541e+00
   311  9.453657e-01  9.406451e-01  1.351837e+00  1.189501e-03  4.769657e-02  5.673511e-05  3.849387e+03  5.352015e+00
   312  9.548359e-01  9.501266e-01  1.369174e+00  1.122048e-03  4.711769e-02  5.286832e-05  4.105788e+03  5.544284e+00
   313  9.642839e-01  9.595856e-01  1.386590e+00  1.058387e-03  4.654475e-02  4.926236e-05  4.379456e+03  5.743619e+00
   314  9.737110e-01  9.690231e-01  1.404086e+00  9.982970e-04  4.597789e-02  4.589959e-05  4.671601e+03  5.950300e+00
   315  9.831183e-01  9.784401e-01  1.421659e+00  9.415715e-04  4.541722e-02  4.276356e-05  4.983522e+03  6.164620e+00
   316  9.925067e-01  9.878378e-01  1.439309e+00  8.880181e-04  4.486281e-02  3.983899e-05  5.316612e+03  6.386885e+00
   317  1.001877e+00  9.972173e-01  1.457034e+00  8.374561e-04  4.431472e-02  3.711163e-05  5.672362e+03  6.617413e+00
   318  1.011231e+00  1.006580e+00  1.474834e+00  7.897169e-04  4.377296e-02  3.456825e-05  6.052372e+03  6.856533e+00
   319  1.020570e+00  1.015926e+00  1.492708e+00  7.446418e-04  4.323751e-02  3.219646e-05  6.458360e+03  7.104593e+00
   320  1.029894e+00  1.025257e+00  1.510654e+00  7.020818e-04  4.270833e-02  2.998474e-05  6.892170e+03  7.361954e+00
   321  1.039204e+00  1.034574e+00  1.528672e+00  6.618977e-04  4.218536e-02  2.792239e-05  7.355772e+03  7.628988e+00
   322  1.048502e+00  1.043878e+00  1.546760e+00  6.239578e-04  4.166851e-02  2.599939e-05  7.851285e+03  7.906088e+00
   323  1.057788e+00  1.053170e+00  1.564917e+00  5.881386e-04  4.115769e-02  2.420643e-05  8.380980e+03  8.193660e+00
   324  1.067064e+00  1.062451e+00  1.583142e+00  5.543234e-04  4.065278e-02  2.253479e-05  8.947292e+03  8.492128e+00
   325  1.076330e+00  1.071722e+00  1.601435e+00  5.224025e-04  4.015367e-02  2.097638e-05  9.552832e+03  8.801932e+00
   326  1.085587e+00  1.080983e+00  1.619794e+00  4.922722e-04  3.966022e-02  1.952362e-05  1.020040e+04  9.123533e+00
   327  1.094836e+00  1.090236e+00  1.638218e+00  4.638344e-04  3.917231e-02  1.816947e-05  1.089300e+04  9.457409e+00
   328  1.104078e+00  1.099482e+00  1.656707e+00  4.369967e-04  3.868981e-02  1.690732e-05  1.163385e+04  9.804059e+00
   329  1.113314e+00  1.108721e+00  1.675259e+00  4.116715e-04  3.821258e-02  1.573103e-05  1.242642e+04  1.016400e+01
   330  1.122543e+00  1.117953e+00  1.693873e+00  3.877761e-04  3.774049e-02  1.463486e-05  1.327441e+04  1.053778e+01
   331  1.131768e+00  1.127180e+00  1.712548e+00  3.652321e-04  3.727342e-02  1.361345e-05  1.418180e+04  1.092595e+01
   332  1.140988e+00  1.136402e+00  1.731284e+00  3.439654e-04  3.681125e-02  1.266180e-05  1.515287e+04  1.132910e+01
   333  1.150204e+00  1.145621e+00  1.750080e+00  3.239058e-04  3.635387e-02  1.177523e-05  1.619220e+04  1.174785e+01
   334  1.159417e+00  1.154835e+00  1.768933e+00  3.049871e-04  3.590116e-02  1.094939e-05  1.730471e+04  1.218283e+01
   335  1.168627e+00  1.164046e+00  1.787844e+00  2.871464e-04  3.545302e-02  1.018021e-05  1.849567e+04  1.263470e+01
   336  1.177834e+00  1.173255e+00  1.806811e+00  2.703240e-04  3.500936e-02  9.463870e-06  1.977076e+04  1.310415e+01
   337  1.187040e+00  1.182462e+00  1.825834e+00  2.544638e-04  3.457008e-02  8.796833e-06  2.113605e+04  1.359190e+01
   338  1.196244e+00  1.191666e+00  1.844912e+00  2.395122e-04  3.413509e-02  8.175771e-06  2.259809e+04  1.409869e+01
   339  1.205447e+00  1.200870e+00  1.864043e+00  2.254189e-04  3.370430e-02  7.597588e-06  2.416390e+04  1.462532e+01
   340  1.214649e+00  1.210072e+00  1.883227e+00  2.121361e-04  3.327766e-02  7.059394e-06  2.584098e+04  1.517258e+01
   341  1.223851e+00  1.219274e+00  1.902463e+00  1.996186e-04  3.285507e-02  6.558484e-06  2.763743e+04  1.574133e+01
   342  1.233053e+00  1.228476e+00  1.921749e+00  1.878235e-04  3.243647e-02  6.092331e-06  2.956197e+04  1.633246e+01
   343  1.242254e+00  1.237678e+00  1.941086e+00  1.767103e-04  3.202182e-02  5.658584e-06  3.162388e+04  1.694687e+01
   344  1.251457e+00  1.246880e+00  1.960472e+00  1.662406e-04  3.161104e-02  5.255038e-06  3.383324e+04  1.758552e+01
   345  1.260660e+00  1.256083e+00  1.979907e+00  1.563780e-04  3.120410e-02  4.879634e-06  3.620084e+04  1.824944e+01
   346  1.269864e+00  1.265286e+00  1.999389e+00  1.470883e-04  3.080097e-02  4.530462e-06  3.873823e+04  1.893965e+01
   347  1.279069e+00  1.274491e+00  2.018916e+00  1.383393e-04  3.040162e-02  4.205740e-06  4.145778e+04  1.965722e+01
   348  1.288275e+00  1.283696e+00  2.038490e+00  1.301002e-04  3.000602e-02  3.903789e-06  4.437291e+04  2.040328e+01
   349  1.297483e+00  1.292903e+00  2.058108e+00  1.223419e-04  2.961413e-02  3.623048e-06  4.749800e+04  2.117904e+01
   350  1.306692e+00  1.302112e+00  2.077770e+00  1.150372e-04  2.922591e-02  3.362068e-06  5.084843e+04  2.198569e+01
   351  1.315904e+00  1.311323e+00  2.097475e+00  1.081603e-04  2.884132e-02  3.119485e-06  5.444081e+04  2.282453e+01
   352  1.325117e+00  1.320535e+00  2.117222e+00  1.016867e-04  2.846033e-02  2.894036e-06  5.829294e+04  2.369689e+01
   353  1.334332e+00  1.329749e+00  2.137010e+00  9.559334e-05  2.808292e-02  2.684540e-06  6.242395e+04  2.460415e+01
   354  1.343550e+00  1.338966e+00  2.156839e+00  8.985842e-05  2.770905e-02  2.489892e-06  6.685446e+04  2.554777e+01
   355  1.352770e+00  1.348184e+00  2.176706e+00  8.446133e-05  2.733871e-02  2.309064e-06  7.160660e+04  2.652927e+01
   356  1.361992e+00  1.357406e+00  2.196613e+00  7.938266e-05  2.697186e-02  2.141098e-06  7.670416e+04  2.755021e+01
   357  1.371217e+00  1.366629e+00  2.216557e+00  7.460410e-05  2.660847e-02  1.985101e-06  8.217266e+04  2.861224e+01
   358  1.380444e+00  1.375855e+00  2.236538e+00  7.010828e-05  2.624853e-02  1.840239e-06  8.803963e+04  2.971708e+01
   359  1.389674e+00  1.385083e+00  2.256555e+00  6.587877e-05  2.589201e-02  1.705734e-06  9.433472e+04  3.086651e+01
   360  1.398906e+00  1.394315e+00  2.276608e+00  6.190014e-05  2.553893e-02  1.580864e-06  1.010897e+05  3.206240e+01
   361  1.408141e+00  1.403548e+00  2.296694e+00  5.815783e-05  2.518925e-02  1.464952e-06  1.083388e+05  3.330669e+01
   362  1.417379e+00  1.412785e+00  2.316815e+00  5.463804e-05  2.484296e-02  1.357371e-06  1.161190e+05  3.460143e+01
   363  1.426620e+00  1.422024e+00  2.336968e+00  5.132784e-05  2.450005e-02  1.257534e-06  1.244697e+05  3.594871e+01
   364  1.435863e+00  1.431266e+00  2.357153e+00  4.821497e-05  2.416052e-02  1.164899e-06  1.334335e+05  3.735074e+01
   365  1.445109e+00  1.440511e+00  2.377369e+00  4.528785e-05  2.382436e-02  1.078954e-06  1.430565e+05  3.880983e+01
   366  1.454358e+00  1.449758e+00  2.397614e+00  4.253565e-05  2.349155e-02  9.992281e-07  1.533879e+05  4.032840e+01
   367  1.463610e+00  1.459009e+00  2.417890e+00  3.994813e-05  2.316206e-02  9.252808e-07  1.644807e+05  4.190892e+01
   368  1.472865e+00  1.468262e+00  2.438194e+00  3.751555e-05  2.283591e-02  8.567015e-07  1.763923e+05  4.355404e+01
   369  1.482122e+00  1.477518e+00  2.458525e+00  3.522883e-05  2.251307e-02  7.931089e-07  1.891840e+05  4.526649e+01
   370  1.491383e+00  1.486777e+00  2.478883e+00  3.307953e-05  2.219343e-02  7.341483e-07  2.029217e+05  4.704910e+01
   371  1.500646e+00  1.496039e+00  2.499268e+00  3.105950e-05  2.187701e-02  6.794890e-07  2.176765e+05  4.890486e+01
   372  1.509912e+00  1.505304e+00  2.519677e+00  2.916101e-05  2.156386e-02  6.288238e-07  2.335255e+05  5.083687e+01
   373  1.519181e+00  1.514571e+00  2.540110e+00  2.737696e-05  2.125388e-02  5.818667e-07  2.505507e+05  5.284836e+01
   374  1.528453e+00  1.523842e+00  2.560567e+00  2.570059e-05  2.094703e-02  5.383511e-07  2.688411e+05  5.494276e+01
   375  1.537727e+00  1.533115e+00  2.581047e+00  2.412548e-05  2.064334e-02  4.980304e-07  2.884922e+05  5.712357e+01
   376  1.547004e+00  1.542391e+00  2.601548e+00  2.264545e-05  2.034293e-02  4.606748e-07  3.096081e+05  5.939447e+01
   377  1.556284e+00  1.551669e+00  2.622070e+00  2.125454e-05  2.004607e-02  4.260700e-07  3.323025e+05  6.175936e+01
   378  1.565567e+00  1.560951e+00  2.642612e+00  1.994786e-05  1.975236e-02  3.940174e-07  3.566926e+05  6.422226e+01
   379  1.574853e+00  1.570235e+00  2.663173e+00  1.872050e-05  1.946171e-02  3.643330e-07  3.829058e+05  6.678732e+01
   380  1.584141e+00  1.579522e+00  2.683753e+00  1.756779e-05  1.917400e-02  3.368449e-07  4.110800e+05  6.945896e+01
   381  1.593432e+00  1.588811e+00  2.704349e+00  1.648502e-05  1.888948e-02  3.113935e-07  4.413677e+05  7.224179e+01
   382  1.602725e+00  1.598103e+00  2.724962e+00  1.546832e-05  1.860777e-02  2.878309e-07  4.739252e+05  7.514059e+01
   383  1.612021e+00  1.607398e+00  2.745591e+00  1.451359e-05  1.832898e-02  2.660193e-07  5.089276e+05  7.816039e+01
   384  1.621319e+00  1.616695e+00  2.766234e+00  1.361655e-05  1.805386e-02  2.458312e-07  5.465727e+05  8.130640e+01
   385  1.630620e+00  1.625995e+00  2.786890e+00  1.277432e-05  1.778163e-02  2.271482e-07  5.870518e+05  8.458407e+01
   386  1.639924e+00  1.635297e+00  2.807560e+00  1.198354e-05  1.751234e-02  2.098598e-07  6.305838e+05  8.799917e+01
   387  1.649229e+00  1.644601e+00  2.828242e+00  1.124108e-05  1.724603e-02  1.938639e-07  6.774037e+05  9.155768e+01
   388  1.658538e+00  1.653908e+00  2.848934e+00  1.054398e-05  1.698273e-02  1.790656e-07  7.277657e+05  9.526583e+01
   389  1.667848e+00  1.663218e+00  2.869636e+00  9.889935e-06  1.672173e-02  1.653768e-07  7.819266e+05  9.913019e+01
   390  1.677160e+00  1.672529e+00  2.890347e+00  9.275180e-06  1.646501e-02  1.527160e-07  8.402270e+05  1.031576e+02
   391  1.686476e+00  1.681843e+00  2.911066e+00  8.698242e-06  1.621100e-02  1.410072e-07  9.029499e+05  1.073551e+02
   392  1.695793e+00  1.691159e+00  2.931793e+00  8.156758e-06  1.595979e-02  1.301801e-07  9.704404e+05  1.117303e+02
   393  1.705113e+00  1.700478e+00  2.952525e+00  7.649020e-06  1.571046e-02  1.201696e-07  1.043037e+06  1.162909e+02
   394  1.714435e+00  1.709799e+00  2.973262e+00  7.171892e-06  1.546524e-02  1.109150e-07  1.121213e+06  1.210453e+02
   395  1.723759e+00  1.719122e+00  2.994003e+00  6.724157e-06  1.522278e-02  1.023604e-07  1.205356e+06  1.260020e+02
   396  1.733085e+00  1.728447e+00  3.014747e+00  6.304107e-06  1.498289e-02  9.445377e-08  1.295921e+06  1.311697e+02
   397  1.742413e+00  1.737774e+00  3.035493e+00  5.910069e-06  1.474548e-02  8.714684e-08  1.393407e+06  1.365581e+02
   398  1.751744e+00  1.747104e+00  3.056239e+00  5.540126e-06  1.451139e-02  8.039492e-08  1.498394e+06  1.421769e+02
   399  1.761076e+00  1.756435e+00  3.076985e+00  5.193019e-06  1.428006e-02  7.415662e-08  1.611444e+06  1.480363e+02
   400  1.770410e+00  1.765768e+00  3.097730e+00  4.867464e-06  1.405117e-02  6.839355e-08  1.733169e+06  1.541472e+02
   401  1.779746e+00  1.775104e+00  3.118471e+00  4.562029e-06  1.382501e-02  6.307011e-08  1.864272e+06  1.605209e+02
   402  1.789084e+00  1.784440e+00  3.139210e+00  4.275515e-06  1.360149e-02  5.815337e-08  2.005480e+06  1.671690e+02
   403  1.798424e+00  1.793779e+00  3.159943e+00  4.006585e-06  1.338116e-02  5.361274e-08  2.157639e+06  1.741042e+02
   404  1.807765e+00  1.803120e+00  3.180670e+00  3.754591e-06  1.316256e-02  4.942002e-08  2.321492e+06  1.813392e+02
   405  1.817109e+00  1.812462e+00  3.201389e+00  3.517833e-06  1.294802e-02  4.554898e-08  2.498176e+06  1.888878e+02
   406  1.826453e+00  1.821806e+00  3.222100e+00  3.296047e-06  1.273506e-02  4.197535e-08  2.688476e+06  1.967642e+02
   407  1.835800e+00  1.831152e+00  3.242801e+00  3.087963e-06  1.252500e-02  3.867672e-08  2.893604e+06  2.049833e+02
   408  1.845148e+00  1.840499e+00  3.263492e+00  2.892781e-06  1.231765e-02  3.563227e-08  3.114730e+06  2.135608e+02
   409  1.854498e+00  1.849848e+00  3.284169e+00  2.709680e-06  1.211315e-02  3.282276e-08  3.353154e+06  2.225132e+02
   410  1.863850e+00  1.859199e+00  3.304833e+00  2.538123e-06  1.191052e-02  3.023037e-08  3.610123e+06  2.318577e+02
   411  1.873203e+00  1.868552e+00  3.325481e+00  2.377195e-06  1.171073e-02  2.783869e-08  3.887256e+06  2.416122e+02
   412  1.882558e+00  1.877906e+00  3.346113e+00  2.226123e-06  1.151438e-02  2.563242e-08  4.186302e+06  2.517958e+02
   413  1.891914e+00  1.887261e+00  3.366726e+00  2.084831e-06  1.131862e-02  2.359740e-08  4.508505e+06  2.624286e+02
   414  1.901272e+00  1.896618e+00  3.387321e+00  1.952134e-06  1.112661e-02  2.172063e-08  4.856339e+06  2.735313e+02
   415  1.910631e+00  1.905976e+00  3.407894e+00  1.827794e-06  1.093667e-02  1.998999e-08  5.231547e+06  2.851261e+02
   416  1.919991e+00  1.915336e+00  3.428445e+00  1.711297e-06  1.074877e-02  1.839433e-08  5.636316e+06  2.972359e+02
   417  1.929353e+00  1.924697e+00  3.448972e+00  1.601890e-06  1.056459e-02  1.692332e-08  6.073525e+06  3.098850e+02
   418  1.938716e+00  1.934060e+00  3.469473e+00  1.499563e-06  1.038129e-02  1.556740e-08  6.545000e+06  3.230987e+02
   419  1.948081e+00  1.943424e+00  3.489947e+00  1.403508e-06  1.020138e-02  1.431773e-08  7.054325e+06  3.369040e+02
   420  1.957447e+00  1.952789e+00  3.510392e+00  1.313579e-06  1.002311e-02  1.316614e-08  7.604008e+06  3.513290e+02
   421  1.966813e+00  1.962155e+00  3.530806e+00  1.229409e-06  9.846280e-03  1.210511e-08  8.197237e+06  3.664029e+02
   422  1.976182e+00  1.971522e+00  3.551188e+00  1.150216e-06  9.674365e-03  1.112760e-08  8.839130e+06  3.821575e+02
   423  1.985551e+00  1.980892e+00  3.571535e+00  1.076187e-06  9.503195e-03  1.022721e-08  9.531858e+06  3.986251e+02
   424  1.994921e+00  1.990262e+00  3.591847e+00  1.006947e-06  9.333127e-03  9.397964e-09  1.027969e+07  4.158401e+02
   425  2.004293e+00  1.999632e+00  3.612121e+00  9.419190e-07  9.166752e-03  8.634337e-09  1.108865e+07  4.338392e+02
   426  2.013665e+00  2.009004e+00  3.632356e+00  8.811184e-07  9.001337e-03  7.931244e-09  1.196223e+07  4.526605e+02
   427  2.023039e+00  2.018377e+00  3.652549e+00  8.240125e-07  8.839646e-03  7.283979e-09  1.290770e+07  4.723446e+02
   428  2.032413e+00  2.027751e+00  3.672697e+00  7.706227e-07  8.678987e-03  6.688224e-09  1.392912e+07  4.929329e+02
   429  2.041789e+00  2.037127e+00  3.692801e+00  7.205360e-07  8.521369e-03  6.139953e-09  1.503452e+07  5.144708e+02
   430  2.051166e+00  2.046503e+00  3.712856e+00  6.737176e-07  8.364719e-03  5.635459e-09  1.622917e+07  5.370054e+02
   431  2.060543e+00  2.055880e+00  3.732862e+00  6.298061e-07  8.210991e-03  5.171332e-09  1.752247e+07  5.605857e+02
   432  2.069922e+00  2.065258e+00  3.752816e+00  5.886908e-07  8.059238e-03  4.744399e-09  1.892194e+07  5.852651e+02
   433  2.079301e+00  2.074637e+00  3.772715e+00  5.502219e-07  7.909077e-03  4.351747e-09  2.043616e+07  6.110988e+02
   434  2.088682e+00  2.084017e+00  3.792558e+00  5.141916e-07  7.761097e-03  3.990691e-09  2.207565e+07  6.381448e+02
   435  2.098062e+00  2.093397e+00  3.812342e+00  4.804662e-07  7.614994e-03  3.658747e-09  2.385077e+07  6.664646e+02
   436  2.107445e+00  2.102779e+00  3.832064e+00  4.488289e-07  7.471950e-03  3.353627e-09  2.577521e+07  6.961228e+02
   437  2.116827e+00  2.112161e+00  3.851724e+00  4.193509e-07  7.328468e-03  3.073200e-09  2.785581e+07  7.271899e+02
   438  2.126211e+00  2.121544e+00  3.871316e+00  3.916129e-07  7.189547e-03  2.815520e-09  3.011565e+07  7.597382e+02
   439  2.135596e+00  2.130929e+00  3.890841e+00  3.657211e-07  7.051260e-03  2.578795e-09  3.256242e+07  7.938435e+02
   440  2.144981e+00  2.140314e+00  3.910294e+00  3.414968e-07  6.914711e-03  2.361351e-09  3.521489e+07  8.295889e+02
   441  2.154368e+00  2.149700e+00  3.929672e+00  3.187792e-07  6.781090e-03  2.161671e-09  3.809432e+07  8.670587e+02
   442  2.163755e+00  2.159087e+00  3.948974e+00  2.975847e-07  6.647985e-03  1.978338e-09  4.121397e+07  9.063438e+02
   443  2.173142e+00  2.168474e+00  3.968197e+00  2.777274e-07  6.517340e-03  1.810044e-09  4.460115e+07  9.475425e+02
   444  2.182531e+00  2.177862e+00  3.987338e+00  2.591631e-07  6.388205e-03  1.655587e-09  4.827667e+07  9.907571e+02
   445  2.191920e+00  2.187250e+00  4.006394e+00  2.417920e-07  6.260997e-03  1.513859e-09  5.226804e+07  1.036097e+03
   446  2.201309e+00  2.196639e+00  4.025361e+00  2.255493e-07  6.135457e-03  1.383848e-09  5.660243e+07  1.083675e+03
   447  2.210699e+00  2.206029e+00  4.044236e+00  2.103426e-07  6.012157e-03  1.264613e-09  6.131372e+07  1.133612e+03
   448  2.220089e+00  2.215419e+00  4.063018e+00  1.961361e-07  5.890192e-03  1.155280e-09  6.643205e+07  1.186041e+03
   449  2.229480e+00  2.224810e+00  4.081701e+00  1.828571e-07  5.769833e-03  1.055055e-09  7.199568e+07  1.241097e+03
   450  2.238873e+00  2.234202e+00  4.100285e+00  1.704272e-07  5.651674e-03  9.631988e-10  7.804995e+07  1.298929e+03
   451  2.248265e+00  2.243594e+00  4.118764e+00  1.588236e-07  5.534658e-03  8.790343e-10  8.463297e+07  1.359691e+03
   452  2.257658e+00  2.252986e+00  4.137136e+00  1.479749e-07  5.419436e-03  8.019406e-10  9.179834e+07  1.423548e+03
   453  2.267051e+00  2.262379e+00  4.155398e+00  1.378416e-07  5.305649e-03  7.313394e-10  9.959792e+07  1.490678e+03
   454  2.276445e+00  2.271773e+00  4.173546e+00  1.283623e-07  5.193914e-03  6.667029e-10  1.080973e+08  1.561267e+03
   455  2.285839e+00  2.281167e+00  4.191575e+00  1.195080e-07  5.083709e-03  6.075439e-10  1.173580e+08  1.635515e+03
   456  2.295233e+00  2.290562e+00  4.209483e+00  1.112436e-07  4.974813e-03  5.534158e-10  1.274491e+08  1.713632e+03
   457  2.304628e+00  2.299956e+00  4.227266e+00  1.035257e-07  4.867431e-03  5.039042e-10  1.384529e+08  1.795847e+03
   458  2.314024e+00  2.309351e+00  4.244922e+00  9.631454e-08  4.761756e-03  4.586263e-10  1.504612e+08  1.882408e+03
   459  2.323420e+00  2.318747e+00  4.262445e+00  8.957842e-08  4.657759e-03  4.172347e-10  1.635717e+08  1.973572e+03
   460  2.332815e+00  2.328143e+00  4.279832e+00  8.330074e-08  4.554704e-03  3.794102e-10  1.778775e+08  2.069611e+03
   461  2.342211e+00  2.337539e+00  4.297077e+00  7.742477e-08  4.454096e-03  3.448574e-10  1.935264e+08  2.170818e+03
   462  2.351607e+00  2.346935e+00  4.314179e+00  7.196164e-08  4.353746e-03  3.133027e-10  2.106044e+08  2.277515e+03
   463  2.361004e+00  2.356331e+00  4.331132e+00  6.684308e-08  4.256164e-03  2.844951e-10  2.293160e+08  2.390044e+03
   464  2.370401e+00  2.365728e+00  4.347934e+00  6.208178e-08  4.159133e-03  2.582064e-10  2.497666e+08  2.508764e+03
   465  2.379797e+00  2.375124e+00  4.364577e+00  5.763911e-08  4.063669e-03  2.342263e-10  2.721595e+08  2.634059e+03
   466  2.389195e+00  2.384521e+00  4.381063e+00  5.349382e-08  3.969777e-03  2.123585e-10  2.966971e+08  2.766358e+03
   467  2.398592e+00  2.393919e+00  4.397382e+00  4.962684e-08  3.877437e-03  1.924249e-10  3.236019e+08  2.906114e+03
   468  2.407989e+00  2.403316e+00  4.413531e+00  4.602717e-08  3.786121e-03  1.742644e-10  3.530925e+08  3.053788e+03
   469  2.417387e+00  2.412713e+00  4.429508e+00  4.266804e-08  3.696557e-03  1.577248e-10  3.854771e+08  3.209913e+03
   470  2.426785e+00  2.422111e+00  4.445308e+00  3.954182e-08  3.608012e-03  1.426673e-10  4.210265e+08  3.375056e+03
   471  2.436181e+00  2.431508e+00  4.460922e+00  3.662883e-08  3.520924e-03  1.289673e-10  4.600962e+08  3.549796e+03
   472  2.445579e+00  2.440905e+00  4.476353e+00  3.391831e-08  3.434933e-03  1.165071e-10  5.030448e+08  3.734797e+03
   473  2.454976e+00  2.450303e+00  4.491590e+00  3.139006e-08  3.350740e-03  1.051799e-10  5.503482e+08  3.930763e+03
   474  2.464372e+00  2.459700e+00  4.506634e+00  2.904493e-08  3.266940e-03  9.488805e-11  6.023641e+08  4.138448e+03
   475  2.473769e+00  2.469096e+00  4.521475e+00  2.685284e-08  3.185570e-03  8.554161e-11  6.598059e+08  4.358676e+03
   476  2.483165e+00  2.478493e+00  4.536111e+00  2.481921e-08  3.104819e-03  7.705913e-11  7.230928e+08  4.592310e+03
   477  2.492562e+00  2.487889e+00  4.550538e+00  2.292638e-08  3.025530e-03  6.936445e-11  7.929828e+08  4.840328e+03
   478  2.501957e+00  2.497285e+00  4.564753e+00  2.117044e-08  2.946942e-03  6.238807e-11  8.701303e+08  5.103786e+03
   479  2.511352e+00  2.506680e+00  4.578744e+00  1.953244e-08  2.870482e-03  5.606752e-11  9.555778e+08  5.383783e+03
   480  2.520747e+00  2.516074e+00  4.592517e+00  1.801684e-08  2.794291e-03  5.034430e-11  1.049991e+09  5.681567e+03
   481  2.530142e+00  2.525470e+00  4.606062e+00  1.660390e-08  2.720111e-03  4.516446e-11  1.154773e+09  5.998530e+03
   482  2.539534e+00  2.534864e+00  4.619369e+00  1.529466e-08  2.646749e-03  4.048113e-11  1.270878e+09  6.336026e+03
   483  2.548927e+00  2.544256e+00  4.632443e+00  1.408027e-08  2.574461e-03  3.624910e-11  1.399735e+09  6.695679e+03
   484  2.558319e+00  2.553649e+00  4.645273e+00  1.295100e-08  2.503851e-03  3.242736e-11  1.543095e+09  7.079253e+03
   485  2.567710e+00  2.563040e+00  4.657858e+00  1.190743e-08  2.433686e-03  2.897895e-11  1.702353e+09  7.488623e+03
   486  2.577100e+00  2.572430e+00  4.670191e+00  1.093696e-08  2.365341e-03  2.586966e-11  1.879993e+09  7.925888e+03
   487  2.586489e+00  2.581820e+00  4.682273e+00  1.004269e-08  2.297012e-03  2.306818e-11  2.077631e+09  8.393375e+03
   488  2.595877e+00  2.591208e+00  4.694093e+00  9.209019e-09  2.231101e-03  2.054625e-11  2.298936e+09  8.893586e+03
   489  2.605262e+00  2.600595e+00  4.705648e+00  8.440044e-09  2.165694e-03  1.827855e-11  2.545991e+09  9.429147e+03
   490  2.614644e+00  2.609978e+00  4.716936e+00  7.729097e-09  2.101281e-03  1.624101e-11  2.822469e+09  1.000315e+04
   491  2.624027e+00  2.619361e+00  4.727955e+00  7.071567e-09  2.037978e-03  1.441170e-11  3.132453e+09  1.061905e+04
   492  2.633406e+00  2.628742e+00  4.738698e+00  6.464374e-09  1.975598e-03  1.277100e-11  3.480361e+09  1.128056e+04
   493  2.642784e+00  2.638120e+00  4.749160e+00  5.901333e-09  1.915025e-03  1.130120e-11  3.872243e+09  1.199170e+04
   494  2.652157e+00  2.647496e+00  4.759340e+00  5.384458e-09  1.854593e-03  9.985976e-12  4.312546e+09  1.275698e+04
   495  2.661528e+00  2.656868e+00  4.769233e+00  4.906042e-09  1.795819e-03  8.810361e-12  4.809917e+09  1.358146e+04
   496  2.670893e+00  2.666235e+00  4.778833e+00  4.465246e-09  1.738074e-03  7.760930e-12  5.371807e+09  1.447060e+04
   497  2.680258e+00  2.675601e+00  4.788149e+00  4.061470e-09  1.680384e-03  6.824830e-12  6.006375e+09  1.543112e+04
   498  2.689617e+00  2.684963e+00  4.797166e+00  3.687510e-09  1.624655e-03  5.990930e-12  6.728004e+09  1.647010e+04
   499  2.698970e+00  2.694319e+00  4.805881e+00  3.343312e-09  1.570180e-03  5.249603e-12  7.548286e+09  1.759463e+04
