     i         log_r      log_rmid             m           rho            v2             p        trelax            kn
     0  -2.758829e+00  -3.059859e+00  4.936543e-05  2.799187e+04  1.125676e+00  3.150979e+04  3.367141e-05  2.271018e-04
     1  -2.752609e+00  -2.755708e+00  5.153900e-05  2.807318e+04  1.122416e+00  3.150979e+04  3.362261e-05  2.271018e-04
     2  -2.746393e+00  -2.749490e+00  5.380601e-05  2.806511e+04  1.122322e+00  3.149807e+04  3.363370e-05  2.271440e-04
     3  -2.740169e+00  -2.743270e+00  5.617461e-05  2.805680e+04  1.122224e+00  3.148601e+04  3.364512e-05  2.271875e-04
     4  -2.733946e+00  -2.737047e+00  5.864622e-05  2.804825e+04  1.122124e+00  3.147360e+04  3.365688e-05  2.272323e-04
     5  -2.727730e+00  -2.730827e+00  6.122269e-05  2.803946e+04  1.122020e+00  3.146084e+04  3.366899e-05  2.272784e-04
     6  -2.721503e+00  -2.724605e+00  6.391625e-05  2.803041e+04  1.121914e+00  3.144770e+04  3.368146e-05  2.273258e-04
     7  -2.715274e+00  -2.718377e+00  6.672776e-05  2.802109e+04  1.121804e+00  3.143417e+04  3.369431e-05  2.273748e-04
     8  -2.709039e+00  -2.712146e+00  6.966511e-05  2.801149e+04  1.121691e+00  3.142025e+04  3.370754e-05  2.274251e-04
     9  -2.702814e+00  -2.705916e+00  7.272580e-05  2.800162e+04  1.121575e+00  3.140592e+04  3.372117e-05  2.274770e-04
    10  -2.696582e+00  -2.699687e+00  7.592335e-05  2.799147e+04  1.121456e+00  3.139119e+04  3.373520e-05  2.275304e-04
    11  -2.690352e+00  -2.693456e+00  7.925890e-05  2.798102e+04  1.121333e+00  3.137603e+04  3.374965e-05  2.275853e-04
    12  -2.684120e+00  -2.687225e+00  8.274157e-05  2.797027e+04  1.121206e+00  3.136044e+04  3.376452e-05  2.276419e-04
    13  -2.677891e+00  -2.680994e+00  8.637379e-05  2.795921e+04  1.121076e+00  3.134440e+04  3.377984e-05  2.277001e-04
    14  -2.671662e+00  -2.674765e+00  9.016405e-05  2.794783e+04  1.120942e+00  3.132791e+04  3.379561e-05  2.277601e-04
    15  -2.665422e+00  -2.668531e+00  9.412640e-05  2.793612e+04  1.120804e+00  3.131092e+04  3.381185e-05  2.278218e-04
    16  -2.659188e+00  -2.662294e+00  9.825814e-05  2.792407e+04  1.120662e+00  3.129345e+04  3.382859e-05  2.278854e-04
    17  -2.652945e+00  -2.656055e+00  1.025750e-04  2.791167e+04  1.120516e+00  3.127547e+04  3.384583e-05  2.279509e-04
    18  -2.646712e+00  -2.649817e+00  1.070736e-04  2.789891e+04  1.120366e+00  3.125698e+04  3.386358e-05  2.280183e-04
    19  -2.640474e+00  -2.643582e+00  1.117716e-04  2.788580e+04  1.120211e+00  3.123797e+04  3.388185e-05  2.280877e-04
    20  -2.634236e+00  -2.637344e+00  1.166741e-04  2.787230e+04  1.120052e+00  3.121841e+04  3.390066e-05  2.281591e-04
    21  -2.627997e+00  -2.631105e+00  1.217905e-04  2.785841e+04  1.119888e+00  3.119830e+04  3.392004e-05  2.282327e-04
    22  -2.621756e+00  -2.624865e+00  1.271309e-04  2.784413e+04  1.119719e+00  3.117760e+04  3.394000e-05  2.283084e-04
    23  -2.615519e+00  -2.618626e+00  1.327005e-04  2.782944e+04  1.119546e+00  3.115632e+04  3.396055e-05  2.283864e-04
    24  -2.609278e+00  -2.612387e+00  1.385159e-04  2.781432e+04  1.119367e+00  3.113444e+04  3.398171e-05  2.284666e-04
    25  -2.603037e+00  -2.606146e+00  1.445845e-04  2.779877e+04  1.119183e+00  3.111193e+04  3.400351e-05  2.285492e-04
    26  -2.596797e+00  -2.599906e+00  1.509149e-04  2.778279e+04  1.118994e+00  3.108878e+04  3.402595e-05  2.286343e-04
    27  -2.590549e+00  -2.593662e+00  1.575290e-04  2.776633e+04  1.118800e+00  3.106497e+04  3.404907e-05  2.287219e-04
    28  -2.584308e+00  -2.587417e+00  1.644237e-04  2.774941e+04  1.118600e+00  3.104048e+04  3.407289e-05  2.288121e-04
    29  -2.578066e+00  -2.581176e+00  1.716176e-04  2.773201e+04  1.118394e+00  3.101530e+04  3.409740e-05  2.289050e-04
    30  -2.571824e+00  -2.574934e+00  1.791246e-04  2.771412e+04  1.118182e+00  3.098942e+04  3.412265e-05  2.290005e-04
    31  -2.565578e+00  -2.568690e+00  1.869613e-04  2.769571e+04  1.117964e+00  3.096280e+04  3.414866e-05  2.290990e-04
    32  -2.559332e+00  -2.562444e+00  1.951388e-04  2.767677e+04  1.117739e+00  3.093542e+04  3.417545e-05  2.292003e-04
    33  -2.553088e+00  -2.556199e+00  2.036668e-04  2.765731e+04  1.117509e+00  3.090728e+04  3.420304e-05  2.293047e-04
    34  -2.546843e+00  -2.549954e+00  2.125676e-04  2.763729e+04  1.117271e+00  3.087835e+04  3.423145e-05  2.294121e-04
    35  -2.540596e+00  -2.543708e+00  2.218557e-04  2.761670e+04  1.117027e+00  3.084860e+04  3.426072e-05  2.295227e-04
    36  -2.534351e+00  -2.537462e+00  2.315430e-04  2.759553e+04  1.116776e+00  3.081801e+04  3.429086e-05  2.296365e-04
    37  -2.528104e+00  -2.531216e+00  2.416522e-04  2.757376e+04  1.116517e+00  3.078657e+04  3.432190e-05  2.297537e-04
    38  -2.521856e+00  -2.524969e+00  2.522004e-04  2.755137e+04  1.116251e+00  3.075425e+04  3.435388e-05  2.298744e-04
    39  -2.515606e+00  -2.518720e+00  2.632088e-04  2.752835e+04  1.115977e+00  3.072102e+04  3.438683e-05  2.299987e-04
    40  -2.509359e+00  -2.512471e+00  2.746873e-04  2.750468e+04  1.115696e+00  3.068686e+04  3.442076e-05  2.301267e-04
    41  -2.503110e+00  -2.506223e+00  2.866651e-04  2.748035e+04  1.115406e+00  3.065175e+04  3.445571e-05  2.302585e-04
    42  -2.496862e+00  -2.499975e+00  2.991578e-04  2.745533e+04  1.115108e+00  3.061567e+04  3.449171e-05  2.303941e-04
    43  -2.490614e+00  -2.493727e+00  3.121906e-04  2.742962e+04  1.114802e+00  3.057859e+04  3.452880e-05  2.305338e-04
    44  -2.484362e+00  -2.487477e+00  3.257907e-04  2.740317e+04  1.114487e+00  3.054047e+04  3.456700e-05  2.306776e-04
    45  -2.478112e+00  -2.481226e+00  3.399746e-04  2.737599e+04  1.114162e+00  3.050129e+04  3.460636e-05  2.308257e-04
    46  -2.471861e+00  -2.474975e+00  3.547724e-04  2.734804e+04  1.113829e+00  3.046104e+04  3.464691e-05  2.309782e-04
    47  -2.465610e+00  -2.468724e+00  3.702053e-04  2.731932e+04  1.113486e+00  3.041967e+04  3.468869e-05  2.311352e-04
    48  -2.459360e+00  -2.462474e+00  3.863001e-04  2.728979e+04  1.113133e+00  3.037716e+04  3.473172e-05  2.312968e-04
    49  -2.453106e+00  -2.456222e+00  4.030957e-04  2.725944e+04  1.112770e+00  3.033348e+04  3.477606e-05  2.314633e-04
    50  -2.446853e+00  -2.449969e+00  4.206106e-04  2.722824e+04  1.112396e+00  3.028860e+04  3.482175e-05  2.316347e-04
    51  -2.440600e+00  -2.443715e+00  4.388801e-04  2.719618e+04  1.112012e+00  3.024249e+04  3.486882e-05  2.318113e-04
    52  -2.434346e+00  -2.437462e+00  4.579325e-04  2.716323e+04  1.111617e+00  3.019511e+04  3.491733e-05  2.319930e-04
    53  -2.428088e+00  -2.431206e+00  4.778138e-04  2.712935e+04  1.111211e+00  3.014643e+04  3.496732e-05  2.321803e-04
    54  -2.421834e+00  -2.424950e+00  4.985347e-04  2.709454e+04  1.110793e+00  3.009643e+04  3.501883e-05  2.323731e-04
    55  -2.415578e+00  -2.418695e+00  5.201481e-04  2.705878e+04  1.110363e+00  3.004508e+04  3.507190e-05  2.325716e-04
    56  -2.409322e+00  -2.412439e+00  5.426885e-04  2.702203e+04  1.109921e+00  2.999232e+04  3.512659e-05  2.327760e-04
    57  -2.403064e+00  -2.406181e+00  5.661971e-04  2.698426e+04  1.109467e+00  2.993813e+04  3.518296e-05  2.329866e-04
    58  -2.396806e+00  -2.399924e+00  5.907064e-04  2.694545e+04  1.108999e+00  2.988248e+04  3.524106e-05  2.332034e-04
    59  -2.390547e+00  -2.393665e+00  6.162668e-04  2.690558e+04  1.108518e+00  2.982534e+04  3.530093e-05  2.334267e-04
    60  -2.384287e+00  -2.387406e+00  6.429189e-04  2.686462e+04  1.108024e+00  2.976664e+04  3.536264e-05  2.336567e-04
    61  -2.378027e+00  -2.381146e+00  6.707104e-04  2.682253e+04  1.107516e+00  2.970638e+04  3.542626e-05  2.338936e-04
    62  -2.371765e+00  -2.374885e+00  6.996861e-04  2.677930e+04  1.106993e+00  2.964449e+04  3.549183e-05  2.341377e-04
    63  -2.365503e+00  -2.368623e+00  7.298974e-04  2.673489e+04  1.106455e+00  2.958095e+04  3.555943e-05  2.343890e-04
    64  -2.359239e+00  -2.362360e+00  7.613962e-04  2.668926e+04  1.105902e+00  2.951572e+04  3.562911e-05  2.346478e-04
    65  -2.352975e+00  -2.356096e+00  7.942322e-04  2.664240e+04  1.105334e+00  2.944875e+04  3.570096e-05  2.349145e-04
    66  -2.346709e+00  -2.349831e+00  8.284723e-04  2.659427e+04  1.104749e+00  2.938001e+04  3.577503e-05  2.351892e-04
    67  -2.340442e+00  -2.343564e+00  8.641640e-04  2.654483e+04  1.104148e+00  2.930943e+04  3.585141e-05  2.354721e-04
    68  -2.334174e+00  -2.337297e+00  9.013664e-04  2.649407e+04  1.103530e+00  2.923701e+04  3.593017e-05  2.357636e-04
    69  -2.327905e+00  -2.331028e+00  9.401486e-04  2.644193e+04  1.102895e+00  2.916268e+04  3.601137e-05  2.360639e-04
    70  -2.321634e+00  -2.324758e+00  9.805784e-04  2.638840e+04  1.102242e+00  2.908639e+04  3.609513e-05  2.363733e-04
    71  -2.315361e+00  -2.318486e+00  1.022722e-03  2.633342e+04  1.101570e+00  2.900810e+04  3.618151e-05  2.366920e-04
    72  -2.309087e+00  -2.312213e+00  1.066645e-03  2.627697e+04  1.100879e+00  2.892777e+04  3.627061e-05  2.370204e-04
    73  -2.302812e+00  -2.305938e+00  1.112418e-03  2.621902e+04  1.100169e+00  2.884536e+04  3.636250e-05  2.373588e-04
    74  -2.296535e+00  -2.299663e+00  1.160127e-03  2.615952e+04  1.099440e+00  2.876082e+04  3.645730e-05  2.377074e-04
    75  -2.290257e+00  -2.293385e+00  1.209843e-03  2.609845e+04  1.098689e+00  2.867409e+04  3.655509e-05  2.380666e-04
    76  -2.283977e+00  -2.287106e+00  1.261660e-03  2.603576e+04  1.097918e+00  2.858513e+04  3.665598e-05  2.384368e-04
    77  -2.277695e+00  -2.280825e+00  1.315650e-03  2.597141e+04  1.097125e+00  2.849388e+04  3.676008e-05  2.388182e-04
    78  -2.271411e+00  -2.274542e+00  1.371910e-03  2.590537e+04  1.096310e+00  2.840031e+04  3.686749e-05  2.392113e-04
    79  -2.265125e+00  -2.268257e+00  1.430537e-03  2.583759e+04  1.095472e+00  2.830435e+04  3.697834e-05  2.396165e-04
    80  -2.258837e+00  -2.261970e+00  1.491613e-03  2.576803e+04  1.094611e+00  2.820596e+04  3.709274e-05  2.400340e-04
    81  -2.252547e+00  -2.255681e+00  1.555254e-03  2.569666e+04  1.093725e+00  2.810509e+04  3.721081e-05  2.404644e-04
    82  -2.246254e+00  -2.249389e+00  1.621555e-03  2.562342e+04  1.092815e+00  2.800168e+04  3.733270e-05  2.409080e-04
    83  -2.239960e+00  -2.243095e+00  1.690622e-03  2.554829e+04  1.091880e+00  2.789567e+04  3.745852e-05  2.413653e-04
    84  -2.233662e+00  -2.236799e+00  1.762572e-03  2.547121e+04  1.090919e+00  2.778703e+04  3.758842e-05  2.418367e-04
    85  -2.227362e+00  -2.230501e+00  1.837521e-03  2.539215e+04  1.089931e+00  2.767569e+04  3.772255e-05  2.423227e-04
    86  -2.221059e+00  -2.224199e+00  1.915590e-03  2.531105e+04  1.088916e+00  2.756160e+04  3.786106e-05  2.428237e-04
    87  -2.214753e+00  -2.217895e+00  1.996900e-03  2.522787e+04  1.087872e+00  2.744470e+04  3.800411e-05  2.433403e-04
    88  -2.208444e+00  -2.211587e+00  2.081586e-03  2.514256e+04  1.086800e+00  2.732494e+04  3.815185e-05  2.438730e-04
    89  -2.202132e+00  -2.205277e+00  2.169788e-03  2.505509e+04  1.085698e+00  2.720226e+04  3.830448e-05  2.444223e-04
    90  -2.195816e+00  -2.198963e+00  2.261641e-03  2.496539e+04  1.084565e+00  2.707660e+04  3.846217e-05  2.449888e-04
    91  -2.189497e+00  -2.192645e+00  2.357288e-03  2.487342e+04  1.083402e+00  2.694791e+04  3.862510e-05  2.455731e-04
    92  -2.183175e+00  -2.186324e+00  2.456877e-03  2.477915e+04  1.082206e+00  2.681614e+04  3.879347e-05  2.461757e-04
    93  -2.176847e+00  -2.180000e+00  2.560586e-03  2.468251e+04  1.080977e+00  2.668123e+04  3.896749e-05  2.467973e-04
    94  -2.170517e+00  -2.173671e+00  2.668544e-03  2.458346e+04  1.079715e+00  2.654312e+04  3.914737e-05  2.474385e-04
    95  -2.164183e+00  -2.167338e+00  2.780947e-03  2.448195e+04  1.078417e+00  2.640176e+04  3.933332e-05  2.481000e-04
    96  -2.157844e+00  -2.161002e+00  2.897949e-03  2.437793e+04  1.077085e+00  2.625709e+04  3.952558e-05  2.487826e-04
    97  -2.151501e+00  -2.154661e+00  3.019750e-03  2.427135e+04  1.075715e+00  2.610906e+04  3.972441e-05  2.494868e-04
    98  -2.145153e+00  -2.148315e+00  3.146529e-03  2.416215e+04  1.074309e+00  2.595761e+04  3.993005e-05  2.502136e-04
    99  -2.138800e+00  -2.141965e+00  3.278481e-03  2.405029e+04  1.072863e+00  2.580268e+04  4.014278e-05  2.509637e-04
   100  -2.132442e+00  -2.135609e+00  3.415810e-03  2.393571e+04  1.071379e+00  2.564422e+04  4.036288e-05  2.517379e-04
   101  -2.126078e+00  -2.129248e+00  3.558731e-03  2.381837e+04  1.069854e+00  2.548217e+04  4.059063e-05  2.525370e-04
   102  -2.119709e+00  -2.122882e+00  3.707443e-03  2.369820e+04  1.068287e+00  2.531648e+04  4.082636e-05  2.533621e-04
   103  -2.113334e+00  -2.116510e+00  3.862193e-03  2.357516e+04  1.066678e+00  2.514710e+04  4.107038e-05  2.542139e-04
   104  -2.106953e+00  -2.110132e+00  4.023197e-03  2.344920e+04  1.065025e+00  2.497397e+04  4.132303e-05  2.550935e-04
   105  -2.100566e+00  -2.103748e+00  4.190697e-03  2.332026e+04  1.063327e+00  2.479706e+04  4.158467e-05  2.560019e-04
   106  -2.094172e+00  -2.097357e+00  4.364955e-03  2.318829e+04  1.061583e+00  2.461629e+04  4.185567e-05  2.569401e-04
   107  -2.087771e+00  -2.090959e+00  4.546218e-03  2.305323e+04  1.059792e+00  2.443163e+04  4.213644e-05  2.579093e-04
   108  -2.081363e+00  -2.084555e+00  4.734748e-03  2.291505e+04  1.057952e+00  2.424303e+04  4.242737e-05  2.589106e-04
   109  -2.074947e+00  -2.078143e+00  4.930837e-03  2.277368e+04  1.056063e+00  2.405045e+04  4.272891e-05  2.599451e-04
   110  -2.068524e+00  -2.071724e+00  5.134764e-03  2.262906e+04  1.054123e+00  2.385382e+04  4.304153e-05  2.610143e-04
   111  -2.062092e+00  -2.065296e+00  5.346829e-03  2.248115e+04  1.052131e+00  2.365312e+04  4.336571e-05  2.621193e-04
   112  -2.055652e+00  -2.058860e+00  5.567324e-03  2.232990e+04  1.050086e+00  2.344831e+04  4.370195e-05  2.632616e-04
   113  -2.049204e+00  -2.052416e+00  5.796581e-03  2.217526e+04  1.047985e+00  2.323935e+04  4.405078e-05  2.644425e-04
   114  -2.042746e+00  -2.045963e+00  6.034915e-03  2.201718e+04  1.045828e+00  2.302619e+04  4.441279e-05  2.656637e-04
   115  -2.036278e+00  -2.039500e+00  6.282676e-03  2.185561e+04  1.043614e+00  2.280881e+04  4.478858e-05  2.669267e-04
   116  -2.029800e+00  -2.033027e+00  6.540210e-03  2.169049e+04  1.041340e+00  2.258717e+04  4.517877e-05  2.682331e-04
   117  -2.023312e+00  -2.026544e+00  6.807874e-03  2.152178e+04  1.039006e+00  2.236125e+04  4.558405e-05  2.695847e-04
   118  -2.016813e+00  -2.020050e+00  7.086044e-03  2.134944e+04  1.036609e+00  2.213102e+04  4.600511e-05  2.709833e-04
   119  -2.010302e+00  -2.013545e+00  7.375103e-03  2.117342e+04  1.034149e+00  2.189646e+04  4.644272e-05  2.724309e-04
   120  -2.003780e+00  -2.007029e+00  7.675455e-03  2.099367e+04  1.031623e+00  2.165754e+04  4.689767e-05  2.739294e-04
   121  -1.997245e+00  -2.000500e+00  7.987504e-03  2.081015e+04  1.029030e+00  2.141427e+04  4.737081e-05  2.754810e-04
   122  -1.990697e+00  -1.993959e+00  8.311671e-03  2.062282e+04  1.026369e+00  2.116662e+04  4.786304e-05  2.770879e-04
   123  -1.984136e+00  -1.987404e+00  8.648426e-03  2.043164e+04  1.023637e+00  2.091457e+04  4.837532e-05  2.787525e-04
   124  -1.977561e+00  -1.980836e+00  8.998165e-03  2.023657e+04  1.020833e+00  2.065815e+04  4.890867e-05  2.804772e-04
   125  -1.970971e+00  -1.974253e+00  9.361386e-03  2.003758e+04  1.017955e+00  2.039735e+04  4.946414e-05  2.822646e-04
   126  -1.964366e+00  -1.967656e+00  9.738557e-03  1.983464e+04  1.015001e+00  2.013218e+04  5.004290e-05  2.841174e-04
   127  -1.957745e+00  -1.961043e+00  1.013019e-02  1.962771e+04  1.011969e+00  1.986264e+04  5.064617e-05  2.860387e-04
   128  -1.951107e+00  -1.954414e+00  1.053678e-02  1.941676e+04  1.008858e+00  1.958876e+04  5.127529e-05  2.880314e-04
   129  -1.944453e+00  -1.947767e+00  1.095886e-02  1.920177e+04  1.005665e+00  1.931056e+04  5.193163e-05  2.900988e-04
   130  -1.937780e+00  -1.941103e+00  1.139696e-02  1.898272e+04  1.002389e+00  1.902806e+04  5.261669e-05  2.922442e-04
   131  -1.931088e+00  -1.934421e+00  1.185164e-02  1.875958e+04  9.990267e-01  1.874132e+04  5.333207e-05  2.944715e-04
   132  -1.924377e+00  -1.927720e+00  1.232348e-02  1.853233e+04  9.955768e-01  1.845036e+04  5.407948e-05  2.967842e-04
   133  -1.917645e+00  -1.920998e+00  1.281308e-02  1.830097e+04  9.920367e-01  1.815524e+04  5.486078e-05  2.991867e-04
   134  -1.910892e+00  -1.914255e+00  1.332102e-02  1.806549e+04  9.884045e-01  1.785601e+04  5.567792e-05  3.016832e-04
   135  -1.904116e+00  -1.907490e+00  1.384795e-02  1.782587e+04  9.846777e-01  1.755274e+04  5.653302e-05  3.042782e-04
   136  -1.897317e+00  -1.900703e+00  1.439450e-02  1.758212e+04  9.808539e-01  1.724550e+04  5.742837e-05  3.069767e-04
   137  -1.890493e+00  -1.893892e+00  1.496132e-02  1.733425e+04  9.769309e-01  1.693436e+04  5.836642e-05  3.097839e-04
   138  -1.883644e+00  -1.887055e+00  1.554911e-02  1.708225e+04  9.729062e-01  1.661943e+04  5.934981e-05  3.127053e-04
   139  -1.876769e+00  -1.880193e+00  1.615855e-02  1.682615e+04  9.687771e-01  1.630079e+04  6.038141e-05  3.157468e-04
   140  -1.869865e+00  -1.873303e+00  1.679038e-02  1.656596e+04  9.645411e-01  1.597855e+04  6.146430e-05  3.189147e-04
   141  -1.862933e+00  -1.866385e+00  1.744530e-02  1.630171e+04  9.601956e-01  1.565283e+04  6.260183e-05  3.222158e-04
   142  -1.855969e+00  -1.859437e+00  1.812408e-02  1.603342e+04  9.557379e-01  1.532375e+04  6.379762e-05  3.256573e-04
   143  -1.848974e+00  -1.852458e+00  1.882751e-02  1.576113e+04  9.511650e-01  1.499144e+04  6.505560e-05  3.292469e-04
   144  -1.841946e+00  -1.845446e+00  1.955637e-02  1.548489e+04  9.464741e-01  1.465604e+04  6.638006e-05  3.329928e-04
   145  -1.834883e+00  -1.838400e+00  2.031146e-02  1.520474e+04  9.416622e-01  1.431773e+04  6.777563e-05  3.369041e-04
   146  -1.827783e+00  -1.831318e+00  2.109364e-02  1.492074e+04  9.367264e-01  1.397665e+04  6.924739e-05  3.409901e-04
   147  -1.820645e+00  -1.824199e+00  2.190376e-02  1.463295e+04  9.316634e-01  1.363298e+04  7.080089e-05  3.452613e-04
   148  -1.813466e+00  -1.817040e+00  2.274267e-02  1.434145e+04  9.264700e-01  1.328692e+04  7.244216e-05  3.497286e-04
   149  -1.806245e+00  -1.809841e+00  2.361129e-02  1.404631e+04  9.211429e-01  1.293866e+04  7.417785e-05  3.544040e-04
   150  -1.798981e+00  -1.802598e+00  2.451054e-02  1.374763e+04  9.156786e-01  1.258841e+04  7.601524e-05  3.593005e-04
   151  -1.791669e+00  -1.795309e+00  2.544136e-02  1.344549e+04  9.100736e-01  1.223639e+04  7.796236e-05  3.644321e-04
   152  -1.784309e+00  -1.787974e+00  2.640469e-02  1.314002e+04  9.043242e-01  1.188284e+04  8.002799e-05  3.698138e-04
   153  -1.776898e+00  -1.780588e+00  2.740152e-02  1.283132e+04  8.984266e-01  1.152800e+04  8.222188e-05  3.754623e-04
   154  -1.769432e+00  -1.773149e+00  2.843287e-02  1.251952e+04  8.923770e-01  1.117213e+04  8.455480e-05  3.813953e-04
   155  -1.761910e+00  -1.765655e+00  2.949974e-02  1.220475e+04  8.861712e-01  1.081550e+04  8.703866e-05  3.876323e-04
   156  -1.754329e+00  -1.758103e+00  3.060319e-02  1.188717e+04  8.798051e-01  1.045839e+04  8.968675e-05  3.941947e-04
   157  -1.746684e+00  -1.750490e+00  3.174428e-02  1.156693e+04  8.732743e-01  1.010110e+04  9.251381e-05  4.011057e-04
   158  -1.738973e+00  -1.742811e+00  3.292412e-02  1.124420e+04  8.665742e-01  9.743935e+03  9.553632e-05  4.083909e-04
   159  -1.731192e+00  -1.735065e+00  3.414379e-02  1.091917e+04  8.597001e-01  9.387209e+03  9.877272e-05  4.160783e-04
   160  -1.723337e+00  -1.727247e+00  3.540444e-02  1.059202e+04  8.526472e-01  9.031257e+03  1.022437e-04  4.241985e-04
   161  -1.715404e+00  -1.719353e+00  3.670722e-02  1.026297e+04  8.454103e-01  8.676419e+03  1.059725e-04  4.327858e-04
   162  -1.707388e+00  -1.711378e+00  3.805332e-02  9.932232e+03  8.379840e-01  8.323052e+03  1.099855e-04  4.418776e-04
   163  -1.699285e+00  -1.703318e+00  3.944390e-02  9.600048e+03  8.303628e-01  7.971522e+03  1.143122e-04  4.515155e-04
   164  -1.691089e+00  -1.695168e+00  4.088021e-02  9.266662e+03  8.225407e-01  7.622207e+03  1.189866e-04  4.617457e-04
   165  -1.682794e+00  -1.686922e+00  4.236348e-02  8.932337e+03  8.145116e-01  7.275492e+03  1.240470e-04  4.726200e-04
   166  -1.674395e+00  -1.678574e+00  4.389496e-02  8.597352e+03  8.062690e-01  6.931778e+03  1.295374e-04  4.841957e-04
   167  -1.665884e+00  -1.670118e+00  4.547592e-02  8.262001e+03  7.978060e-01  6.591474e+03  1.355084e-04  4.965374e-04
   168  -1.657254e+00  -1.661547e+00  4.710768e-02  7.926592e+03  7.891154e-01  6.254996e+03  1.420179e-04  5.097177e-04
   169  -1.648497e+00  -1.652854e+00  4.879156e-02  7.591448e+03  7.801894e-01  5.922767e+03  1.491336e-04  5.238186e-04
   170  -1.639606e+00  -1.644029e+00  5.052886e-02  7.256915e+03  7.710200e-01  5.595227e+03  1.569333e-04  5.389326e-04
   171  -1.630569e+00  -1.635064e+00  5.232095e-02  6.923355e+03  7.615986e-01  5.272817e+03  1.655085e-04  5.551648e-04
   172  -1.621376e+00  -1.625948e+00  5.416922e-02  6.591141e+03  7.519156e-01  4.955982e+03  1.749665e-04  5.726357e-04
   173  -1.612017e+00  -1.616671e+00  5.607503e-02  6.260671e+03  7.419614e-01  4.645176e+03  1.854336e-04  5.914829e-04
   174  -1.602477e+00  -1.607221e+00  5.803982e-02  5.932358e+03  7.317250e-01  4.340855e+03  1.970601e-04  6.118650e-04
   175  -1.592743e+00  -1.597583e+00  6.006498e-02  5.606635e+03  7.211949e-01  4.043477e+03  2.100252e-04  6.339657e-04
   176  -1.582799e+00  -1.587742e+00  6.215198e-02  5.283955e+03  7.103587e-01  3.753504e+03  2.245443e-04  6.579984e-04
   177  -1.572626e+00  -1.577683e+00  6.430225e-02  4.964790e+03  6.992028e-01  3.471395e+03  2.408782e-04  6.842129e-04
   178  -1.562206e+00  -1.567385e+00  6.651726e-02  4.649636e+03  6.877122e-01  3.197611e+03  2.593449e-04  7.129030e-04
   179  -1.551514e+00  -1.556827e+00  6.879851e-02  4.339003e+03  6.758706e-01  2.932605e+03  2.803356e-04  7.444174e-04
   180  -1.540525e+00  -1.545985e+00  7.114747e-02  4.033430e+03  6.636600e-01  2.676826e+03  3.043355e-04  7.791717e-04
   181  -1.529210e+00  -1.534831e+00  7.356565e-02  3.733475e+03  6.510607e-01  2.430719e+03  3.319525e-04  8.176659e-04
   182  -1.517535e+00  -1.523333e+00  7.605458e-02  3.439719e+03  6.380501e-01  2.194713e+03  3.639567e-04  8.605070e-04
   183  -1.505459e+00  -1.511455e+00  7.861579e-02  3.152763e+03  6.246035e-01  1.969227e+03  4.013345e-04  9.084383e-04
   184  -1.492938e+00  -1.499154e+00  8.125079e-02  2.873237e+03  6.106925e-01  1.754664e+03  4.453662e-04  9.623792e-04
   185  -1.479916e+00  -1.486378e+00  8.396115e-02  2.601795e+03  5.962852e-01  1.551412e+03  4.977371e-04  1.023481e-03
   186  -1.466329e+00  -1.473070e+00  8.674840e-02  2.339113e+03  5.813446e-01  1.359831e+03  5.607019e-04  1.093203e-03
   187  -1.452100e+00  -1.459156e+00  8.961413e-02  2.085897e+03  5.658280e-01  1.180259e+03  6.373310e-04  1.173423e-03
   188  -1.437133e+00  -1.444552e+00  9.255987e-02  1.842878e+03  5.496854e-01  1.013003e+03  7.318908e-04  1.266595e-03
   189  -1.421311e+00  -1.429150e+00  9.558720e-02  1.610820e+03  5.328578e-01  8.583380e+02  8.504471e-04  1.375986e-03
   190  -1.404489e+00  -1.412818e+00  9.869768e-02  1.390514e+03  5.152742e-01  7.164959e+02  1.001856e-03  1.506040e-03
   191  -1.386477e+00  -1.395390e+00  1.018929e-01  1.182784e+03  4.968479e-01  5.876637e+02  1.199452e-03  1.662949e-03
   192  -1.367032e+00  -1.376646e+00  1.051744e-01  9.884882e+02  4.774719e-01  4.719753e+02  1.464046e-03  1.855597e-03
   193  -1.345822e+00  -1.356297e+00  1.085438e-01  8.085239e+02  4.570101e-01  3.695036e+02  1.829550e-03  2.097171e-03
   194  -1.322391e+00  -1.333949e+00  1.120026e-01  6.438281e+02  4.352861e-01  2.802494e+02  2.354196e-03  2.408080e-03
   195  -1.296079e+00  -1.309036e+00  1.155524e-01  4.953848e+02  4.120631e-01  2.041298e+02  3.144673e-03  2.821565e-03
   196  -1.265883e+00  -1.280719e+00  1.191948e-01  3.642295e+02  3.870104e-01  1.409606e+02  4.413301e-03  3.395427e-03
   197  -1.230175e+00  -1.247662e+00  1.229312e-01  2.514565e+02  3.596409e-01  9.043407e+01  6.631358e-03  4.239135e-03
   198  -1.186057e+00  -1.207556e+00  1.267634e-01  1.582251e+02  3.291802e-01  5.208456e+01  1.101559e-02  5.585844e-03
   199  -1.127652e+00  -1.155873e+00  1.306927e-01  8.575916e+01  2.942497e-01  2.523461e+01  2.149619e-02  8.024999e-03
   200  -1.040437e+00  -1.081859e+00  1.347208e-01  3.530768e+01  2.519000e-01  8.894006e+00  5.643087e-02  1.351744e-02
   201  -8.771500e-01  -9.511640e-01  1.388490e-01  7.837886e+00  1.938957e-01  1.519732e+00  2.897457e-01  3.270090e-02
   202  -5.108362e-01  -6.564646e-01  1.430790e-01  4.699028e-01  1.109966e-01  5.215760e-02  6.387592e+00  1.765162e-01
   203  5.210402e-02  -1.439050e-01  1.474123e-01  9.259922e-03  6.196991e-02  5.738365e-04  4.338127e+02  1.682865e+00
   204  3.597126e-01  2.325921e-01  1.518502e-01  1.260114e-03  5.292786e-02  6.669513e-05  3.449435e+03  4.936239e+00
   205  4.953287e-01  4.327929e-01  1.563943e-01  7.321382e-04  4.668732e-02  3.418157e-05  6.321316e+03  6.895206e+00
   206  5.768625e-01  5.380062e-01  1.610460e-01  6.026215e-04  4.296875e-02  2.589389e-05  8.005326e+03  7.922178e+00
   207  6.346157e-01  6.066984e-01  1.658067e-01  5.417321e-04  4.058787e-02  2.198775e-05  9.162570e+03  8.597117e+00
   208  6.792780e-01  6.575207e-01  1.706778e-01  5.045560e-04  3.888187e-02  1.961808e-05  1.005118e+04  9.101543e+00
   209  7.157117e-01  6.978768e-01  1.756607e-01  4.787746e-04  3.755307e-02  1.797946e-05  1.077820e+04  9.507251e+00
   210  7.465139e-01  7.313858e-01  1.807567e-01  4.594881e-04  3.645884e-02  1.675240e-05  1.139789e+04  9.849285e+00
   211  7.732293e-01  7.600770e-01  1.859671e-01  4.442909e-04  3.552419e-02  1.578308e-05  1.194182e+04  1.014723e+01
   212  7.968491e-01  7.851997e-01  1.912933e-01  4.318430e-04  3.470579e-02  1.498745e-05  1.243006e+04  1.041308e+01
   213  8.180465e-01  8.075771e-01  1.967366e-01  4.213346e-04  3.397628e-02  1.431538e-05  1.287612e+04  1.065471e+01
   214  8.372987e-01  8.277792e-01  2.022981e-01  4.122467e-04  3.331717e-02  1.373489e-05  1.328950e+04  1.087754e+01
   215  8.549560e-01  8.462171e-01  2.079790e-01  4.042314e-04  3.271525e-02  1.322453e-05  1.367713e+04  1.108545e+01
   216  8.712829e-01  8.631962e-01  2.137806e-01  3.970460e-04  3.216074e-02  1.276929e-05  1.404417e+04  1.128132e+01
   217  8.864838e-01  8.789499e-01  2.197041e-01  3.905163e-04  3.164618e-02  1.235835e-05  1.439462e+04  1.146735e+01
   218  9.007198e-01  8.936601e-01  2.257504e-01  3.845132e-04  3.116577e-02  1.198365e-05  1.473160e+04  1.164525e+01
   219  9.141199e-01  9.074715e-01  2.319208e-01  3.789389e-04  3.071489e-02  1.163907e-05  1.505762e+04  1.181637e+01
   220  9.267895e-01  9.205009e-01  2.382162e-01  3.737178e-04  3.028984e-02  1.131985e-05  1.537474e+04  1.198182e+01
   221  9.388151e-01  9.328439e-01  2.446377e-01  3.687906e-04  2.988758e-02  1.102226e-05  1.568465e+04  1.214250e+01
   222  9.502690e-01  9.445798e-01  2.511862e-01  3.641096e-04  2.950562e-02  1.074328e-05  1.598879e+04  1.229914e+01
   223  9.612122e-01  9.557751e-01  2.578626e-01  3.596364e-04  2.914185e-02  1.048047e-05  1.628837e+04  1.245239e+01
   224  9.716964e-01  9.664859e-01  2.646680e-01  3.553397e-04  2.879451e-02  1.023183e-05  1.658447e+04  1.260279e+01
   225  9.817659e-01  9.767603e-01  2.716031e-01  3.511933e-04  2.846209e-02  9.995695e-06  1.687798e+04  1.275078e+01
   226  9.914590e-01  9.866395e-01  2.786687e-01  3.471756e-04  2.814330e-02  9.770667e-06  1.716972e+04  1.289678e+01
   227  1.000809e+00  9.961593e-01  2.858656e-01  3.432684e-04  2.783701e-02  9.555568e-06  1.746042e+04  1.304112e+01
   228  1.009846e+00  1.005351e+00  2.931946e-01  3.394564e-04  2.754225e-02  9.349393e-06  1.775073e+04  1.318413e+01
   229  1.018594e+00  1.014242e+00  3.006563e-01  3.357265e-04  2.725815e-02  9.151282e-06  1.804123e+04  1.332608e+01
   230  1.027076e+00  1.022856e+00  3.082514e-01  3.320674e-04  2.698395e-02  8.960490e-06  1.833247e+04  1.346720e+01
   231  1.035313e+00  1.031214e+00  3.159805e-01  3.284696e-04  2.671898e-02  8.776373e-06  1.862494e+04  1.360773e+01
   232  1.043323e+00  1.039337e+00  3.238442e-01  3.249249e-04  2.646263e-02  8.598368e-06  1.891910e+04  1.374786e+01
   233  1.051121e+00  1.047240e+00  3.318430e-01  3.214260e-04  2.621437e-02  8.425981e-06  1.921539e+04  1.388779e+01
   234  1.058723e+00  1.054939e+00  3.399773e-01  3.179668e-04  2.597371e-02  8.258779e-06  1.951422e+04  1.402766e+01
   235  1.066141e+00  1.062448e+00  3.482476e-01  3.145420e-04  2.574021e-02  8.096376e-06  1.981597e+04  1.416765e+01
   236  1.073387e+00  1.069779e+00  3.566544e-01  3.111468e-04  2.551346e-02  7.938432e-06  2.012102e+04  1.430790e+01
   237  1.080472e+00  1.076944e+00  3.651978e-01  3.077772e-04  2.529311e-02  7.784643e-06  2.042972e+04  1.444854e+01
   238  1.087406e+00  1.083953e+00  3.738783e-01  3.044297e-04  2.507882e-02  7.634738e-06  2.074242e+04  1.458969e+01
   239  1.094198e+00  1.090815e+00  3.826961e-01  3.011012e-04  2.487028e-02  7.488473e-06  2.105945e+04  1.473149e+01
   240  1.100856e+00  1.097540e+00  3.916514e-01  2.977892e-04  2.466722e-02  7.345630e-06  2.138115e+04  1.487403e+01
   241  1.107388e+00  1.104134e+00  4.007443e-01  2.944913e-04  2.446936e-02  7.206013e-06  2.170782e+04  1.501743e+01
   242  1.113800e+00  1.110605e+00  4.099751e-01  2.912055e-04  2.427648e-02  7.069444e-06  2.203980e+04  1.516180e+01
   243  1.120099e+00  1.116961e+00  4.193438e-01  2.879302e-04  2.408834e-02  6.935760e-06  2.237738e+04  1.530722e+01
   244  1.126291e+00  1.123206e+00  4.288503e-01  2.846641e-04  2.390473e-02  6.804818e-06  2.272089e+04  1.545379e+01
   245  1.132382e+00  1.129348e+00  4.384948e-01  2.814058e-04  2.372546e-02  6.676483e-06  2.307064e+04  1.560161e+01
   246  1.138377e+00  1.135390e+00  4.482772e-01  2.781545e-04  2.355035e-02  6.550635e-06  2.342692e+04  1.575076e+01
   247  1.144280e+00  1.141339e+00  4.581974e-01  2.749093e-04  2.337922e-02  6.427164e-06  2.379006e+04  1.590133e+01
   248  1.150097e+00  1.147198e+00  4.682552e-01  2.716696e-04  2.321191e-02  6.305969e-06  2.416037e+04  1.605341e+01
   249  1.155830e+00  1.152973e+00  4.784506e-01  2.684349e-04  2.304826e-02  6.186958e-06  2.453816e+04  1.620708e+01
   250  1.161485e+00  1.158667e+00  4.887832e-01  2.652049e-04  2.288814e-02  6.070046e-06  2.492374e+04  1.636241e+01
   251  1.167065e+00  1.164284e+00  4.992529e-01  2.619794e-04  2.273139e-02  5.955156e-06  2.531745e+04  1.651949e+01
   252  1.172573e+00  1.169827e+00  5.098594e-01  2.587582e-04  2.257790e-02  5.842217e-06  2.571960e+04  1.667840e+01
   253  1.178012e+00  1.175301e+00  5.206023e-01  2.555413e-04  2.242754e-02  5.731162e-06  2.613052e+04  1.683922e+01
   254  1.183386e+00  1.180707e+00  5.314812e-01  2.523288e-04  2.228018e-02  5.621933e-06  2.655056e+04  1.700202e+01
   255  1.188697e+00  1.186049e+00  5.424959e-01  2.491210e-04  2.213572e-02  5.514473e-06  2.698006e+04  1.716688e+01
   256  1.193948e+00  1.191331e+00  5.536457e-01  2.459179e-04  2.199404e-02  5.408729e-06  2.741936e+04  1.733387e+01
   257  1.199142e+00  1.196553e+00  5.649304e-01  2.427200e-04  2.185504e-02  5.304656e-06  2.786882e+04  1.750309e+01
   258  1.204282e+00  1.201720e+00  5.763493e-01  2.395275e-04  2.171862e-02  5.202208e-06  2.832881e+04  1.767459e+01
   259  1.209368e+00  1.206832e+00  5.879020e-01  2.363410e-04  2.158469e-02  5.101345e-06  2.879971e+04  1.784847e+01
   260  1.214404e+00  1.211894e+00  5.995879e-01  2.331607e-04  2.145314e-02  5.002029e-06  2.928190e+04  1.802479e+01
   261  1.219392e+00  1.216906e+00  6.114063e-01  2.299874e-04  2.132388e-02  4.904224e-06  2.977576e+04  1.820363e+01
   262  1.224334e+00  1.221870e+00  6.233566e-01  2.268214e-04  2.119685e-02  4.807898e-06  3.028171e+04  1.838508e+01
   263  1.229231e+00  1.226790e+00  6.354383e-01  2.236634e-04  2.107193e-02  4.713020e-06  3.080016e+04  1.856922e+01
   264  1.234086e+00  1.231665e+00  6.476505e-01  2.205139e-04  2.094907e-02  4.619560e-06  3.133153e+04  1.875612e+01
   265  1.238899e+00  1.236499e+00  6.599927e-01  2.173736e-04  2.082816e-02  4.527494e-06  3.187628e+04  1.894586e+01
   266  1.243674e+00  1.241293e+00  6.724639e-01  2.142432e-04  2.070915e-02  4.436795e-06  3.243484e+04  1.913853e+01
   267  1.248410e+00  1.246048e+00  6.850636e-01  2.111232e-04  2.059196e-02  4.347441e-06  3.300769e+04  1.933421e+01
   268  1.253111e+00  1.250767e+00  6.977908e-01  2.080144e-04  2.047650e-02  4.259408e-06  3.359531e+04  1.953299e+01
   269  1.257776e+00  1.255449e+00  7.106448e-01  2.049175e-04  2.036272e-02  4.172677e-06  3.419819e+04  1.973494e+01
   270  1.262408e+00  1.260098e+00  7.236247e-01  2.018330e-04  2.025054e-02  4.087227e-06  3.481685e+04  1.994017e+01
   271  1.267008e+00  1.264714e+00  7.367296e-01  1.987618e-04  2.013989e-02  4.003041e-06  3.545182e+04  2.014876e+01
   272  1.271577e+00  1.269298e+00  7.499587e-01  1.957045e-04  2.003071e-02  3.920101e-06  3.610364e+04  2.036079e+01
   273  1.276116e+00  1.273852e+00  7.633112e-01  1.926618e-04  1.992295e-02  3.838390e-06  3.677288e+04  2.057637e+01
   274  1.280627e+00  1.278377e+00  7.767859e-01  1.896343e-04  1.981652e-02  3.757893e-06  3.746014e+04  2.079558e+01
   275  1.285110e+00  1.282874e+00  7.903821e-01  1.866228e-04  1.971138e-02  3.678594e-06  3.816600e+04  2.101853e+01
   276  1.289568e+00  1.287345e+00  8.040988e-01  1.836280e-04  1.960747e-02  3.600480e-06  3.889111e+04  2.124531e+01
   277  1.294000e+00  1.291789e+00  8.179349e-01  1.806504e-04  1.950472e-02  3.523537e-06  3.963612e+04  2.147602e+01
   278  1.298407e+00  1.296209e+00  8.318895e-01  1.776908e-04  1.940309e-02  3.447751e-06  4.040169e+04  2.171077e+01
   279  1.302792e+00  1.300605e+00  8.459616e-01  1.747498e-04  1.930251e-02  3.373110e-06  4.118854e+04  2.194967e+01
   280  1.307154e+00  1.304978e+00  8.601502e-01  1.718280e-04  1.920294e-02  3.299602e-06  4.199738e+04  2.219282e+01
   281  1.311494e+00  1.309329e+00  8.744542e-01  1.689260e-04  1.910432e-02  3.227216e-06  4.282898e+04  2.244033e+01
   282  1.315815e+00  1.313660e+00  8.888727e-01  1.660444e-04  1.900660e-02  3.155940e-06  4.368411e+04  2.269232e+01
   283  1.320115e+00  1.317970e+00  9.034045e-01  1.631838e-04  1.890973e-02  3.085762e-06  4.456360e+04  2.294891e+01
   284  1.324397e+00  1.322261e+00  9.180486e-01  1.603447e-04  1.881367e-02  3.016673e-06  4.546828e+04  2.321021e+01
   285  1.328660e+00  1.326534e+00  9.328039e-01  1.575277e-04  1.871836e-02  2.948661e-06  4.639904e+04  2.347636e+01
   286  1.332907e+00  1.330789e+00  9.476693e-01  1.547333e-04  1.862377e-02  2.881718e-06  4.735680e+04  2.374748e+01
   287  1.337136e+00  1.335027e+00  9.626437e-01  1.519619e-04  1.852985e-02  2.815832e-06  4.834251e+04  2.402370e+01
   288  1.341350e+00  1.339248e+00  9.777261e-01  1.492141e-04  1.843656e-02  2.750995e-06  4.935716e+04  2.430515e+01
   289  1.345549e+00  1.343455e+00  9.929154e-01  1.464903e-04  1.834385e-02  2.687196e-06  5.040179e+04  2.459199e+01
   290  1.349734e+00  1.347647e+00  1.008210e+00  1.437908e-04  1.825169e-02  2.624426e-06  5.147748e+04  2.488434e+01
   291  1.353905e+00  1.351825e+00  1.023610e+00  1.411162e-04  1.816005e-02  2.562676e-06  5.258535e+04  2.518236e+01
   292  1.358063e+00  1.355989e+00  1.039113e+00  1.384667e-04  1.806887e-02  2.501936e-06  5.372659e+04  2.548620e+01
   293  1.362209e+00  1.360141e+00  1.054718e+00  1.358427e-04  1.797813e-02  2.442198e-06  5.490241e+04  2.579603e+01
   294  1.366343e+00  1.364281e+00  1.070425e+00  1.332445e-04  1.788781e-02  2.383453e-06  5.611410e+04  2.611199e+01
   295  1.370466e+00  1.368409e+00  1.086232e+00  1.306725e-04  1.779785e-02  2.325690e-06  5.736300e+04  2.643427e+01
   296  1.374579e+00  1.372527e+00  1.102138e+00  1.281269e-04  1.770824e-02  2.268903e-06  5.865051e+04  2.676303e+01
   297  1.378681e+00  1.376635e+00  1.118142e+00  1.256080e-04  1.761895e-02  2.213081e-06  5.997810e+04  2.709846e+01
   298  1.382775e+00  1.380733e+00  1.134242e+00  1.231160e-04  1.752995e-02  2.158217e-06  6.134728e+04  2.744074e+01
   299  1.386860e+00  1.384822e+00  1.150438e+00  1.206510e-04  1.744122e-02  2.104300e-06  6.275968e+04  2.779006e+01
   300  1.390937e+00  1.388903e+00  1.166729e+00  1.182133e-04  1.735273e-02  2.051323e-06  6.421696e+04  2.814662e+01
   301  1.395007e+00  1.392977e+00  1.183113e+00  1.158030e-04  1.726446e-02  1.999277e-06  6.572090e+04  2.851063e+01
   302  1.399069e+00  1.397043e+00  1.199589e+00  1.134203e-04  1.717641e-02  1.948153e-06  6.727334e+04  2.888229e+01
   303  1.403126e+00  1.401102e+00  1.216156e+00  1.110652e-04  1.708854e-02  1.897943e-06  6.887623e+04  2.926185e+01
   304  1.407177e+00  1.405156e+00  1.232813e+00  1.087379e-04  1.700085e-02  1.848637e-06  7.053159e+04  2.964951e+01
   305  1.411222e+00  1.409204e+00  1.249559e+00  1.064384e-04  1.691332e-02  1.800227e-06  7.224157e+04  3.004551e+01
   306  1.415263e+00  1.413247e+00  1.266393e+00  1.041668e-04  1.682595e-02  1.752704e-06  7.400841e+04  3.045011e+01
   307  1.419300e+00  1.417286e+00  1.283313e+00  1.019230e-04  1.673872e-02  1.706060e-06  7.583448e+04  3.086356e+01
   308  1.423334e+00  1.421322e+00  1.300318e+00  9.970709e-05  1.665164e-02  1.660286e-06  7.772227e+04  3.128612e+01
   309  1.427365e+00  1.425354e+00  1.317409e+00  9.751905e-05  1.656469e-02  1.615373e-06  7.967440e+04  3.171807e+01
   310  1.431393e+00  1.429383e+00  1.334582e+00  9.535885e-05  1.647789e-02  1.571313e-06  8.169362e+04  3.215970e+01
   311  1.435419e+00  1.433411e+00  1.351837e+00  9.322644e-05  1.639123e-02  1.528096e-06  8.378284e+04  3.261128e+01
   312  1.439445e+00  1.437437e+00  1.369174e+00  9.112173e-05  1.630472e-02  1.485715e-06  8.594514e+04  3.307315e+01
   313  1.443470e+00  1.441462e+00  1.386590e+00  8.904466e-05  1.621837e-02  1.444159e-06  8.818374e+04  3.354561e+01
   314  1.447495e+00  1.445487e+00  1.404086e+00  8.699512e-05  1.613219e-02  1.403422e-06  9.050206e+04  3.402900e+01
   315  1.451520e+00  1.449512e+00  1.421659e+00  8.497300e-05  1.604619e-02  1.363493e-06  9.290372e+04  3.452366e+01
   316  1.455547e+00  1.453538e+00  1.439309e+00  8.297819e-05  1.596039e-02  1.324364e-06  9.539253e+04  3.502996e+01
   317  1.459575e+00  1.457566e+00  1.457034e+00  8.101055e-05  1.587480e-02  1.286026e-06  9.797252e+04  3.554826e+01
   318  1.463606e+00  1.461596e+00  1.474834e+00  7.906995e-05  1.578946e-02  1.248472e-06  1.006479e+05  3.607895e+01
   319  1.467640e+00  1.465628e+00  1.492708e+00  7.715622e-05  1.570439e-02  1.211691e-06  1.034233e+05  3.662244e+01
   320  1.471678e+00  1.469664e+00  1.510654e+00  7.526921e-05  1.561961e-02  1.175676e-06  1.063035e+05  3.717915e+01
   321  1.475720e+00  1.473704e+00  1.528672e+00  7.340877e-05  1.553516e-02  1.140417e-06  1.092935e+05  3.774952e+01
   322  1.479768e+00  1.477749e+00  1.546760e+00  7.157472e-05  1.545107e-02  1.105906e-06  1.123986e+05  3.833400e+01
   323  1.483821e+00  1.481799e+00  1.564917e+00  6.976690e-05  1.536738e-02  1.072134e-06  1.156247e+05  3.893307e+01
   324  1.487880e+00  1.485855e+00  1.583142e+00  6.798512e-05  1.528413e-02  1.039093e-06  1.189778e+05  3.954722e+01
   325  1.491947e+00  1.489919e+00  1.601435e+00  6.622921e-05  1.520136e-02  1.006774e-06  1.224642e+05  4.017698e+01
   326  1.496022e+00  1.493989e+00  1.619794e+00  6.449902e-05  1.511912e-02  9.751684e-07  1.260909e+05  4.082286e+01
   327  1.500106e+00  1.498069e+00  1.638218e+00  6.279437e-05  1.503745e-02  9.442674e-07  1.298650e+05  4.148545e+01
   328  1.504199e+00  1.502157e+00  1.656707e+00  6.111510e-05  1.495641e-02  9.140626e-07  1.337943e+05  4.216531e+01
   329  1.508303e+00  1.506256e+00  1.675259e+00  5.946106e-05  1.487605e-02  8.845454e-07  1.378871e+05  4.286306e+01
   330  1.512418e+00  1.510365e+00  1.693873e+00  5.783209e-05  1.479641e-02  8.557075e-07  1.421520e+05  4.357933e+01
   331  1.516545e+00  1.514486e+00  1.712548e+00  5.622805e-05  1.471757e-02  8.275400e-07  1.465983e+05  4.431480e+01
   332  1.520685e+00  1.518620e+00  1.731284e+00  5.464883e-05  1.463956e-02  8.000348e-07  1.512360e+05  4.507013e+01
   333  1.524839e+00  1.522767e+00  1.750080e+00  5.309431e-05  1.456245e-02  7.731834e-07  1.560755e+05  4.584606e+01
   334  1.529008e+00  1.526929e+00  1.768933e+00  5.156439e-05  1.448630e-02  7.469774e-07  1.611281e+05  4.664333e+01
   335  1.533193e+00  1.531106e+00  1.787844e+00  5.005900e-05  1.441117e-02  7.214087e-07  1.664057e+05  4.746272e+01
   336  1.537395e+00  1.535299e+00  1.806811e+00  4.857806e-05  1.433710e-02  6.964687e-07  1.719211e+05  4.830504e+01
   337  1.541615e+00  1.539510e+00  1.825834e+00  4.712154e-05  1.426417e-02  6.721494e-07  1.776877e+05  4.917115e+01
   338  1.545854e+00  1.543740e+00  1.844912e+00  4.568940e-05  1.419240e-02  6.484424e-07  1.837201e+05  5.006193e+01
   339  1.550113e+00  1.547989e+00  1.864043e+00  4.428162e-05  1.412187e-02  6.253394e-07  1.900336e+05  5.097830e+01
   340  1.554394e+00  1.552259e+00  1.883227e+00  4.289825e-05  1.405261e-02  6.028324e-07  1.966446e+05  5.192123e+01
   341  1.558697e+00  1.556551e+00  1.902463e+00  4.153929e-05  1.398467e-02  5.809133e-07  2.035705e+05  5.289171e+01
   342  1.563024e+00  1.560866e+00  1.921749e+00  4.020480e-05  1.391808e-02  5.595737e-07  2.108300e+05  5.389080e+01
   343  1.567376e+00  1.565205e+00  1.941086e+00  3.889486e-05  1.385288e-02  5.388057e-07  2.184428e+05  5.491957e+01
   344  1.571754e+00  1.569570e+00  1.960472e+00  3.760956e-05  1.378908e-02  5.186011e-07  2.264301e+05  5.597918e+01
   345  1.576159e+00  1.573962e+00  1.979907e+00  3.634898e-05  1.372670e-02  4.989515e-07  2.348144e+05  5.707082e+01
   346  1.580593e+00  1.578382e+00  1.999389e+00  3.511327e-05  1.366575e-02  4.798491e-07  2.436195e+05  5.819570e+01
   347  1.585057e+00  1.582831e+00  2.018916e+00  3.390262e-05  1.360622e-02  4.612866e-07  2.528704e+05  5.935508e+01
   348  1.589552e+00  1.587310e+00  2.038490e+00  3.271715e-05  1.354810e-02  4.432553e-07  2.625943e+05  6.055030e+01
   349  1.594080e+00  1.591822e+00  2.058108e+00  3.155701e-05  1.349136e-02  4.257471e-07  2.728200e+05  6.178278e+01
   350  1.598641e+00  1.596367e+00  2.077770e+00  3.042239e-05  1.343597e-02  4.087543e-07  2.835777e+05  6.305392e+01
   351  1.603238e+00  1.600946e+00  2.097475e+00  2.931346e-05  1.338186e-02  3.922686e-07  2.948999e+05  6.436525e+01
   352  1.607871e+00  1.605561e+00  2.117222e+00  2.823038e-05  1.332898e-02  3.762821e-07  3.068208e+05  6.571833e+01
   353  1.612542e+00  1.610213e+00  2.137010e+00  2.717333e-05  1.327723e-02  3.607867e-07  3.193768e+05  6.711476e+01
   354  1.617252e+00  1.614904e+00  2.156839e+00  2.614245e-05  1.322654e-02  3.457741e-07  3.326064e+05  6.855624e+01
   355  1.622002e+00  1.619634e+00  2.176706e+00  2.513787e-05  1.317678e-02  3.312363e-07  3.465507e+05  7.004454e+01
   356  1.626794e+00  1.624405e+00  2.196613e+00  2.415971e-05  1.312785e-02  3.171650e-07  3.612531e+05  7.158147e+01
   357  1.631628e+00  1.629218e+00  2.216557e+00  2.320805e-05  1.307960e-02  3.035520e-07  3.767594e+05  7.316893e+01
   358  1.636506e+00  1.634074e+00  2.236538e+00  2.228295e-05  1.303190e-02  2.903891e-07  3.931185e+05  7.480887e+01
   359  1.641428e+00  1.638974e+00  2.256555e+00  2.138442e-05  1.298458e-02  2.776677e-07  4.103823e+05  7.650338e+01
   360  1.646396e+00  1.643919e+00  2.276608e+00  2.051245e-05  1.293749e-02  2.653795e-07  4.286053e+05  7.825455e+01
   361  1.651410e+00  1.648910e+00  2.296694e+00  1.966697e-05  1.289045e-02  2.535161e-07  4.478458e+05  8.006459e+01
   362  1.656472e+00  1.653949e+00  2.316815e+00  1.884786e-05  1.284330e-02  2.420688e-07  4.681658e+05  8.193584e+01
   363  1.661582e+00  1.659035e+00  2.336968e+00  1.805496e-05  1.279587e-02  2.310290e-07  4.896305e+05  8.387065e+01
   364  1.666741e+00  1.664169e+00  2.357153e+00  1.728809e-05  1.274798e-02  2.203883e-07  5.123092e+05  8.587149e+01
   365  1.671949e+00  1.669353e+00  2.377369e+00  1.654697e-05  1.269946e-02  2.101377e-07  5.362764e+05  8.794098e+01
   366  1.677208e+00  1.674587e+00  2.397614e+00  1.583130e-05  1.265016e-02  2.002685e-07  5.616106e+05  9.008177e+01
   367  1.682517e+00  1.679870e+00  2.417890e+00  1.514073e-05  1.259992e-02  1.907720e-07  5.883954e+05  9.229666e+01
   368  1.687876e+00  1.685205e+00  2.438194e+00  1.447486e-05  1.254859e-02  1.816391e-07  6.167202e+05  9.458856e+01
   369  1.693287e+00  1.690590e+00  2.458525e+00  1.383325e-05  1.249605e-02  1.728609e-07  6.466801e+05  9.696050e+01
   370  1.698749e+00  1.696027e+00  2.478883e+00  1.321542e-05  1.244218e-02  1.644287e-07  6.783764e+05  9.941559e+01
   371  1.704263e+00  1.701515e+00  2.499268e+00  1.262087e-05  1.238688e-02  1.563332e-07  7.119176e+05  1.019571e+02
   372  1.709828e+00  1.707054e+00  2.519677e+00  1.204905e-05  1.233007e-02  1.485657e-07  7.474192e+05  1.045885e+02
   373  1.715445e+00  1.712646e+00  2.540110e+00  1.149942e-05  1.227167e-02  1.411171e-07  7.850048e+05  1.073133e+02
   374  1.721114e+00  1.718289e+00  2.560567e+00  1.097136e-05  1.221163e-02  1.339782e-07  8.248075e+05  1.101352e+02
   375  1.726835e+00  1.723984e+00  2.581047e+00  1.046431e-05  1.214990e-02  1.271403e-07  8.669678e+05  1.130581e+02
   376  1.732607e+00  1.729730e+00  2.601548e+00  9.977653e-06  1.208646e-02  1.205945e-07  9.116371e+05  1.160859e+02
   377  1.738431e+00  1.735529e+00  2.622070e+00  9.510772e-06  1.202130e-02  1.143318e-07  9.589778e+05  1.192229e+02
   378  1.744306e+00  1.741378e+00  2.642612e+00  9.063055e-06  1.195440e-02  1.083434e-07  1.009164e+06  1.224735e+02
   379  1.750232e+00  1.747279e+00  2.663173e+00  8.633899e-06  1.188577e-02  1.026205e-07  1.062379e+06  1.258421e+02
   380  1.756210e+00  1.753231e+00  2.683753e+00  8.222694e-06  1.181543e-02  9.715464e-08  1.118822e+06  1.293336e+02
   381  1.762238e+00  1.759234e+00  2.704349e+00  7.828832e-06  1.174339e-02  9.193702e-08  1.178708e+06  1.329530e+02
   382  1.768316e+00  1.765288e+00  2.724962e+00  7.451727e-06  1.166968e-02  8.695925e-08  1.242263e+06  1.367053e+02
   383  1.774445e+00  1.771392e+00  2.745591e+00  7.090791e-06  1.159432e-02  8.221293e-08  1.309732e+06  1.405961e+02
   384  1.780624e+00  1.777546e+00  2.766234e+00  6.745458e-06  1.151736e-02  7.768989e-08  1.381376e+06  1.446309e+02
   385  1.786853e+00  1.783750e+00  2.786890e+00  6.415168e-06  1.143883e-02  7.338203e-08  1.457475e+06  1.488156e+02
   386  1.793131e+00  1.790003e+00  2.807560e+00  6.099369e-06  1.135877e-02  6.928134e-08  1.538330e+06  1.531564e+02
   387  1.799458e+00  1.796306e+00  2.828242e+00  5.797529e-06  1.127722e-02  6.538001e-08  1.624262e+06  1.576597e+02
   388  1.805834e+00  1.802657e+00  2.848934e+00  5.509126e-06  1.119422e-02  6.167038e-08  1.715617e+06  1.623323e+02
   389  1.812258e+00  1.809058e+00  2.869636e+00  5.233653e-06  1.110982e-02  5.814496e-08  1.812765e+06  1.671811e+02
   390  1.818730e+00  1.815506e+00  2.890347e+00  4.970618e-06  1.102407e-02  5.479644e-08  1.916102e+06  1.722135e+02
   391  1.825250e+00  1.822003e+00  2.911066e+00  4.719540e-06  1.093701e-02  5.161764e-08  2.026054e+06  1.774370e+02
   392  1.831818e+00  1.828546e+00  2.931793e+00  4.479953e-06  1.084868e-02  4.860157e-08  2.143079e+06  1.828597e+02
   393  1.838432e+00  1.835137e+00  2.952525e+00  4.251403e-06  1.075914e-02  4.574143e-08  2.267666e+06  1.884900e+02
   394  1.845093e+00  1.841775e+00  2.973262e+00  4.033450e-06  1.066842e-02  4.303054e-08  2.400343e+06  1.943367e+02
   395  1.851800e+00  1.848459e+00  2.994003e+00  3.825672e-06  1.057658e-02  4.046253e-08  2.541673e+06  2.004088e+02
   396  1.858553e+00  1.855189e+00  3.014747e+00  3.627658e-06  1.048366e-02  3.803114e-08  2.692261e+06  2.067158e+02
   397  1.865351e+00  1.861965e+00  3.035493e+00  3.439005e-06  1.038971e-02  3.573027e-08  2.852761e+06  2.132677e+02
   398  1.872194e+00  1.868786e+00  3.056239e+00  3.259329e-06  1.029477e-02  3.355403e-08  3.023873e+06  2.200751e+02
   399  1.879081e+00  1.875651e+00  3.076985e+00  3.088255e-06  1.019888e-02  3.149675e-08  3.206347e+06  2.271488e+02
   400  1.886012e+00  1.882560e+00  3.097730e+00  2.925422e-06  1.010210e-02  2.955292e-08  3.400992e+06  2.345001e+02
   401  1.892987e+00  1.889514e+00  3.118471e+00  2.770477e-06  1.000448e-02  2.771718e-08  3.608678e+06  2.421412e+02
   402  1.900005e+00  1.896510e+00  3.139210e+00  2.623084e-06  9.906052e-03  2.598441e-08  3.830341e+06  2.500845e+02
   403  1.907066e+00  1.903550e+00  3.159943e+00  2.482914e-06  9.806879e-03  2.434964e-08  4.066988e+06  2.583432e+02
   404  1.914168e+00  1.910632e+00  3.180670e+00  2.349653e-06  9.707011e-03  2.280810e-08  4.319700e+06  2.669308e+02
   405  1.921313e+00  1.917755e+00  3.201389e+00  2.222995e-06  9.606497e-03  2.135519e-08  4.589644e+06  2.758618e+02
   406  1.928498e+00  1.924920e+00  3.222100e+00  2.102646e-06  9.505386e-03  1.998646e-08  4.878080e+06  2.851513e+02
   407  1.935724e+00  1.932126e+00  3.242801e+00  1.988327e-06  9.403728e-03  1.869769e-08  5.186353e+06  2.948148e+02
   408  1.942991e+00  1.939373e+00  3.263492e+00  1.879765e-06  9.301567e-03  1.748476e-08  5.515925e+06  3.048691e+02
   409  1.950297e+00  1.946659e+00  3.284169e+00  1.776700e-06  9.198946e-03  1.634377e-08  5.868360e+06  3.153313e+02
   410  1.957643e+00  1.953985e+00  3.304833e+00  1.678881e-06  9.095906e-03  1.527095e-08  6.245353e+06  3.262198e+02
   411  1.965026e+00  1.961350e+00  3.325481e+00  1.586071e-06  8.992490e-03  1.426273e-08  6.648708e+06  3.375530e+02
   412  1.972449e+00  1.968753e+00  3.346113e+00  1.498038e-06  8.888731e-03  1.331565e-08  7.080393e+06  3.493510e+02
   413  1.979909e+00  1.976195e+00  3.366726e+00  1.414555e-06  8.784669e-03  1.242640e-08  7.542538e+06  3.616352e+02
   414  1.987406e+00  1.983674e+00  3.387321e+00  1.335412e-06  8.680353e-03  1.159185e-08  8.037409e+06  3.744268e+02
   415  1.994940e+00  1.991189e+00  3.407894e+00  1.260400e-06  8.575831e-03  1.080897e-08  8.567491e+06  3.877493e+02
   416  2.002510e+00  1.998741e+00  3.428445e+00  1.189322e-06  8.471154e-03  1.007493e-08  9.135438e+06  4.016265e+02
   417  2.010115e+00  2.006329e+00  3.448972e+00  1.121990e-06  8.366360e-03  9.386970e-09  9.744125e+06  4.160835e+02
   418  2.017756e+00  2.013952e+00  3.469473e+00  1.058225e-06  8.261474e-03  8.742496e-09  1.039665e+07  4.311472e+02
   419  2.025431e+00  2.021610e+00  3.489947e+00  9.978548e-07  8.156523e-03  8.139025e-09  1.109635e+07  4.468452e+02
   420  2.033140e+00  2.029303e+00  3.510392e+00  9.407130e-07  8.051552e-03  7.574199e-09  1.184685e+07  4.632068e+02
   421  2.040883e+00  2.037029e+00  3.530806e+00  8.866378e-07  7.946630e-03  7.045783e-09  1.265209e+07  4.802625e+02
   422  2.048658e+00  2.044788e+00  3.551188e+00  8.354761e-07  7.841799e-03  6.551635e-09  1.351631e+07  4.980448e+02
   423  2.056466e+00  2.052580e+00  3.571535e+00  7.870901e-07  7.737031e-03  6.089740e-09  1.444403e+07  5.165875e+02
   424  2.064306e+00  2.060404e+00  3.591847e+00  7.413448e-07  7.632315e-03  5.658177e-09  1.544015e+07  5.359262e+02
   425  2.072177e+00  2.068259e+00  3.612121e+00  6.981017e-07  7.527735e-03  5.255125e-09  1.651008e+07  5.560985e+02
   426  2.080079e+00  2.076146e+00  3.632356e+00  6.572277e-07  7.423390e-03  4.878858e-09  1.765969e+07  5.771440e+02
   427  2.088011e+00  2.084063e+00  3.652549e+00  6.185988e-07  7.319358e-03  4.527746e-09  1.889533e+07  5.991040e+02
   428  2.095972e+00  2.092010e+00  3.672697e+00  5.821053e-07  7.215631e-03  4.200257e-09  2.022373e+07  6.220214e+02
   429  2.103963e+00  2.099986e+00  3.692801e+00  5.476394e-07  7.112202e-03  3.894922e-09  2.165226e+07  6.459425e+02
   430  2.111983e+00  2.107992e+00  3.712856e+00  5.150991e-07  7.009061e-03  3.610361e-09  2.318885e+07  6.709157e+02
   431  2.120030e+00  2.116025e+00  3.732862e+00  4.843801e-07  6.906305e-03  3.345277e-09  2.484224e+07  6.969911e+02
   432  2.128106e+00  2.124087e+00  3.752816e+00  4.553883e-07  6.803932e-03  3.098431e-09  2.662184e+07  7.242230e+02
   433  2.136209e+00  2.132176e+00  3.772715e+00  4.280370e-07  6.701908e-03  2.868665e-09  2.853773e+07  7.526679e+02
   434  2.144338e+00  2.140292e+00  3.792558e+00  4.022365e-07  6.600313e-03  2.654887e-09  3.060105e+07  7.823846e+02
   435  2.152492e+00  2.148434e+00  3.812342e+00  3.779008e-07  6.499241e-03  2.456068e-09  3.282395e+07  8.134353e+02
   436  2.160672e+00  2.156602e+00  3.832064e+00  3.549532e-07  6.398704e-03  2.271241e-09  3.521947e+07  8.458857e+02
   437  2.168878e+00  2.164795e+00  3.851724e+00  3.333318e-07  6.298467e-03  2.099479e-09  3.780122e+07  8.798071e+02
   438  2.177107e+00  2.173012e+00  3.871316e+00  3.129378e-07  6.199094e-03  1.939931e-09  4.058616e+07  9.152720e+02
   439  2.185361e+00  2.181254e+00  3.890841e+00  2.937262e-07  6.100206e-03  1.791790e-09  4.358982e+07  9.523568e+02
   440  2.193639e+00  2.189520e+00  3.910294e+00  2.756303e-07  6.001849e-03  1.654292e-09  4.683068e+07  9.911451e+02
   441  2.201939e+00  2.197809e+00  3.929672e+00  2.585810e-07  5.904262e-03  1.526730e-09  5.032927e+07  1.031721e+03
   442  2.210261e+00  2.206120e+00  3.948974e+00  2.425400e-07  5.807016e-03  1.408434e-09  5.410533e+07  1.074175e+03
   443  2.218605e+00  2.214453e+00  3.968197e+00  2.274377e-07  5.710449e-03  1.298771e-09  5.818385e+07  1.118605e+03
   444  2.226970e+00  2.222808e+00  3.987338e+00  2.132253e-07  5.614500e-03  1.197153e-09  6.259011e+07  1.165114e+03
   445  2.235357e+00  2.231184e+00  4.006394e+00  1.998506e-07  5.519259e-03  1.103027e-09  6.735258e+07  1.213809e+03
   446  2.243762e+00  2.239580e+00  4.025361e+00  1.872677e-07  5.424753e-03  1.015881e-09  7.250153e+07  1.264800e+03
   447  2.252188e+00  2.247995e+00  4.044236e+00  1.754276e-07  5.331149e-03  9.352308e-10  7.807133e+07  1.318208e+03
   448  2.260633e+00  2.256431e+00  4.063018e+00  1.642985e-07  5.238141e-03  8.606186e-10  8.409648e+07  1.374162e+03
   449  2.269095e+00  2.264885e+00  4.081701e+00  1.538377e-07  5.145838e-03  7.916240e-10  9.061687e+07  1.432794e+03
   450  2.277577e+00  2.273357e+00  4.100285e+00  1.439999e-07  5.054498e-03  7.278473e-10  9.767844e+07  1.494249e+03
   451  2.286076e+00  2.281847e+00  4.118764e+00  1.347617e-07  4.963716e-03  6.689190e-10  1.053246e+08  1.558678e+03
   452  2.294592e+00  2.290355e+00  4.137136e+00  1.260832e-07  4.873727e-03  6.144953e-10  1.136088e+08  1.626237e+03
   453  2.303124e+00  2.298879e+00  4.155398e+00  1.179335e-07  4.784480e-03  5.642507e-10  1.225872e+08  1.697099e+03
   454  2.311672e+00  2.307419e+00  4.173546e+00  1.102752e-07  4.696294e-03  5.178847e-10  1.323258e+08  1.771441e+03
   455  2.320235e+00  2.315975e+00  4.191575e+00  1.030862e-07  4.608919e-03  4.751160e-10  1.428894e+08  1.849454e+03
   456  2.328813e+00  2.324545e+00  4.209483e+00  9.634335e-08  4.522197e-03  4.356836e-10  1.543489e+08  1.931335e+03
   457  2.337405e+00  2.333130e+00  4.227266e+00  9.001732e-08  4.436280e-03  3.993420e-10  1.667879e+08  2.017301e+03
   458  2.346011e+00  2.341729e+00  4.244922e+00  8.408014e-08  4.351341e-03  3.658613e-10  1.802997e+08  2.107585e+03
   459  2.354629e+00  2.350341e+00  4.262445e+00  7.851019e-08  4.267355e-03  3.350308e-10  1.949820e+08  2.202424e+03
   460  2.363260e+00  2.358966e+00  4.279832e+00  7.329355e-08  4.183926e-03  3.066548e-10  2.109319e+08  2.302069e+03
   461  2.371902e+00  2.367602e+00  4.297077e+00  6.839419e-08  4.101955e-03  2.805499e-10  2.282892e+08  2.406790e+03
   462  2.380555e+00  2.376250e+00  4.314179e+00  6.381468e-08  4.020140e-03  2.565439e-10  2.471490e+08  2.516879e+03
   463  2.389219e+00  2.384908e+00  4.331132e+00  5.951088e-08  3.940077e-03  2.344774e-10  2.677018e+08  2.632648e+03
   464  2.397892e+00  2.393577e+00  4.347934e+00  5.548828e-08  3.860346e-03  2.142039e-10  2.900585e+08  2.754416e+03
   465  2.406574e+00  2.402255e+00  4.364577e+00  5.172077e-08  3.781598e-03  1.955872e-10  3.144107e+08  2.882525e+03
   466  2.415265e+00  2.410941e+00  4.381063e+00  4.819163e-08  3.703926e-03  1.784983e-10  3.409551e+08  3.017354e+03
   467  2.423964e+00  2.419637e+00  4.397382e+00  4.488695e-08  3.627315e-03  1.628191e-10  3.699025e+08  3.159298e+03
   468  2.432669e+00  2.428338e+00  4.413531e+00  4.179841e-08  3.551389e-03  1.484424e-10  4.014589e+08  3.308752e+03
   469  2.441381e+00  2.437047e+00  4.429508e+00  3.890614e-08  3.476704e-03  1.352652e-10  4.359111e+08  3.466173e+03
   470  2.450098e+00  2.445762e+00  4.445308e+00  3.620407e-08  3.402729e-03  1.231926e-10  4.735097e+08  3.632042e+03
   471  2.458819e+00  2.454480e+00  4.460922e+00  3.367751e-08  3.329802e-03  1.121394e-10  5.145776e+08  3.806836e+03
   472  2.467544e+00  2.463203e+00  4.476353e+00  3.131786e-08  3.257682e-03  1.020236e-10  5.594401e+08  3.991102e+03
   473  2.476271e+00  2.471929e+00  4.491590e+00  2.910967e-08  3.186931e-03  9.277052e-11  6.085221e+08  4.185412e+03
   474  2.484999e+00  2.480657e+00  4.506634e+00  2.705363e-08  3.116444e-03  8.431110e-11  6.621325e+08  4.390368e+03
   475  2.493728e+00  2.489386e+00  4.521475e+00  2.512582e-08  3.047915e-03  7.658134e-11  7.209056e+08  4.606613e+03
   476  2.502457e+00  2.498115e+00  4.536111e+00  2.333086e-08  2.979865e-03  6.952282e-11  7.851830e+08  4.834812e+03
   477  2.511184e+00  2.506843e+00  4.550538e+00  2.165489e-08  2.912983e-03  6.308034e-11  8.556083e+08  5.075704e+03
   478  2.519909e+00  2.515568e+00  4.564753e+00  2.009478e-08  2.846665e-03  5.720313e-11  9.327139e+08  5.330076e+03
   479  2.528627e+00  2.524290e+00  4.578744e+00  1.863492e-08  2.782162e-03  5.184537e-11  1.017375e+09  5.598714e+03
   480  2.537342e+00  2.533007e+00  4.592517e+00  1.727955e-08  2.717874e-03  4.696364e-11  1.110076e+09  5.882506e+03
   481  2.546051e+00  2.541718e+00  4.606062e+00  1.601204e-08  2.655353e-03  4.251762e-11  1.211971e+09  6.182424e+03
   482  2.554748e+00  2.550421e+00  4.619369e+00  1.483373e-08  2.593563e-03  3.847221e-11  1.323736e+09  6.499346e+03
   483  2.563436e+00  2.559114e+00  4.632443e+00  1.373733e-08  2.532745e-03  3.479315e-11  1.446445e+09  6.834336e+03
   484  2.572112e+00  2.567796e+00  4.645273e+00  1.271452e-08  2.473481e-03  3.144912e-11  1.581415e+09  7.188512e+03
   485  2.580774e+00  2.576464e+00  4.657858e+00  1.176639e-08  2.414654e-03  2.841176e-11  1.729535e+09  7.563002e+03
   486  2.589419e+00  2.585118e+00  4.670191e+00  1.088188e-08  2.357554e-03  2.565462e-11  1.892627e+09  7.959035e+03
   487  2.598047e+00  2.593754e+00  4.682273e+00  1.006438e-08  2.300522e-03  2.315333e-11  2.071571e+09  8.377927e+03
   488  2.606653e+00  2.602371e+00  4.694093e+00  9.299661e-09  2.245863e-03  2.088576e-11  2.269035e+09  8.821006e+03
   489  2.615235e+00  2.610965e+00  4.705648e+00  8.592128e-09  2.191776e-03  1.883202e-11  2.486000e+09  9.289552e+03
   490  2.623789e+00  2.619533e+00  4.716936e+00  7.935966e-09  2.138745e-03  1.697301e-11  2.724713e+09  9.785069e+03
   491  2.632315e+00  2.628073e+00  4.727955e+00  7.327165e-09  2.086915e-03  1.529117e-11  2.987525e+09  1.030915e+04
   492  2.640807e+00  2.636582e+00  4.738698e+00  6.763177e-09  2.036142e-03  1.377079e-11  3.276764e+09  1.086335e+04
   493  2.649264e+00  2.645056e+00  4.749160e+00  6.238291e-09  1.987335e-03  1.239757e-11  3.595827e+09  1.144919e+04
   494  2.657678e+00  2.653491e+00  4.759340e+00  5.755089e-09  1.938855e-03  1.115828e-11  3.946166e+09  1.206826e+04
   495  2.666047e+00  2.661882e+00  4.769233e+00  5.306169e-09  1.892267e-03  1.004069e-11  4.332392e+09  1.272218e+04
   496  2.674364e+00  2.670225e+00  4.778833e+00  4.891131e-09  1.846972e-03  9.033784e-12  4.757299e+09  1.341246e+04
   497  2.682630e+00  2.678516e+00  4.788149e+00  4.509936e-09  1.801996e-03  8.126888e-12  5.223393e+09  1.414103e+04
   498  2.690833e+00  2.686751e+00  4.797166e+00  4.155313e-09  1.759378e-03  7.310764e-12  5.737421e+09  1.490946e+04
   499  2.698970e+00  2.694921e+00  4.805881e+00  3.827021e-09  1.718688e-03  6.577456e-12  6.302903e+09  1.571861e+04
