     i         log_r      log_rmid             m           rho            v2             p        trelax            kn
     0  -2.910602e+00  -3.211632e+00  4.936543e-05  7.986411e+04  1.383675e+00  1.105059e+05  1.064465e-05  1.212692e-04
     1  -2.904386e+00  -2.907483e+00  5.153900e-05  8.014180e+04  1.378880e+00  1.105059e+05  1.062619e-05  1.212692e-04
     2  -2.898173e+00  -2.901268e+00  5.380601e-05  8.011550e+04  1.378741e+00  1.104585e+05  1.063022e-05  1.212952e-04
     3  -2.891952e+00  -2.895051e+00  5.617461e-05  8.008844e+04  1.378597e+00  1.104097e+05  1.063436e-05  1.213220e-04
     4  -2.885731e+00  -2.888830e+00  5.864622e-05  8.006057e+04  1.378450e+00  1.103595e+05  1.063863e-05  1.213496e-04
     5  -2.879517e+00  -2.882613e+00  6.122269e-05  8.003192e+04  1.378298e+00  1.103078e+05  1.064303e-05  1.213780e-04
     6  -2.873291e+00  -2.876393e+00  6.391625e-05  8.000243e+04  1.378141e+00  1.102547e+05  1.064756e-05  1.214073e-04
     7  -2.867064e+00  -2.870166e+00  6.672776e-05  7.997205e+04  1.377980e+00  1.101999e+05  1.065222e-05  1.214375e-04
     8  -2.860830e+00  -2.863936e+00  6.966511e-05  7.994078e+04  1.377814e+00  1.101435e+05  1.065703e-05  1.214685e-04
     9  -2.854605e+00  -2.857706e+00  7.272580e-05  7.990861e+04  1.377644e+00  1.100856e+05  1.066198e-05  1.215005e-04
    10  -2.848373e+00  -2.851478e+00  7.592335e-05  7.987552e+04  1.377468e+00  1.100260e+05  1.066708e-05  1.215334e-04
    11  -2.842143e+00  -2.845247e+00  7.925890e-05  7.984146e+04  1.377287e+00  1.099646e+05  1.067233e-05  1.215673e-04
    12  -2.835910e+00  -2.839016e+00  8.274157e-05  7.980642e+04  1.377101e+00  1.099015e+05  1.067774e-05  1.216022e-04
    13  -2.829681e+00  -2.832784e+00  8.637379e-05  7.977037e+04  1.376909e+00  1.098366e+05  1.068331e-05  1.216381e-04
    14  -2.823451e+00  -2.826555e+00  9.016405e-05  7.973330e+04  1.376712e+00  1.097698e+05  1.068904e-05  1.216751e-04
    15  -2.817210e+00  -2.820319e+00  9.412640e-05  7.969513e+04  1.376509e+00  1.097011e+05  1.069495e-05  1.217132e-04
    16  -2.810973e+00  -2.814080e+00  9.825814e-05  7.965584e+04  1.376300e+00  1.096304e+05  1.070103e-05  1.217525e-04
    17  -2.804729e+00  -2.807840e+00  1.025750e-04  7.961542e+04  1.376085e+00  1.095576e+05  1.070730e-05  1.217929e-04
    18  -2.798493e+00  -2.801600e+00  1.070736e-04  7.957384e+04  1.375864e+00  1.094828e+05  1.071376e-05  1.218345e-04
    19  -2.792252e+00  -2.795362e+00  1.117716e-04  7.953108e+04  1.375636e+00  1.094058e+05  1.072041e-05  1.218773e-04
    20  -2.786011e+00  -2.789121e+00  1.166741e-04  7.948708e+04  1.375402e+00  1.093267e+05  1.072726e-05  1.219215e-04
    21  -2.779769e+00  -2.782879e+00  1.217905e-04  7.944181e+04  1.375161e+00  1.092453e+05  1.073431e-05  1.219669e-04
    22  -2.773525e+00  -2.776636e+00  1.271309e-04  7.939524e+04  1.374913e+00  1.091615e+05  1.074157e-05  1.220136e-04
    23  -2.767284e+00  -2.770393e+00  1.327005e-04  7.934735e+04  1.374658e+00  1.090754e+05  1.074905e-05  1.220618e-04
    24  -2.761039e+00  -2.764150e+00  1.385159e-04  7.929809e+04  1.374395e+00  1.089869e+05  1.075676e-05  1.221114e-04
    25  -2.754793e+00  -2.757904e+00  1.445845e-04  7.924741e+04  1.374125e+00  1.088958e+05  1.076470e-05  1.221624e-04
    26  -2.748548e+00  -2.751659e+00  1.509149e-04  7.919528e+04  1.373846e+00  1.088022e+05  1.077287e-05  1.222150e-04
    27  -2.742295e+00  -2.745410e+00  1.575290e-04  7.914165e+04  1.373560e+00  1.087058e+05  1.078130e-05  1.222691e-04
    28  -2.736048e+00  -2.739160e+00  1.644237e-04  7.908648e+04  1.373265e+00  1.086067e+05  1.078998e-05  1.223249e-04
    29  -2.729801e+00  -2.732913e+00  1.716176e-04  7.902977e+04  1.372962e+00  1.085049e+05  1.079891e-05  1.223823e-04
    30  -2.723552e+00  -2.726665e+00  1.791246e-04  7.897144e+04  1.372651e+00  1.084002e+05  1.080811e-05  1.224414e-04
    31  -2.717300e+00  -2.720415e+00  1.869613e-04  7.891145e+04  1.372330e+00  1.082925e+05  1.081760e-05  1.225022e-04
    32  -2.711047e+00  -2.714162e+00  1.951388e-04  7.884973e+04  1.372000e+00  1.081818e+05  1.082737e-05  1.225649e-04
    33  -2.704797e+00  -2.707911e+00  2.036668e-04  7.878627e+04  1.371660e+00  1.080680e+05  1.083743e-05  1.226294e-04
    34  -2.698544e+00  -2.701659e+00  2.125676e-04  7.872102e+04  1.371310e+00  1.079510e+05  1.084779e-05  1.226959e-04
    35  -2.692289e+00  -2.695405e+00  2.218557e-04  7.865391e+04  1.370951e+00  1.078306e+05  1.085847e-05  1.227643e-04
    36  -2.686036e+00  -2.689151e+00  2.315430e-04  7.858491e+04  1.370581e+00  1.077070e+05  1.086947e-05  1.228348e-04
    37  -2.679780e+00  -2.682897e+00  2.416522e-04  7.851396e+04  1.370200e+00  1.075799e+05  1.088081e-05  1.229073e-04
    38  -2.673524e+00  -2.676641e+00  2.522004e-04  7.844100e+04  1.369809e+00  1.074492e+05  1.089248e-05  1.229820e-04
    39  -2.667264e+00  -2.670383e+00  2.632088e-04  7.836597e+04  1.369406e+00  1.073148e+05  1.090452e-05  1.230590e-04
    40  -2.661008e+00  -2.664125e+00  2.746873e-04  7.828883e+04  1.368991e+00  1.071767e+05  1.091691e-05  1.231383e-04
    41  -2.654749e+00  -2.657867e+00  2.866651e-04  7.820954e+04  1.368565e+00  1.070348e+05  1.092968e-05  1.232198e-04
    42  -2.648490e+00  -2.651608e+00  2.991578e-04  7.812802e+04  1.368127e+00  1.068890e+05  1.094284e-05  1.233039e-04
    43  -2.642231e+00  -2.645349e+00  3.121906e-04  7.804422e+04  1.367675e+00  1.067392e+05  1.095640e-05  1.233904e-04
    44  -2.635969e+00  -2.639089e+00  3.257907e-04  7.795805e+04  1.367211e+00  1.065851e+05  1.097037e-05  1.234795e-04
    45  -2.629707e+00  -2.632827e+00  3.399746e-04  7.786947e+04  1.366734e+00  1.064268e+05  1.098477e-05  1.235713e-04
    46  -2.623444e+00  -2.626564e+00  3.547724e-04  7.777842e+04  1.366243e+00  1.062642e+05  1.099960e-05  1.236658e-04
    47  -2.617180e+00  -2.620301e+00  3.702053e-04  7.768483e+04  1.365738e+00  1.060971e+05  1.101489e-05  1.237632e-04
    48  -2.610917e+00  -2.614038e+00  3.863001e-04  7.758864e+04  1.365218e+00  1.059254e+05  1.103064e-05  1.238635e-04
    49  -2.604650e+00  -2.607773e+00  4.030957e-04  7.748977e+04  1.364684e+00  1.057490e+05  1.104688e-05  1.239667e-04
    50  -2.598384e+00  -2.601506e+00  4.206106e-04  7.738813e+04  1.364134e+00  1.055678e+05  1.106362e-05  1.240731e-04
    51  -2.592116e+00  -2.595238e+00  4.388801e-04  7.728368e+04  1.363568e+00  1.053816e+05  1.108087e-05  1.241826e-04
    52  -2.585847e+00  -2.588970e+00  4.579325e-04  7.717634e+04  1.362987e+00  1.051903e+05  1.109865e-05  1.242955e-04
    53  -2.579574e+00  -2.582699e+00  4.778138e-04  7.706601e+04  1.362388e+00  1.049938e+05  1.111698e-05  1.244117e-04
    54  -2.573305e+00  -2.576428e+00  4.985347e-04  7.695263e+04  1.361773e+00  1.047920e+05  1.113587e-05  1.245315e-04
    55  -2.567032e+00  -2.570157e+00  5.201481e-04  7.683616e+04  1.361140e+00  1.045848e+05  1.115534e-05  1.246548e-04
    56  -2.560759e+00  -2.563884e+00  5.426885e-04  7.671647e+04  1.360489e+00  1.043719e+05  1.117542e-05  1.247818e-04
    57  -2.554483e+00  -2.557610e+00  5.661971e-04  7.659348e+04  1.359820e+00  1.041533e+05  1.119612e-05  1.249127e-04
    58  -2.548208e+00  -2.551334e+00  5.907064e-04  7.646712e+04  1.359132e+00  1.039289e+05  1.121746e-05  1.250475e-04
    59  -2.541930e+00  -2.545058e+00  6.162668e-04  7.633731e+04  1.358424e+00  1.036984e+05  1.123946e-05  1.251864e-04
    60  -2.535652e+00  -2.538780e+00  6.429189e-04  7.620394e+04  1.357696e+00  1.034618e+05  1.126215e-05  1.253295e-04
    61  -2.529371e+00  -2.532500e+00  6.707104e-04  7.606693e+04  1.356947e+00  1.032188e+05  1.128555e-05  1.254769e-04
    62  -2.523089e+00  -2.526219e+00  6.996861e-04  7.592619e+04  1.356177e+00  1.029694e+05  1.130968e-05  1.256288e-04
    63  -2.516806e+00  -2.519936e+00  7.298974e-04  7.578163e+04  1.355385e+00  1.027133e+05  1.133456e-05  1.257853e-04
    64  -2.510521e+00  -2.513652e+00  7.613962e-04  7.563314e+04  1.354571e+00  1.024505e+05  1.136023e-05  1.259466e-04
    65  -2.504234e+00  -2.507366e+00  7.942322e-04  7.548064e+04  1.353734e+00  1.021807e+05  1.138670e-05  1.261127e-04
    66  -2.497945e+00  -2.501078e+00  8.284723e-04  7.532401e+04  1.352873e+00  1.019038e+05  1.141400e-05  1.262839e-04
    67  -2.491654e+00  -2.494788e+00  8.641640e-04  7.516314e+04  1.351988e+00  1.016197e+05  1.144218e-05  1.264604e-04
    68  -2.485362e+00  -2.488496e+00  9.013664e-04  7.499797e+04  1.351078e+00  1.013281e+05  1.147124e-05  1.266422e-04
    69  -2.479067e+00  -2.482203e+00  9.401486e-04  7.482837e+04  1.350142e+00  1.010289e+05  1.150122e-05  1.268295e-04
    70  -2.472770e+00  -2.475907e+00  9.805784e-04  7.465421e+04  1.349180e+00  1.007220e+05  1.153216e-05  1.270227e-04
    71  -2.466470e+00  -2.469609e+00  1.022722e-03  7.447538e+04  1.348190e+00  1.004070e+05  1.156409e-05  1.272217e-04
    72  -2.460168e+00  -2.463308e+00  1.066645e-03  7.429180e+04  1.347173e+00  1.000839e+05  1.159705e-05  1.274269e-04
    73  -2.453865e+00  -2.457005e+00  1.112418e-03  7.410335e+04  1.346128e+00  9.975255e+04  1.163105e-05  1.276384e-04
    74  -2.447559e+00  -2.450700e+00  1.160127e-03  7.390990e+04  1.345052e+00  9.941269e+04  1.166616e-05  1.278564e-04
    75  -2.441250e+00  -2.444393e+00  1.209843e-03  7.371134e+04  1.343947e+00  9.906415e+04  1.170239e-05  1.280811e-04
    76  -2.434938e+00  -2.438083e+00  1.261660e-03  7.350754e+04  1.342811e+00  9.870674e+04  1.173980e-05  1.283128e-04
    77  -2.428624e+00  -2.431770e+00  1.315650e-03  7.329838e+04  1.341643e+00  9.834026e+04  1.177842e-05  1.285516e-04
    78  -2.422307e+00  -2.425454e+00  1.371910e-03  7.308375e+04  1.340442e+00  9.796454e+04  1.181830e-05  1.287979e-04
    79  -2.415986e+00  -2.419135e+00  1.430537e-03  7.286349e+04  1.339208e+00  9.757936e+04  1.185949e-05  1.290519e-04
    80  -2.409663e+00  -2.412813e+00  1.491613e-03  7.263750e+04  1.337939e+00  9.718455e+04  1.190203e-05  1.293137e-04
    81  -2.403336e+00  -2.406488e+00  1.555254e-03  7.240564e+04  1.336635e+00  9.677991e+04  1.194596e-05  1.295838e-04
    82  -2.397005e+00  -2.400159e+00  1.621555e-03  7.216777e+04  1.335294e+00  9.636521e+04  1.199135e-05  1.298623e-04
    83  -2.390671e+00  -2.393827e+00  1.690622e-03  7.192376e+04  1.333916e+00  9.594028e+04  1.203825e-05  1.301496e-04
    84  -2.384334e+00  -2.387491e+00  1.762572e-03  7.167349e+04  1.332500e+00  9.550493e+04  1.208670e-05  1.304459e-04
    85  -2.377992e+00  -2.381151e+00  1.837521e-03  7.141679e+04  1.331044e+00  9.505892e+04  1.213678e-05  1.307515e-04
    86  -2.371646e+00  -2.374807e+00  1.915590e-03  7.115353e+04  1.329548e+00  9.460206e+04  1.218853e-05  1.310669e-04
    87  -2.365296e+00  -2.368460e+00  1.996900e-03  7.088357e+04  1.328011e+00  9.413415e+04  1.224203e-05  1.313922e-04
    88  -2.358942e+00  -2.362108e+00  2.081586e-03  7.060677e+04  1.326431e+00  9.365499e+04  1.229735e-05  1.317279e-04
    89  -2.352583e+00  -2.355751e+00  2.169788e-03  7.032297e+04  1.324807e+00  9.316434e+04  1.235454e-05  1.320743e-04
    90  -2.346218e+00  -2.349389e+00  2.261641e-03  7.003201e+04  1.323138e+00  9.266200e+04  1.241369e-05  1.324318e-04
    91  -2.339849e+00  -2.343022e+00  2.357288e-03  6.973377e+04  1.321423e+00  9.214779e+04  1.247487e-05  1.328008e-04
    92  -2.333475e+00  -2.336650e+00  2.456877e-03  6.942810e+04  1.319660e+00  9.162152e+04  1.253815e-05  1.331817e-04
    93  -2.327095e+00  -2.330273e+00  2.560586e-03  6.911482e+04  1.317849e+00  9.108293e+04  1.260364e-05  1.335749e-04
    94  -2.320710e+00  -2.323891e+00  2.668544e-03  6.879380e+04  1.315989e+00  9.053185e+04  1.267140e-05  1.339808e-04
    95  -2.314318e+00  -2.317502e+00  2.780947e-03  6.846488e+04  1.314077e+00  8.996810e+04  1.274154e-05  1.343999e-04
    96  -2.307921e+00  -2.311108e+00  2.897949e-03  6.812790e+04  1.312112e+00  8.939145e+04  1.281414e-05  1.348327e-04
    97  -2.301517e+00  -2.304708e+00  3.019750e-03  6.778272e+04  1.310094e+00  8.880171e+04  1.288932e-05  1.352797e-04
    98  -2.295107e+00  -2.298300e+00  3.146529e-03  6.742915e+04  1.308020e+00  8.819867e+04  1.296717e-05  1.357414e-04
    99  -2.288690e+00  -2.291887e+00  3.278481e-03  6.706705e+04  1.305889e+00  8.758214e+04  1.304781e-05  1.362183e-04
   100  -2.282265e+00  -2.285466e+00  3.415810e-03  6.669626e+04  1.303700e+00  8.695194e+04  1.313136e-05  1.367111e-04
   101  -2.275833e+00  -2.279037e+00  3.558731e-03  6.631660e+04  1.301452e+00  8.630786e+04  1.321794e-05  1.372202e-04
   102  -2.269393e+00  -2.272601e+00  3.707443e-03  6.592794e+04  1.299142e+00  8.564974e+04  1.330768e-05  1.377464e-04
   103  -2.262945e+00  -2.266157e+00  3.862193e-03  6.553011e+04  1.296769e+00  8.497739e+04  1.340071e-05  1.382903e-04
   104  -2.256488e+00  -2.259705e+00  4.023197e-03  6.512293e+04  1.294331e+00  8.429063e+04  1.349719e-05  1.388525e-04
   105  -2.250023e+00  -2.253244e+00  4.190697e-03  6.470628e+04  1.291827e+00  8.358932e+04  1.359726e-05  1.394337e-04
   106  -2.243548e+00  -2.246774e+00  4.364955e-03  6.427997e+04  1.289255e+00  8.287328e+04  1.370108e-05  1.400348e-04
   107  -2.237064e+00  -2.240294e+00  4.546218e-03  6.384385e+04  1.286613e+00  8.214234e+04  1.380883e-05  1.406565e-04
   108  -2.230570e+00  -2.233805e+00  4.734748e-03  6.339777e+04  1.283900e+00  8.139639e+04  1.392068e-05  1.412995e-04
   109  -2.224066e+00  -2.227306e+00  4.930837e-03  6.294157e+04  1.281113e+00  8.063528e+04  1.403682e-05  1.419648e-04
   110  -2.217550e+00  -2.220796e+00  5.134764e-03  6.247508e+04  1.278251e+00  7.985885e+04  1.415745e-05  1.426533e-04
   111  -2.211024e+00  -2.214275e+00  5.346829e-03  6.199816e+04  1.275312e+00  7.906699e+04  1.428279e-05  1.433658e-04
   112  -2.204485e+00  -2.207742e+00  5.567324e-03  6.151067e+04  1.272293e+00  7.825961e+04  1.441305e-05  1.441035e-04
   113  -2.197935e+00  -2.201198e+00  5.796581e-03  6.101245e+04  1.269193e+00  7.743660e+04  1.454848e-05  1.448672e-04
   114  -2.191372e+00  -2.194641e+00  6.034915e-03  6.050337e+04  1.266010e+00  7.659788e+04  1.468932e-05  1.456582e-04
   115  -2.184795e+00  -2.188071e+00  6.282676e-03  5.998327e+04  1.262741e+00  7.574337e+04  1.483586e-05  1.464775e-04
   116  -2.178205e+00  -2.181487e+00  6.540210e-03  5.945202e+04  1.259385e+00  7.487298e+04  1.498836e-05  1.473264e-04
   117  -2.171600e+00  -2.174890e+00  6.807874e-03  5.890949e+04  1.255938e+00  7.398670e+04  1.514714e-05  1.482062e-04
   118  -2.164980e+00  -2.168277e+00  7.086044e-03  5.835555e+04  1.252400e+00  7.308448e+04  1.531251e-05  1.491182e-04
   119  -2.158345e+00  -2.161650e+00  7.375103e-03  5.779008e+04  1.248766e+00  7.216631e+04  1.548482e-05  1.500638e-04
   120  -2.151693e+00  -2.155006e+00  7.675455e-03  5.721295e+04  1.245036e+00  7.123219e+04  1.566443e-05  1.510446e-04
   121  -2.145024e+00  -2.148346e+00  7.987504e-03  5.662405e+04  1.241206e+00  7.028213e+04  1.585174e-05  1.520620e-04
   122  -2.138338e+00  -2.141668e+00  8.311671e-03  5.602329e+04  1.237274e+00  6.931619e+04  1.604717e-05  1.531179e-04
   123  -2.131632e+00  -2.134972e+00  8.648426e-03  5.541054e+04  1.233238e+00  6.833438e+04  1.625115e-05  1.542139e-04
   124  -2.124908e+00  -2.128257e+00  8.998165e-03  5.478573e+04  1.229094e+00  6.733681e+04  1.646418e-05  1.553521e-04
   125  -2.118164e+00  -2.121523e+00  9.361386e-03  5.414880e+04  1.224840e+00  6.632362e+04  1.668674e-05  1.565342e-04
   126  -2.111399e+00  -2.114768e+00  9.738557e-03  5.349965e+04  1.220473e+00  6.529490e+04  1.691940e-05  1.577624e-04
   127  -2.104612e+00  -2.107992e+00  1.013019e-02  5.283822e+04  1.215991e+00  6.425081e+04  1.716274e-05  1.590391e-04
   128  -2.097802e+00  -2.101193e+00  1.053678e-02  5.216445e+04  1.211390e+00  6.319149e+04  1.741740e-05  1.603666e-04
   129  -2.090968e+00  -2.094371e+00  1.095886e-02  5.147830e+04  1.206667e+00  6.211718e+04  1.768406e-05  1.617474e-04
   130  -2.084109e+00  -2.087525e+00  1.139696e-02  5.077974e+04  1.201820e+00  6.102809e+04  1.796346e-05  1.631843e-04
   131  -2.077224e+00  -2.080653e+00  1.185164e-02  5.006876e+04  1.196844e+00  5.992451e+04  1.825637e-05  1.646801e-04
   132  -2.070312e+00  -2.073755e+00  1.232348e-02  4.934534e+04  1.191738e+00  5.880670e+04  1.856366e-05  1.662378e-04
   133  -2.063372e+00  -2.066828e+00  1.281308e-02  4.860949e+04  1.186496e+00  5.767498e+04  1.888625e-05  1.678609e-04
   134  -2.056402e+00  -2.059873e+00  1.332102e-02  4.786124e+04  1.181117e+00  5.652972e+04  1.922514e-05  1.695527e-04
   135  -2.049401e+00  -2.052887e+00  1.384795e-02  4.710063e+04  1.175596e+00  5.537132e+04  1.958142e-05  1.713171e-04
   136  -2.042367e+00  -2.045870e+00  1.439450e-02  4.632771e+04  1.169930e+00  5.420017e+04  1.995626e-05  1.731581e-04
   137  -2.035300e+00  -2.038819e+00  1.496132e-02  4.554256e+04  1.164115e+00  5.301676e+04  2.035095e-05  1.750801e-04
   138  -2.028196e+00  -2.031733e+00  1.554911e-02  4.474527e+04  1.158147e+00  5.182158e+04  2.076687e-05  1.770875e-04
   139  -2.021056e+00  -2.024611e+00  1.615855e-02  4.393595e+04  1.152022e+00  5.061517e+04  2.120555e-05  1.791855e-04
   140  -2.013876e+00  -2.017451e+00  1.679038e-02  4.311474e+04  1.145736e+00  4.939810e+04  2.166866e-05  1.813795e-04
   141  -2.006655e+00  -2.010251e+00  1.744530e-02  4.228178e+04  1.139285e+00  4.817100e+04  2.215800e-05  1.836752e-04
   142  -1.999392e+00  -2.003008e+00  1.812408e-02  4.143727e+04  1.132664e+00  4.693453e+04  2.267557e-05  1.860789e-04
   143  -1.992083e+00  -1.995722e+00  1.882751e-02  4.058140e+04  1.125870e+00  4.568939e+04  2.322356e-05  1.885974e-04
   144  -1.984727e+00  -1.988390e+00  1.955637e-02  3.971440e+04  1.118897e+00  4.443632e+04  2.380438e-05  1.912380e-04
   145  -1.977321e+00  -1.981008e+00  2.031146e-02  3.883653e+04  1.111740e+00  4.317614e+04  2.442069e-05  1.940088e-04
   146  -1.969863e+00  -1.973576e+00  2.109364e-02  3.794807e+04  1.104396e+00  4.190968e+04  2.507541e-05  1.969183e-04
   147  -1.962350e+00  -1.966090e+00  2.190376e-02  3.704932e+04  1.096857e+00  4.063781e+04  2.577180e-05  1.999761e-04
   148  -1.954779e+00  -1.958548e+00  2.274267e-02  3.614064e+04  1.089120e+00  3.936149e+04  2.651345e-05  2.031924e-04
   149  -1.947147e+00  -1.950946e+00  2.361129e-02  3.522242e+04  1.081178e+00  3.808171e+04  2.730437e-05  2.065785e-04
   150  -1.939451e+00  -1.943282e+00  2.451054e-02  3.429504e+04  1.073027e+00  3.679949e+04  2.814903e-05  2.101466e-04
   151  -1.931687e+00  -1.935551e+00  2.544136e-02  3.335895e+04  1.064659e+00  3.551590e+04  2.905243e-05  2.139104e-04
   152  -1.923851e+00  -1.927751e+00  2.640469e-02  3.241464e+04  1.056069e+00  3.423209e+04  3.002014e-05  2.178846e-04
   153  -1.915940e+00  -1.919878e+00  2.740152e-02  3.146264e+04  1.047250e+00  3.294924e+04  3.105845e-05  2.220857e-04
   154  -1.907949e+00  -1.911926e+00  2.843287e-02  3.050349e+04  1.038195e+00  3.166858e+04  3.217444e-05  2.265317e-04
   155  -1.899873e+00  -1.903892e+00  2.949974e-02  2.953780e+04  1.028898e+00  3.039139e+04  3.337610e-05  2.312427e-04
   156  -1.891707e+00  -1.895771e+00  3.060319e-02  2.856621e+04  1.019351e+00  2.911901e+04  3.467252e-05  2.362408e-04
   157  -1.883446e+00  -1.887557e+00  3.174428e-02  2.758942e+04  1.009546e+00  2.785280e+04  3.607399e-05  2.415510e-04
   158  -1.875084e+00  -1.879245e+00  3.292412e-02  2.660816e+04  9.994756e-01  2.659421e+04  3.759231e-05  2.472007e-04
   159  -1.866614e+00  -1.870828e+00  3.414379e-02  2.562322e+04  9.891301e-01  2.534469e+04  3.924096e-05  2.532210e-04
   160  -1.858029e+00  -1.862300e+00  3.540444e-02  2.463542e+04  9.785009e-01  2.410578e+04  4.103547e-05  2.596466e-04
   161  -1.849322e+00  -1.853654e+00  3.670722e-02  2.364567e+04  9.675783e-01  2.287903e+04  4.299375e-05  2.665167e-04
   162  -1.840484e+00  -1.844881e+00  3.805332e-02  2.265489e+04  9.563521e-01  2.166605e+04  4.513663e-05  2.738756e-04
   163  -1.831507e+00  -1.835973e+00  3.944390e-02  2.166410e+04  9.448114e-01  2.046849e+04  4.748831e-05  2.817736e-04
   164  -1.822379e+00  -1.826919e+00  4.088021e-02  2.067435e+04  9.329446e-01  1.928803e+04  5.007721e-05  2.902681e-04
   165  -1.813091e+00  -1.817710e+00  4.236348e-02  1.968676e+04  9.207391e-01  1.812637e+04  5.293677e-05  2.994248e-04
   166  -1.803628e+00  -1.808334e+00  4.389496e-02  1.870251e+04  9.081817e-01  1.698528e+04  5.610656e-05  3.093192e-04
   167  -1.793979e+00  -1.798777e+00  4.547592e-02  1.772285e+04  8.952580e-01  1.586653e+04  5.963377e-05  3.200386e-04
   168  -1.784127e+00  -1.789025e+00  4.710768e-02  1.674910e+04  8.819523e-01  1.477191e+04  6.357495e-05  3.316844e-04
   169  -1.774055e+00  -1.779062e+00  4.879156e-02  1.578263e+04  8.682475e-01  1.370323e+04  6.799843e-05  3.443752e-04
   170  -1.763745e+00  -1.768869e+00  5.052886e-02  1.482491e+04  8.541255e-01  1.266233e+04  7.298726e-05  3.582502e-04
   171  -1.753174e+00  -1.758427e+00  5.232095e-02  1.387749e+04  8.395659e-01  1.165107e+04  7.864330e-05  3.734741e-04
   172  -1.742317e+00  -1.747712e+00  5.416922e-02  1.294197e+04  8.245464e-01  1.067125e+04  8.509269e-05  3.902434e-04
   173  -1.731148e+00  -1.736697e+00  5.607503e-02  1.202004e+04  8.090423e-01  9.724724e+03  9.249288e-05  4.087941e-04
   174  -1.719631e+00  -1.725351e+00  5.803982e-02  1.111351e+04  7.930261e-01  8.813300e+03  1.010428e-04  4.294118e-04
   175  -1.707732e+00  -1.713641e+00  6.006498e-02  1.022422e+04  7.764670e-01  7.938770e+03  1.109962e-04  4.524459e-04
   176  -1.695404e+00  -1.701524e+00  6.215198e-02  9.354158e+03  7.593302e-01  7.102895e+03  1.226817e-04  4.783277e-04
   177  -1.682597e+00  -1.688954e+00  6.430225e-02  8.505383e+03  7.415762e-01  6.307390e+03  1.365300e-04  5.075963e-04
   178  -1.669250e+00  -1.675872e+00  6.651726e-02  7.680065e+03  7.231597e-01  5.553914e+03  1.531151e-04  5.409333e-04
   179  -1.655287e+00  -1.662212e+00  6.879851e-02  6.880479e+03  7.040282e-01  4.844051e+03  1.732153e-04  5.792138e-04
   180  -1.640619e+00  -1.647891e+00  7.114747e-02  6.109020e+03  6.841202e-01  4.179304e+03  1.979075e-04  6.235787e-04
   181  -1.625136e+00  -1.632808e+00  7.356565e-02  5.368212e+03  6.633635e-01  3.561076e+03  2.287149e-04  6.755424e-04
   182  -1.608697e+00  -1.616839e+00  7.605458e-02  4.660706e+03  6.416708e-01  2.990639e+03  2.678503e-04  7.371592e-04
   183  -1.591126e+00  -1.599823e+00  7.861579e-02  3.989295e+03  6.189363e-01  2.469120e+03  3.186257e-04  8.112827e-04
   184  -1.572190e+00  -1.581555e+00  8.125079e-02  3.356945e+03  5.950288e-01  1.997479e+03  3.861773e-04  9.019909e-04
   185  -1.551578e+00  -1.561762e+00  8.396115e-02  2.766794e+03  5.697821e-01  1.576470e+03  4.788161e-04  1.015314e-03
   186  -1.528859e+00  -1.540070e+00  8.674840e-02  2.222184e+03  5.429802e-01  1.206602e+03  6.107000e-04  1.160543e-03
   187  -1.503411e+00  -1.515949e+00  8.961413e-02  1.726693e+03  5.143336e-01  8.880963e+02  8.075370e-04  1.352737e-03
   188  -1.474292e+00  -1.488608e+00  9.255987e-02  1.284180e+03  4.834374e-01  6.208204e+02  1.119964e-03  1.617932e-03
   189  -1.439973e+00  -1.456794e+00  9.558720e-02  8.988457e+02  4.496942e-01  4.042057e+02  1.659037e-03  2.005128e-03
   190  -1.397733e+00  -1.418339e+00  9.869768e-02  5.753180e+02  4.121519e-01  2.371184e+02  2.707469e-03  2.617946e-03
   191  -1.342041e+00  -1.368995e+00  1.018929e-01  3.187702e+02  3.691041e-01  1.176594e+02  5.163544e-03  3.716464e-03
   192  -1.259050e+00  -1.298566e+00  1.051744e-01  1.350606e+02  3.168312e-01  4.279143e+01  1.315398e-02  6.162613e-03
   193  -1.101020e+00  -1.172886e+00  1.085438e-01  3.057350e+01  2.440513e-01  7.461502e+00  6.620858e-02  1.475809e-02
   194  -7.176500e-01  -8.683390e-01  1.120026e-01  1.588105e+00  1.309509e-01  2.079638e-01  1.740069e+00  8.839942e-02
   195  -7.419613e-02  -2.862853e-01  1.155524e-01  1.799050e-02  5.704955e-02  1.026350e-03  2.327184e+02  1.258333e+00
   196  3.427332e-01  1.824899e-01  1.191948e-01  1.084914e-03  4.919034e-02  5.336731e-05  4.155896e+03  5.518304e+00
   197  4.900767e-01  4.226239e-01  1.229312e-01  5.944455e-04  4.231192e-02  2.515213e-05  8.178178e+03  8.038145e+00
   198  5.735963e-01  5.338411e-01  1.267634e-01  4.987939e-04  3.890557e-02  1.940586e-05  1.016419e+04  9.151173e+00
   199  6.317361e-01  6.036384e-01  1.306927e-01  4.536444e-04  3.699464e-02  1.678241e-05  1.146080e+04  9.840475e+00
   200  6.763702e-01  6.546263e-01  1.347208e-01  4.259264e-04  3.567708e-02  1.519581e-05  1.242999e+04  1.034145e+01
   201  7.126404e-01  6.948839e-01  1.388490e-01  4.067718e-04  3.465236e-02  1.409560e-05  1.320635e+04  1.073746e+01
   202  7.432357e-01  7.282074e-01  1.430790e-01  3.925104e-04  3.380290e-02  1.326799e-05  1.385708e+04  1.106728e+01
   203  7.697365e-01  7.566882e-01  1.474123e-01  3.813062e-04  3.307281e-02  1.261087e-05  1.442084e+04  1.135196e+01
   204  7.931496e-01  7.816008e-01  1.518502e-01  3.721403e-04  3.243042e-02  1.206867e-05  1.492165e+04  1.160416e+01
   205  8.141540e-01  8.037788e-01  1.563943e-01  3.644056e-04  3.185540e-02  1.160828e-05  1.537530e+04  1.183203e+01
   206  8.332290e-01  8.237962e-01  1.610460e-01  3.577180e-04  3.133363e-02  1.120861e-05  1.579261e+04  1.204114e+01
   207  8.507249e-01  8.420650e-01  1.658067e-01  3.518226e-04  3.085493e-02  1.085546e-05  1.618132e+04  1.223543e+01
   208  8.669051e-01  8.588903e-01  1.706778e-01  3.465424e-04  3.041168e-02  1.053894e-05  1.654716e+04  1.241780e+01
   209  8.819727e-01  8.745042e-01  1.756607e-01  3.417500e-04  2.999814e-02  1.025187e-05  1.689446e+04  1.259047e+01
   210  8.960873e-01  8.890873e-01  1.807567e-01  3.373508e-04  2.960985e-02  9.988908e-06  1.722662e+04  1.275511e+01
   211  9.093769e-01  9.027829e-01  1.859671e-01  3.332730e-04  2.924330e-02  9.746002e-06  1.754635e+04  1.291308e+01
   212  9.219452e-01  9.157065e-01  1.912933e-01  3.294605e-04  2.889570e-02  9.519992e-06  1.785583e+04  1.306547e+01
   213  9.338779e-01  9.279526e-01  1.967366e-01  3.258692e-04  2.856478e-02  9.308382e-06  1.815688e+04  1.321314e+01
   214  9.452463e-01  9.395993e-01  2.022981e-01  3.224635e-04  2.824868e-02  9.109168e-06  1.845102e+04  1.335685e+01
   215  9.561102e-01  9.507122e-01  2.079790e-01  3.192145e-04  2.794586e-02  8.920722e-06  1.873953e+04  1.349719e+01
   216  9.665207e-01  9.613466e-01  2.137806e-01  3.160985e-04  2.765500e-02  8.741705e-06  1.902351e+04  1.363469e+01
   217  9.765214e-01  9.715499e-01  2.197041e-01  3.130957e-04  2.737502e-02  8.571001e-06  1.930393e+04  1.376980e+01
   218  9.861500e-01  9.813624e-01  2.257504e-01  3.101897e-04  2.710495e-02  8.407676e-06  1.958161e+04  1.390290e+01
   219  9.954393e-01  9.908195e-01  2.319208e-01  3.073663e-04  2.684400e-02  8.250940e-06  1.985730e+04  1.403433e+01
   220  1.004418e+00  9.999517e-01  2.382162e-01  3.046138e-04  2.659144e-02  8.100118e-06  2.013166e+04  1.416438e+01
   221  1.013111e+00  1.008786e+00  2.446377e-01  3.019219e-04  2.634665e-02  7.954631e-06  2.040529e+04  1.429332e+01
   222  1.021540e+00  1.017346e+00  2.511862e-01  2.992818e-04  2.610910e-02  7.813978e-06  2.067873e+04  1.442139e+01
   223  1.029726e+00  1.025653e+00  2.578626e-01  2.966858e-04  2.587830e-02  7.677727e-06  2.095247e+04  1.454879e+01
   224  1.037687e+00  1.033725e+00  2.646680e-01  2.941275e-04  2.565383e-02  7.545496e-06  2.122698e+04  1.467572e+01
   225  1.045437e+00  1.041579e+00  2.716031e-01  2.916008e-04  2.543530e-02  7.416955e-06  2.150269e+04  1.480234e+01
   226  1.052991e+00  1.049230e+00  2.786687e-01  2.891009e-04  2.522237e-02  7.291810e-06  2.177999e+04  1.492882e+01
   227  1.060362e+00  1.056692e+00  2.858656e-01  2.866231e-04  2.501474e-02  7.169803e-06  2.205925e+04  1.505531e+01
   228  1.067562e+00  1.063977e+00  2.931946e-01  2.841635e-04  2.481213e-02  7.050702e-06  2.234085e+04  1.518193e+01
   229  1.074601e+00  1.071096e+00  3.006563e-01  2.817187e-04  2.461428e-02  6.934304e-06  2.262511e+04  1.530882e+01
   230  1.081489e+00  1.078059e+00  3.082514e-01  2.792856e-04  2.442097e-02  6.820425e-06  2.291237e+04  1.543610e+01
   231  1.088235e+00  1.084875e+00  3.159805e-01  2.768614e-04  2.423199e-02  6.708902e-06  2.320294e+04  1.556387e+01
   232  1.094847e+00  1.091553e+00  3.238442e-01  2.744437e-04  2.404714e-02  6.599588e-06  2.349714e+04  1.569224e+01
   233  1.101331e+00  1.098101e+00  3.318430e-01  2.720305e-04  2.386626e-02  6.492350e-06  2.379525e+04  1.582130e+01
   234  1.107696e+00  1.104525e+00  3.399773e-01  2.696197e-04  2.368918e-02  6.387069e-06  2.409758e+04  1.595117e+01
   235  1.113947e+00  1.110833e+00  3.482476e-01  2.672098e-04  2.351575e-02  6.283638e-06  2.440441e+04  1.608191e+01
   236  1.120090e+00  1.117030e+00  3.566544e-01  2.647993e-04  2.334583e-02  6.181959e-06  2.471602e+04  1.621363e+01
   237  1.126131e+00  1.123121e+00  3.651978e-01  2.623869e-04  2.317929e-02  6.081942e-06  2.503271e+04  1.634640e+01
   238  1.132075e+00  1.129113e+00  3.738783e-01  2.599715e-04  2.301602e-02  5.983509e-06  2.535474e+04  1.648031e+01
   239  1.137926e+00  1.135011e+00  3.826961e-01  2.575522e-04  2.285589e-02  5.886585e-06  2.568240e+04  1.661543e+01
   240  1.143689e+00  1.140817e+00  3.916514e-01  2.551282e-04  2.269881e-02  5.791105e-06  2.601597e+04  1.675184e+01
   241  1.149368e+00  1.146538e+00  4.007443e-01  2.526987e-04  2.254467e-02  5.697008e-06  2.635573e+04  1.688962e+01
   242  1.154967e+00  1.152177e+00  4.099751e-01  2.502632e-04  2.239338e-02  5.604239e-06  2.670196e+04  1.702884e+01
   243  1.160489e+00  1.157737e+00  4.193438e-01  2.478212e-04  2.224486e-02  5.512747e-06  2.705495e+04  1.716956e+01
   244  1.165938e+00  1.163222e+00  4.288503e-01  2.453724e-04  2.209901e-02  5.422486e-06  2.741498e+04  1.731187e+01
   245  1.171317e+00  1.168636e+00  4.384948e-01  2.429165e-04  2.195576e-02  5.333416e-06  2.778234e+04  1.745583e+01
   246  1.176629e+00  1.173981e+00  4.482772e-01  2.404533e-04  2.181503e-02  5.245496e-06  2.815732e+04  1.760151e+01
   247  1.181877e+00  1.179261e+00  4.581974e-01  2.379827e-04  2.167675e-02  5.158692e-06  2.854023e+04  1.774898e+01
   248  1.187063e+00  1.184478e+00  4.682552e-01  2.355047e-04  2.154085e-02  5.072972e-06  2.893137e+04  1.789831e+01
   249  1.192191e+00  1.189635e+00  4.784506e-01  2.330194e-04  2.140726e-02  4.988306e-06  2.933104e+04  1.804956e+01
   250  1.197261e+00  1.194733e+00  4.887832e-01  2.305267e-04  2.127592e-02  4.904668e-06  2.973956e+04  1.820281e+01
   251  1.202278e+00  1.199777e+00  4.992529e-01  2.280270e-04  2.114676e-02  4.822033e-06  3.015725e+04  1.835812e+01
   252  1.207242e+00  1.204767e+00  5.098594e-01  2.255205e-04  2.101973e-02  4.740379e-06  3.058444e+04  1.851556e+01
   253  1.212157e+00  1.209707e+00  5.206023e-01  2.230073e-04  2.089476e-02  4.659684e-06  3.102146e+04  1.867519e+01
   254  1.217023e+00  1.214597e+00  5.314812e-01  2.204879e-04  2.077180e-02  4.579930e-06  3.146865e+04  1.883709e+01
   255  1.221843e+00  1.219440e+00  5.424959e-01  2.179626e-04  2.065079e-02  4.501101e-06  3.192637e+04  1.900133e+01
   256  1.226619e+00  1.224237e+00  5.536457e-01  2.154319e-04  2.053168e-02  4.423179e-06  3.239498e+04  1.916796e+01
   257  1.231352e+00  1.228992e+00  5.649304e-01  2.128961e-04  2.041442e-02  4.346151e-06  3.287485e+04  1.933708e+01
   258  1.236043e+00  1.233704e+00  5.763493e-01  2.103558e-04  2.029896e-02  4.270003e-06  3.336635e+04  1.950874e+01
   259  1.240696e+00  1.238376e+00  5.879020e-01  2.078115e-04  2.018524e-02  4.194723e-06  3.386988e+04  1.968301e+01
   260  1.245310e+00  1.243009e+00  5.995879e-01  2.052637e-04  2.007321e-02  4.120301e-06  3.438583e+04  1.985998e+01
   261  1.249888e+00  1.247605e+00  6.114063e-01  2.027130e-04  1.996283e-02  4.046726e-06  3.491462e+04  2.003971e+01
   262  1.254430e+00  1.252165e+00  6.233566e-01  2.001600e-04  1.985405e-02  3.973988e-06  3.545667e+04  2.022227e+01
   263  1.258939e+00  1.256690e+00  6.354383e-01  1.976054e-04  1.974683e-02  3.902081e-06  3.601243e+04  2.040775e+01
   264  1.263415e+00  1.261183e+00  6.476505e-01  1.950498e-04  1.964111e-02  3.830994e-06  3.658234e+04  2.059622e+01
   265  1.267859e+00  1.265643e+00  6.599927e-01  1.924939e-04  1.953684e-02  3.760723e-06  3.716686e+04  2.078776e+01
   266  1.272274e+00  1.270072e+00  6.724639e-01  1.899382e-04  1.943400e-02  3.691259e-06  3.776648e+04  2.098244e+01
   267  1.276659e+00  1.274472e+00  6.850636e-01  1.873836e-04  1.933252e-02  3.622598e-06  3.838169e+04  2.118035e+01
   268  1.281016e+00  1.278843e+00  6.977908e-01  1.848308e-04  1.923237e-02  3.554733e-06  3.901301e+04  2.138158e+01
   269  1.285347e+00  1.283187e+00  7.106448e-01  1.822803e-04  1.913350e-02  3.487660e-06  3.966095e+04  2.158620e+01
   270  1.289651e+00  1.287504e+00  7.236247e-01  1.797330e-04  1.903587e-02  3.421373e-06  4.032607e+04  2.179431e+01
   271  1.293931e+00  1.291796e+00  7.367296e-01  1.771896e-04  1.893943e-02  3.355870e-06  4.100892e+04  2.200598e+01
   272  1.298186e+00  1.296064e+00  7.499587e-01  1.746508e-04  1.884415e-02  3.291145e-06  4.171010e+04  2.222131e+01
   273  1.302419e+00  1.300307e+00  7.633112e-01  1.721172e-04  1.874998e-02  3.227195e-06  4.243021e+04  2.244040e+01
   274  1.306629e+00  1.304529e+00  7.767859e-01  1.695898e-04  1.865688e-02  3.164017e-06  4.316987e+04  2.266334e+01
   275  1.310818e+00  1.308729e+00  7.903821e-01  1.670691e-04  1.856482e-02  3.101607e-06  4.392974e+04  2.289022e+01
   276  1.314987e+00  1.312907e+00  8.040988e-01  1.645559e-04  1.847374e-02  3.039962e-06  4.471047e+04  2.312114e+01
   277  1.319136e+00  1.317066e+00  8.179349e-01  1.620508e-04  1.838361e-02  2.979079e-06  4.551278e+04  2.335620e+01
   278  1.323266e+00  1.321206e+00  8.318895e-01  1.595547e-04  1.829439e-02  2.918956e-06  4.633737e+04  2.359552e+01
   279  1.327378e+00  1.325327e+00  8.459616e-01  1.570682e-04  1.820604e-02  2.859590e-06  4.718500e+04  2.383918e+01
   280  1.331473e+00  1.329430e+00  8.601502e-01  1.545920e-04  1.811853e-02  2.800978e-06  4.805645e+04  2.408731e+01
   281  1.335551e+00  1.333517e+00  8.744542e-01  1.521267e-04  1.803180e-02  2.743118e-06  4.895252e+04  2.434002e+01
   282  1.339614e+00  1.337587e+00  8.888727e-01  1.496730e-04  1.794584e-02  2.686008e-06  4.987404e+04  2.459742e+01
   283  1.343661e+00  1.341642e+00  9.034045e-01  1.472317e-04  1.786059e-02  2.629644e-06  5.082190e+04  2.485964e+01
   284  1.347694e+00  1.345683e+00  9.180486e-01  1.448032e-04  1.777603e-02  2.574025e-06  5.179699e+04  2.512678e+01
   285  1.351713e+00  1.349709e+00  9.328039e-01  1.423882e-04  1.769211e-02  2.519148e-06  5.280026e+04  2.539899e+01
   286  1.355719e+00  1.353721e+00  9.476693e-01  1.399874e-04  1.760881e-02  2.465012e-06  5.383268e+04  2.567638e+01
   287  1.359713e+00  1.357721e+00  9.626437e-01  1.376013e-04  1.752608e-02  2.411612e-06  5.489527e+04  2.595909e+01
   288  1.363694e+00  1.361708e+00  9.777261e-01  1.352305e-04  1.744390e-02  2.358947e-06  5.598910e+04  2.624727e+01
   289  1.367665e+00  1.365684e+00  9.929154e-01  1.328755e-04  1.736223e-02  2.307015e-06  5.711527e+04  2.654105e+01
   290  1.371624e+00  1.369649e+00  1.008210e+00  1.305369e-04  1.728103e-02  2.255813e-06  5.827493e+04  2.684057e+01
   291  1.375574e+00  1.373604e+00  1.023610e+00  1.282152e-04  1.720029e-02  2.205338e-06  5.946928e+04  2.714599e+01
   292  1.379514e+00  1.377548e+00  1.039113e+00  1.259108e-04  1.711996e-02  2.155588e-06  6.069958e+04  2.745746e+01
   293  1.383445e+00  1.381484e+00  1.054718e+00  1.236242e-04  1.704002e-02  2.106559e-06  6.196713e+04  2.777515e+01
   294  1.387368e+00  1.385411e+00  1.070425e+00  1.213559e-04  1.696044e-02  2.058250e-06  6.327330e+04  2.809922e+01
   295  1.391282e+00  1.389329e+00  1.086232e+00  1.191063e-04  1.688120e-02  2.010657e-06  6.461951e+04  2.842983e+01
   296  1.395190e+00  1.393240e+00  1.102138e+00  1.168758e-04  1.680226e-02  1.963777e-06  6.600725e+04  2.876717e+01
   297  1.399090e+00  1.397145e+00  1.118142e+00  1.146647e-04  1.672360e-02  1.917607e-06  6.743808e+04  2.911142e+01
   298  1.402985e+00  1.401042e+00  1.134242e+00  1.124735e-04  1.664520e-02  1.872144e-06  6.891363e+04  2.946277e+01
   299  1.406874e+00  1.404934e+00  1.150438e+00  1.103025e-04  1.656704e-02  1.827385e-06  7.043561e+04  2.982141e+01
   300  1.410757e+00  1.408820e+00  1.166729e+00  1.081519e-04  1.648909e-02  1.783327e-06  7.200579e+04  3.018755e+01
   301  1.414636e+00  1.412701e+00  1.183113e+00  1.060221e-04  1.641134e-02  1.739965e-06  7.362605e+04  3.056138e+01
   302  1.418511e+00  1.416578e+00  1.199589e+00  1.039134e-04  1.633377e-02  1.697297e-06  7.529835e+04  3.094314e+01
   303  1.422382e+00  1.420450e+00  1.216156e+00  1.018259e-04  1.625636e-02  1.655318e-06  7.702474e+04  3.133304e+01
   304  1.426250e+00  1.424320e+00  1.232813e+00  9.975989e-05  1.617909e-02  1.614025e-06  7.880739e+04  3.173132e+01
   305  1.430115e+00  1.428186e+00  1.249559e+00  9.771562e-05  1.610197e-02  1.573414e-06  8.064855e+04  3.213822e+01
   306  1.433978e+00  1.432051e+00  1.266393e+00  9.569324e-05  1.602497e-02  1.533481e-06  8.255059e+04  3.255398e+01
   307  1.437839e+00  1.435913e+00  1.283313e+00  9.369292e-05  1.594808e-02  1.494222e-06  8.451602e+04  3.297886e+01
   308  1.441699e+00  1.439774e+00  1.300318e+00  9.171478e-05  1.587130e-02  1.455633e-06  8.654747e+04  3.341314e+01
   309  1.445559e+00  1.443634e+00  1.317409e+00  8.975896e-05  1.579463e-02  1.417710e-06  8.864770e+04  3.385709e+01
   310  1.449419e+00  1.447493e+00  1.334582e+00  8.782555e-05  1.571806e-02  1.380447e-06  9.081962e+04  3.431100e+01
   311  1.453279e+00  1.451353e+00  1.351837e+00  8.591464e-05  1.564159e-02  1.343842e-06  9.306628e+04  3.477517e+01
   312  1.457140e+00  1.455213e+00  1.369174e+00  8.402630e-05  1.556522e-02  1.307888e-06  9.539093e+04  3.524991e+01
   313  1.461002e+00  1.459075e+00  1.386590e+00  8.216057e-05  1.548896e-02  1.272582e-06  9.779696e+04  3.573554e+01
   314  1.464866e+00  1.462938e+00  1.404086e+00  8.031749e-05  1.541282e-02  1.237919e-06  1.002880e+05  3.623240e+01
   315  1.468733e+00  1.466804e+00  1.421659e+00  7.849708e-05  1.533680e-02  1.203894e-06  1.028677e+05  3.674085e+01
   316  1.472603e+00  1.470673e+00  1.439309e+00  7.669933e-05  1.526091e-02  1.170502e-06  1.055403e+05  3.726124e+01
   317  1.476477e+00  1.474545e+00  1.457034e+00  7.492424e-05  1.518517e-02  1.137738e-06  1.083098e+05  3.779394e+01
   318  1.480355e+00  1.478420e+00  1.474834e+00  7.317180e-05  1.510960e-02  1.105597e-06  1.111808e+05  3.833936e+01
   319  1.484238e+00  1.482301e+00  1.492708e+00  7.144196e-05  1.503422e-02  1.074074e-06  1.141580e+05  3.889790e+01
   320  1.488126e+00  1.486186e+00  1.510654e+00  6.973467e-05  1.495904e-02  1.043164e-06  1.172464e+05  3.946999e+01
   321  1.492020e+00  1.490077e+00  1.528672e+00  6.804991e-05  1.488410e-02  1.012862e-06  1.204512e+05  4.005606e+01
   322  1.495921e+00  1.493975e+00  1.546760e+00  6.638758e-05  1.480942e-02  9.831615e-07  1.237782e+05  4.065658e+01
   323  1.499829e+00  1.497880e+00  1.564917e+00  6.474765e-05  1.473503e-02  9.540584e-07  1.272332e+05  4.127203e+01
   324  1.503745e+00  1.501792e+00  1.583142e+00  6.313001e-05  1.466096e-02  9.255468e-07  1.308226e+05  4.190290e+01
   325  1.507670e+00  1.505712e+00  1.601435e+00  6.153461e-05  1.458726e-02  8.976213e-07  1.345531e+05  4.254972e+01
   326  1.511604e+00  1.509641e+00  1.619794e+00  5.996137e-05  1.451395e-02  8.702764e-07  1.384317e+05  4.321302e+01
   327  1.515548e+00  1.513581e+00  1.638218e+00  5.841019e-05  1.444109e-02  8.435066e-07  1.424661e+05  4.389338e+01
   328  1.519503e+00  1.517530e+00  1.656707e+00  5.688101e-05  1.436870e-02  8.173062e-07  1.466641e+05  4.459137e+01
   329  1.523469e+00  1.521491e+00  1.675259e+00  5.537375e-05  1.429684e-02  7.916697e-07  1.510345e+05  4.530762e+01
   330  1.527448e+00  1.525463e+00  1.693873e+00  5.388832e-05  1.422556e-02  7.665914e-07  1.555861e+05  4.604275e+01
   331  1.531440e+00  1.529449e+00  1.712548e+00  5.242465e-05  1.415490e-02  7.420654e-07  1.603287e+05  4.679745e+01
   332  1.535446e+00  1.533447e+00  1.731284e+00  5.098268e-05  1.408491e-02  7.180862e-07  1.652724e+05  4.757239e+01
   333  1.539466e+00  1.537461e+00  1.750080e+00  4.956235e-05  1.401564e-02  6.946480e-07  1.704283e+05  4.836831e+01
   334  1.543503e+00  1.541489e+00  1.768933e+00  4.816361e-05  1.394715e-02  6.717450e-07  1.758078e+05  4.918595e+01
   335  1.547556e+00  1.545534e+00  1.787844e+00  4.678644e-05  1.387948e-02  6.493716e-07  1.814234e+05  5.002609e+01
   336  1.551626e+00  1.549596e+00  1.806811e+00  4.543080e-05  1.381270e-02  6.275219e-07  1.872882e+05  5.088957e+01
   337  1.555715e+00  1.553676e+00  1.825834e+00  4.409668e-05  1.374684e-02  6.061901e-07  1.934161e+05  5.177723e+01
   338  1.559824e+00  1.557775e+00  1.844912e+00  4.278406e-05  1.368197e-02  5.853703e-07  1.998222e+05  5.268997e+01
   339  1.563953e+00  1.561894e+00  1.864043e+00  4.149297e-05  1.361813e-02  5.650566e-07  2.065222e+05  5.362870e+01
   340  1.568104e+00  1.566034e+00  1.883227e+00  4.022344e-05  1.355536e-02  5.452432e-07  2.135331e+05  5.459440e+01
   341  1.572278e+00  1.570196e+00  1.902463e+00  3.897551e-05  1.349371e-02  5.259242e-07  2.208729e+05  5.558808e+01
   342  1.576475e+00  1.574382e+00  1.921749e+00  3.774923e-05  1.343322e-02  5.070936e-07  2.285609e+05  5.661079e+01
   343  1.580698e+00  1.578592e+00  1.941086e+00  3.654468e-05  1.337392e-02  4.887456e-07  2.366173e+05  5.766361e+01
   344  1.584947e+00  1.582827e+00  1.960472e+00  3.536196e-05  1.331584e-02  4.708740e-07  2.450640e+05  5.874771e+01
   345  1.589223e+00  1.587090e+00  1.979907e+00  3.420113e-05  1.325899e-02  4.534726e-07  2.539243e+05  5.986428e+01
   346  1.593527e+00  1.591380e+00  1.999389e+00  3.306236e-05  1.320341e-02  4.365357e-07  2.632226e+05  6.101454e+01
   347  1.597862e+00  1.595700e+00  2.018916e+00  3.194579e-05  1.314908e-02  4.200578e-07  2.729849e+05  6.219976e+01
   348  1.602227e+00  1.600050e+00  2.038490e+00  3.085155e-05  1.309602e-02  4.040324e-07  2.832392e+05  6.342130e+01
   349  1.606625e+00  1.604432e+00  2.058108e+00  2.977978e-05  1.304420e-02  3.884534e-07  2.940152e+05  6.468057e+01
   350  1.611056e+00  1.608846e+00  2.077770e+00  2.873067e-05  1.299360e-02  3.733148e-07  3.053441e+05  6.597899e+01
   351  1.615522e+00  1.613295e+00  2.097475e+00  2.770436e-05  1.294419e-02  3.586103e-07  3.172595e+05  6.731810e+01
   352  1.620024e+00  1.617779e+00  2.117222e+00  2.670101e-05  1.289591e-02  3.443339e-07  3.297967e+05  6.869947e+01
   353  1.624564e+00  1.622300e+00  2.137010e+00  2.572081e-05  1.284871e-02  3.304793e-07  3.429932e+05  7.012472e+01
   354  1.629142e+00  1.626859e+00  2.156839e+00  2.476390e-05  1.280252e-02  3.170402e-07  3.568891e+05  7.159556e+01
   355  1.633760e+00  1.631457e+00  2.176706e+00  2.383041e-05  1.275724e-02  3.040102e-07  3.715268e+05  7.311377e+01
   356  1.638418e+00  1.636095e+00  2.196613e+00  2.292048e-05  1.271278e-02  2.913830e-07  3.869510e+05  7.468117e+01
   357  1.643119e+00  1.640775e+00  2.216557e+00  2.203423e-05  1.266902e-02  2.791522e-07  4.032093e+05  7.629968e+01
   358  1.647863e+00  1.645498e+00  2.236538e+00  2.117173e-05  1.262585e-02  2.673111e-07  4.203522e+05  7.797129e+01
   359  1.652652e+00  1.650264e+00  2.256555e+00  2.033304e-05  1.258313e-02  2.558532e-07  4.384332e+05  7.969807e+01
   360  1.657485e+00  1.655075e+00  2.276608e+00  1.951819e-05  1.254070e-02  2.447718e-07  4.575089e+05  8.148216e+01
   361  1.662365e+00  1.659932e+00  2.296694e+00  1.872717e-05  1.249843e-02  2.340603e-07  4.776393e+05  8.332578e+01
   362  1.667293e+00  1.664836e+00  2.316815e+00  1.795992e-05  1.245616e-02  2.237116e-07  4.988885e+05  8.523128e+01
   363  1.672268e+00  1.669788e+00  2.336968e+00  1.721637e-05  1.241371e-02  2.137190e-07  5.213239e+05  8.720105e+01
   364  1.677292e+00  1.674787e+00  2.357153e+00  1.649639e-05  1.237093e-02  2.040756e-07  5.450169e+05  8.923756e+01
   365  1.682366e+00  1.679836e+00  2.377369e+00  1.579979e-05  1.232765e-02  1.947743e-07  5.700441e+05  9.134346e+01
   366  1.687489e+00  1.684935e+00  2.397614e+00  1.512637e-05  1.228371e-02  1.858079e-07  5.964864e+05  9.352144e+01
   367  1.692664e+00  1.690084e+00  2.417890e+00  1.447586e-05  1.223895e-02  1.771693e-07  6.244297e+05  9.577430e+01
   368  1.697889e+00  1.695284e+00  2.438194e+00  1.384795e-05  1.219324e-02  1.688513e-07  6.539659e+05  9.810498e+01
   369  1.703166e+00  1.700536e+00  2.458525e+00  1.324230e-05  1.214642e-02  1.608465e-07  6.851924e+05  1.005165e+02
   370  1.708495e+00  1.705839e+00  2.478883e+00  1.265853e-05  1.209837e-02  1.531476e-07  7.182131e+05  1.030121e+02
   371  1.713876e+00  1.711194e+00  2.499268e+00  1.209622e-05  1.204898e-02  1.457471e-07  7.531390e+05  1.055950e+02
   372  1.719309e+00  1.716601e+00  2.519677e+00  1.155493e-05  1.199814e-02  1.386377e-07  7.900883e+05  1.082686e+02
   373  1.724794e+00  1.722060e+00  2.540110e+00  1.103418e-05  1.194578e-02  1.318119e-07  8.291874e+05  1.110366e+02
   374  1.730332e+00  1.727572e+00  2.560567e+00  1.053347e-05  1.189181e-02  1.252620e-07  8.705720e+05  1.139026e+02
   375  1.735922e+00  1.733136e+00  2.581047e+00  1.005228e-05  1.183618e-02  1.189807e-07  9.143858e+05  1.168705e+02
   376  1.741565e+00  1.738753e+00  2.601548e+00  9.590098e-06  1.177886e-02  1.129604e-07  9.607831e+05  1.199445e+02
   377  1.747260e+00  1.744422e+00  2.622070e+00  9.146371e-06  1.171980e-02  1.071936e-07  1.009930e+06  1.231286e+02
   378  1.753007e+00  1.750143e+00  2.642612e+00  8.720553e-06  1.165899e-02  1.016728e-07  1.062002e+06  1.264273e+02
   379  1.758806e+00  1.755916e+00  2.663173e+00  8.312105e-06  1.159643e-02  9.639074e-08  1.117189e+06  1.298451e+02
   380  1.764657e+00  1.761742e+00  2.683753e+00  7.920475e-06  1.153212e-02  9.133985e-08  1.175694e+06  1.333869e+02
   381  1.770560e+00  1.767619e+00  2.704349e+00  7.545114e-06  1.146607e-02  8.651278e-08  1.237733e+06  1.370576e+02
   382  1.776514e+00  1.773547e+00  2.724962e+00  7.185487e-06  1.139829e-02  8.190230e-08  1.303538e+06  1.408624e+02
   383  1.782520e+00  1.779528e+00  2.745591e+00  6.841057e-06  1.132883e-02  7.750115e-08  1.373360e+06  1.448069e+02
   384  1.788576e+00  1.785559e+00  2.766234e+00  6.511305e-06  1.125769e-02  7.330227e-08  1.447462e+06  1.488965e+02
   385  1.794683e+00  1.791641e+00  2.786890e+00  6.195717e-06  1.118493e-02  6.929864e-08  1.526131e+06  1.531373e+02
   386  1.800841e+00  1.797773e+00  2.807560e+00  5.893785e-06  1.111056e-02  6.548327e-08  1.609673e+06  1.575354e+02
   387  1.807048e+00  1.803956e+00  2.828242e+00  5.605016e-06  1.103465e-02  6.184936e-08  1.698416e+06  1.620972e+02
   388  1.813306e+00  1.810188e+00  2.848934e+00  5.328929e-06  1.095721e-02  5.839022e-08  1.792710e+06  1.668296e+02
   389  1.819613e+00  1.816471e+00  2.869636e+00  5.065055e-06  1.087831e-02  5.509924e-08  1.892932e+06  1.717396e+02
   390  1.825968e+00  1.822802e+00  2.890347e+00  4.812939e-06  1.079798e-02  5.197001e-08  1.999486e+06  1.768344e+02
   391  1.832373e+00  1.829182e+00  2.911066e+00  4.572135e-06  1.071627e-02  4.899621e-08  2.112804e+06  1.821218e+02
   392  1.838826e+00  1.835611e+00  2.931793e+00  4.342208e-06  1.063322e-02  4.617164e-08  2.233351e+06  1.876098e+02
   393  1.845327e+00  1.842088e+00  2.952525e+00  4.122739e-06  1.054888e-02  4.349027e-08  2.361625e+06  1.933068e+02
   394  1.851875e+00  1.848613e+00  2.973262e+00  3.913317e-06  1.046329e-02  4.094618e-08  2.498163e+06  1.992217e+02
   395  1.858471e+00  1.855186e+00  2.994003e+00  3.713549e-06  1.037651e-02  3.853367e-08  2.643536e+06  2.053634e+02
   396  1.865114e+00  1.861805e+00  3.014747e+00  3.523053e-06  1.028857e-02  3.624718e-08  2.798358e+06  2.117416e+02
   397  1.871803e+00  1.868471e+00  3.035493e+00  3.341453e-06  1.019952e-02  3.408122e-08  2.963294e+06  2.183663e+02
   398  1.878538e+00  1.875183e+00  3.056239e+00  3.168389e-06  1.010941e-02  3.203054e-08  3.139053e+06  2.252481e+02
   399  1.885318e+00  1.881941e+00  3.076985e+00  3.003512e-06  1.001828e-02  3.009003e-08  3.326397e+06  2.323978e+02
   400  1.892144e+00  1.888745e+00  3.097730e+00  2.846483e-06  9.926183e-03  2.825471e-08  3.526146e+06  2.398269e+02
   401  1.899014e+00  1.895593e+00  3.118471e+00  2.696973e-06  9.833160e-03  2.651977e-08  3.739184e+06  2.475474e+02
   402  1.905929e+00  1.902485e+00  3.139210e+00  2.554666e-06  9.739262e-03  2.488056e-08  3.966458e+06  2.555719e+02
   403  1.912887e+00  1.909422e+00  3.159943e+00  2.419254e-06  9.644540e-03  2.333259e-08  4.208989e+06  2.639136e+02
   404  1.919889e+00  1.916402e+00  3.180670e+00  2.290442e-06  9.549045e-03  2.187153e-08  4.467873e+06  2.725861e+02
   405  1.926933e+00  1.923425e+00  3.201389e+00  2.167943e-06  9.452826e-03  2.049318e-08  4.744292e+06  2.816038e+02
   406  1.934020e+00  1.930491e+00  3.222100e+00  2.051480e-06  9.355931e-03  1.919350e-08  5.039521e+06  2.909820e+02
   407  1.941148e+00  1.937599e+00  3.242801e+00  1.940790e-06  9.258411e-03  1.796863e-08  5.354924e+06  3.007363e+02
   408  1.948319e+00  1.944748e+00  3.263492e+00  1.835615e-06  9.160309e-03  1.681480e-08  5.691978e+06  3.108833e+02
   409  1.955529e+00  1.951939e+00  3.284169e+00  1.735712e-06  9.061669e-03  1.572845e-08  6.052270e+06  3.214403e+02
   410  1.962781e+00  1.959170e+00  3.304833e+00  1.640841e-06  8.962533e-03  1.470609e-08  6.437512e+06  3.324257e+02
   411  1.970072e+00  1.966442e+00  3.325481e+00  1.550780e-06  8.862944e-03  1.374448e-08  6.849530e+06  3.438580e+02
   412  1.977402e+00  1.973752e+00  3.346113e+00  1.465308e-06  8.762937e-03  1.284040e-08  7.290316e+06  3.557574e+02
   413  1.984772e+00  1.981103e+00  3.366726e+00  1.384211e-06  8.662554e-03  1.199080e-08  7.762022e+06  3.681453e+02
   414  1.992179e+00  1.988491e+00  3.387321e+00  1.307289e-06  8.561841e-03  1.119280e-08  8.266941e+06  3.810429e+02
   415  1.999625e+00  1.995918e+00  3.407894e+00  1.234344e-06  8.460847e-03  1.044360e-08  8.807584e+06  3.944738e+02
   416  2.007108e+00  2.003383e+00  3.428445e+00  1.165191e-06  8.359619e-03  9.740552e-09  9.386629e+06  4.084618e+02
   417  2.014628e+00  2.010884e+00  3.448972e+00  1.099649e-06  8.258197e-03  9.081121e-09  1.000698e+07  4.230323e+02
   418  2.022183e+00  2.018422e+00  3.469473e+00  1.037549e-06  8.156610e-03  8.462881e-09  1.067177e+07  4.382119e+02
   419  2.029775e+00  2.025996e+00  3.489947e+00  9.787254e-07  8.054889e-03  7.883524e-09  1.138438e+07  4.540284e+02
   420  2.037402e+00  2.033605e+00  3.510392e+00  9.230198e-07  7.953080e-03  7.340850e-09  1.214846e+07  4.705113e+02
   421  2.045063e+00  2.041250e+00  3.530806e+00  8.702792e-07  7.851242e-03  6.832773e-09  1.296798e+07  4.876910e+02
   422  2.052759e+00  2.048928e+00  3.551188e+00  8.203578e-07  7.749411e-03  6.357290e-09  1.384721e+07  5.056002e+02
   423  2.060488e+00  2.056641e+00  3.571535e+00  7.731224e-07  7.647578e-03  5.912514e-09  1.479074e+07  5.242726e+02
   424  2.068250e+00  2.064386e+00  3.591847e+00  7.284429e-07  7.545745e-03  5.496644e-09  1.580351e+07  5.437440e+02
   425  2.076044e+00  2.072165e+00  3.612121e+00  6.861879e-07  7.443982e-03  5.107971e-09  1.689096e+07  5.640519e+02
   426  2.083871e+00  2.079975e+00  3.632356e+00  6.462307e-07  7.342379e-03  4.744871e-09  1.805901e+07  5.852360e+02
   427  2.091729e+00  2.087818e+00  3.652549e+00  6.084527e-07  7.241009e-03  4.405811e-09  1.931406e+07  6.073378e+02
   428  2.099617e+00  2.095691e+00  3.672697e+00  5.727474e-07  7.139878e-03  4.089347e-09  2.066291e+07  6.304001e+02
   429  2.107536e+00  2.103595e+00  3.692801e+00  5.390115e-07  7.038981e-03  3.794092e-09  2.211297e+07  6.544694e+02
   430  2.115485e+00  2.111529e+00  3.712856e+00  5.071461e-07  6.938321e-03  3.518742e-09  2.367226e+07  6.795940e+02
   431  2.123463e+00  2.119492e+00  3.732862e+00  4.770526e-07  6.837971e-03  3.262072e-09  2.534954e+07  7.058241e+02
   432  2.131470e+00  2.127485e+00  3.752816e+00  4.486398e-07  6.737940e-03  3.022908e-09  2.715430e+07  7.332141e+02
   433  2.139505e+00  2.135506e+00  3.772715e+00  4.218232e-07  6.638209e-03  2.800150e-09  2.909673e+07  7.618204e+02
   434  2.147567e+00  2.143555e+00  3.792558e+00  3.965170e-07  6.538848e-03  2.592765e-09  3.118800e+07  7.917019e+02
   435  2.155657e+00  2.151631e+00  3.812342e+00  3.726389e-07  6.439942e-03  2.399773e-09  3.344035e+07  8.229210e+02
   436  2.163772e+00  2.159733e+00  3.832064e+00  3.501152e-07  6.341496e-03  2.220254e-09  3.586685e+07  8.555432e+02
   437  2.171914e+00  2.167862e+00  3.851724e+00  3.288820e-07  6.243354e-03  2.053327e-09  3.848141e+07  8.896399e+02
   438  2.180082e+00  2.176017e+00  3.871316e+00  3.088503e-07  6.145949e-03  1.898178e-09  4.130071e+07  9.252835e+02
   439  2.188274e+00  2.184197e+00  3.890841e+00  2.899716e-07  6.049007e-03  1.754040e-09  4.434069e+07  9.625504e+02
   440  2.196491e+00  2.192402e+00  3.910294e+00  2.721825e-07  5.952553e-03  1.620181e-09  4.761986e+07  1.001524e+03
   441  2.204732e+00  2.200631e+00  3.929672e+00  2.554179e-07  5.856778e-03  1.495926e-09  5.115867e+07  1.042289e+03
   442  2.212995e+00  2.208883e+00  3.948974e+00  2.396377e-07  5.761339e-03  1.380634e-09  5.497726e+07  1.084936e+03
   443  2.221282e+00  2.217158e+00  3.968197e+00  2.247766e-07  5.666508e-03  1.273699e-09  5.910049e+07  1.129562e+03
   444  2.229591e+00  2.225456e+00  3.987338e+00  2.107864e-07  5.572254e-03  1.174555e-09  6.355386e+07  1.176269e+03
   445  2.237921e+00  2.233776e+00  4.006394e+00  1.976165e-07  5.478657e-03  1.082673e-09  6.836592e+07  1.225165e+03
   446  2.246272e+00  2.242117e+00  4.025361e+00  1.852222e-07  5.385754e-03  9.975612e-10  7.356711e+07  1.276361e+03
   447  2.254643e+00  2.250478e+00  4.044236e+00  1.735565e-07  5.293689e-03  9.187539e-10  7.919176e+07  1.329976e+03
   448  2.263035e+00  2.258860e+00  4.063018e+00  1.625872e-07  5.202193e-03  8.458102e-10  8.527472e+07  1.386139e+03
   449  2.271446e+00  2.267261e+00  4.081701e+00  1.522735e-07  5.111365e-03  7.783255e-10  9.185592e+07  1.444983e+03
   450  2.279876e+00  2.275681e+00  4.100285e+00  1.425717e-07  5.021435e-03  7.159145e-10  9.898121e+07  1.506651e+03
   451  2.288324e+00  2.284121e+00  4.118764e+00  1.334579e-07  4.932046e-03  6.582207e-10  1.066945e+08  1.571294e+03
   452  2.296790e+00  2.292578e+00  4.137136e+00  1.248941e-07  4.843401e-03  6.049122e-10  1.150490e+08  1.639068e+03
   453  2.305273e+00  2.301052e+00  4.155398e+00  1.168495e-07  4.755471e-03  5.556746e-10  1.241013e+08  1.710145e+03
   454  2.313773e+00  2.309544e+00  4.173546e+00  1.092882e-07  4.668549e-03  5.102172e-10  1.339170e+08  1.784702e+03
   455  2.322288e+00  2.318051e+00  4.191575e+00  1.021882e-07  4.582405e-03  4.682680e-10  1.445614e+08  1.862928e+03
   456  2.330819e+00  2.326574e+00  4.209483e+00  9.552696e-08  4.496889e-03  4.295741e-10  1.561054e+08  1.945021e+03
   457  2.339364e+00  2.335112e+00  4.227266e+00  8.927579e-08  4.412144e-03  3.938977e-10  1.686326e+08  2.031195e+03
   458  2.347924e+00  2.343665e+00  4.244922e+00  8.340741e-08  4.328341e-03  3.610157e-10  1.822362e+08  2.121682e+03
   459  2.356498e+00  2.352232e+00  4.262445e+00  7.790069e-08  4.245452e-03  3.307237e-10  1.970138e+08  2.216719e+03
   460  2.365083e+00  2.360812e+00  4.279832e+00  7.274160e-08  4.163115e-03  3.028317e-10  2.130629e+08  2.316555e+03
   461  2.373681e+00  2.369404e+00  4.297077e+00  6.789564e-08  4.082169e-03  2.771615e-10  2.305221e+08  2.421457e+03
   462  2.382290e+00  2.378007e+00  4.314179e+00  6.336428e-08  4.001398e-03  2.535457e-10  2.494880e+08  2.531717e+03
   463  2.390911e+00  2.386622e+00  4.331132e+00  5.910531e-08  3.922306e-03  2.318291e-10  2.701487e+08  2.647642e+03
   464  2.399542e+00  2.395248e+00  4.347934e+00  5.512328e-08  3.843551e-03  2.118691e-10  2.926164e+08  2.769551e+03
   465  2.408181e+00  2.403883e+00  4.364577e+00  5.139300e-08  3.765748e-03  1.935331e-10  3.170812e+08  2.897782e+03
   466  2.416831e+00  2.412528e+00  4.381063e+00  4.789793e-08  3.688995e-03  1.766952e-10  3.437393e+08  3.032710e+03
   467  2.425488e+00  2.421181e+00  4.397382e+00  4.462446e-08  3.613276e-03  1.612405e-10  3.728005e+08  3.174726e+03
   468  2.434151e+00  2.429841e+00  4.413531e+00  4.156429e-08  3.538231e-03  1.470641e-10  4.044702e+08  3.324222e+03
   469  2.442822e+00  2.438508e+00  4.429508e+00  3.869807e-08  3.464397e-03  1.340655e-10  4.390327e+08  3.481648e+03
   470  2.451499e+00  2.447182e+00  4.445308e+00  3.601967e-08  3.391261e-03  1.221521e-10  4.767379e+08  3.647479e+03
   471  2.460178e+00  2.455860e+00  4.460922e+00  3.351474e-08  3.319150e-03  1.112405e-10  5.179057e+08  3.822186e+03
   472  2.468863e+00  2.464542e+00  4.476353e+00  3.117476e-08  3.247837e-03  1.012505e-10  5.628592e+08  4.006310e+03
   473  2.477549e+00  2.473227e+00  4.491590e+00  2.898460e-08  3.177864e-03  9.210911e-11  6.120192e+08  4.200413e+03
   474  2.486237e+00  2.481915e+00  4.506634e+00  2.694479e-08  3.108158e-03  8.374867e-11  6.656925e+08  4.405085e+03
   475  2.494926e+00  2.490603e+00  4.521475e+00  2.503193e-08  3.040377e-03  7.610650e-11  7.245059e+08  4.620962e+03
   476  2.503614e+00  2.499291e+00  4.536111e+00  2.325046e-08  2.973075e-03  6.912534e-11  7.887976e+08  4.848692e+03
   477  2.512300e+00  2.507978e+00  4.550538e+00  2.158678e-08  2.906922e-03  6.275108e-11  8.592024e+08  5.089002e+03
   478  2.520983e+00  2.516663e+00  4.564753e+00  2.003775e-08  2.841333e-03  5.693392e-11  9.362460e+08  5.342662e+03
   479  2.529660e+00  2.525343e+00  4.578744e+00  1.858803e-08  2.777534e-03  5.162889e-11  1.020791e+09  5.610439e+03
   480  2.538333e+00  2.534018e+00  4.592517e+00  1.724176e-08  2.713956e-03  4.679337e-11  1.113312e+09  5.893199e+03
   481  2.547000e+00  2.542688e+00  4.606062e+00  1.598254e-08  2.652128e-03  4.238773e-11  1.214946e+09  6.191889e+03
   482  2.555654e+00  2.551348e+00  4.619369e+00  1.481169e-08  2.591029e-03  3.837751e-11  1.326354e+09  6.507360e+03
   483  2.564299e+00  2.559998e+00  4.632443e+00  1.372201e-08  2.530898e-03  3.472902e-11  1.448588e+09  6.840644e+03
   484  2.572931e+00  2.568637e+00  4.645273e+00  1.270529e-08  2.472312e-03  3.141145e-11  1.582937e+09  7.192822e+03
   485  2.581548e+00  2.577261e+00  4.657858e+00  1.176261e-08  2.414167e-03  2.839689e-11  1.730266e+09  7.564981e+03
   486  2.590148e+00  2.585869e+00  4.670191e+00  1.088302e-08  2.357740e-03  2.565933e-11  1.892355e+09  7.958305e+03
   487  2.598729e+00  2.594460e+00  4.682273e+00  1.006989e-08  2.301391e-03  2.317475e-11  2.070047e+09  8.374054e+03
   488  2.607287e+00  2.603029e+00  4.694093e+00  9.309121e-09  2.247405e-03  2.092137e-11  2.265952e+09  8.813496e+03
   489  2.615820e+00  2.611575e+00  4.705648e+00  8.605093e-09  2.194000e-03  1.887958e-11  2.480996e+09  9.277845e+03
   490  2.624324e+00  2.620093e+00  4.716936e+00  7.952054e-09  2.141653e-03  1.703054e-11  2.717353e+09  9.768526e+03
   491  2.632799e+00  2.628582e+00  4.727955e+00  7.346028e-09  2.090512e-03  1.535696e-11  2.977289e+09  1.028704e+04
   492  2.641237e+00  2.637039e+00  4.738698e+00  6.784491e-09  2.040436e-03  1.384332e-11  3.263032e+09  1.083486e+04
   493  2.649639e+00  2.645459e+00  4.749160e+00  6.261771e-09  1.992331e-03  1.247552e-11  3.577850e+09  1.141337e+04
   494  2.657996e+00  2.653838e+00  4.759340e+00  5.780463e-09  1.944564e-03  1.124048e-11  3.923071e+09  1.202405e+04
   495  2.666306e+00  2.662171e+00  4.769233e+00  5.333199e-09  1.898700e-03  1.012614e-11  4.303126e+09  1.266838e+04
   496  2.674562e+00  2.670453e+00  4.778833e+00  4.919598e-09  1.854141e-03  9.121629e-12  4.720619e+09  1.334772e+04
   497  2.682764e+00  2.678682e+00  4.788149e+00  4.539647e-09  1.809915e-03  8.216373e-12  5.177843e+09  1.406382e+04
   498  2.690902e+00  2.686852e+00  4.797166e+00  4.186079e-09  1.768062e-03  7.401247e-12  5.681249e+09  1.481804e+04
   499  2.698970e+00  2.694955e+00  4.805881e+00  3.858579e-09  1.728198e-03  6.668390e-12  6.234129e+09  1.561107e+04
