     i         log_r      log_rmid             m           rho            v2             p        trelax            kn
     0  -1.763995e+00  -2.065025e+00  4.936543e-05  2.900871e+01  2.698006e-02  7.826568e-01  2.098699e-01  4.556775e-02
     1  -1.756985e+00  -1.760476e+00  5.153900e-05  2.574374e+01  3.040182e-02  7.826568e-01  2.227812e-01  4.556775e-02
     2  -1.749983e+00  -1.753470e+00  5.380601e-05  2.561273e+01  3.050970e-02  7.814368e-01  2.235245e-01  4.560331e-02
     3  -1.742977e+00  -1.746466e+00  5.617461e-05  2.547990e+01  3.061983e-02  7.801903e-01  2.242853e-01  4.563972e-02
     4  -1.735975e+00  -1.739462e+00  5.864622e-05  2.534519e+01  3.073231e-02  7.789163e-01  2.250644e-01  4.567703e-02
     5  -1.728982e+00  -1.732464e+00  6.122269e-05  2.520876e+01  3.084705e-02  7.776159e-01  2.258612e-01  4.571521e-02
     6  -1.721978e+00  -1.725466e+00  6.391625e-05  2.507046e+01  3.096421e-02  7.762870e-01  2.266771e-01  4.575432e-02
     7  -1.714973e+00  -1.718461e+00  6.672776e-05  2.493019e+01  3.108393e-02  7.749284e-01  2.275131e-01  4.579441e-02
     8  -1.707961e+00  -1.711453e+00  6.966511e-05  2.478799e+01  3.120622e-02  7.735397e-01  2.283695e-01  4.583550e-02
     9  -1.700959e+00  -1.704446e+00  7.272580e-05  2.464399e+01  3.133103e-02  7.721216e-01  2.292459e-01  4.587757e-02
    10  -1.693948e+00  -1.697439e+00  7.592335e-05  2.449817e+01  3.145841e-02  7.706735e-01  2.301431e-01  4.592065e-02
    11  -1.686938e+00  -1.690429e+00  7.925890e-05  2.435045e+01  3.158848e-02  7.691940e-01  2.310620e-01  4.596479e-02
    12  -1.679921e+00  -1.683415e+00  8.274157e-05  2.420089e+01  3.172127e-02  7.676829e-01  2.320029e-01  4.601001e-02
    13  -1.672906e+00  -1.676399e+00  8.637379e-05  2.404948e+01  3.185681e-02  7.661397e-01  2.329663e-01  4.605632e-02
    14  -1.665887e+00  -1.669382e+00  9.016405e-05  2.389628e+01  3.199512e-02  7.645643e-01  2.339526e-01  4.610375e-02
    15  -1.658851e+00  -1.662355e+00  9.412640e-05  2.374111e+01  3.213641e-02  7.629543e-01  2.349634e-01  4.615237e-02
    16  -1.651817e+00  -1.655320e+00  9.825814e-05  2.358404e+01  3.228070e-02  7.613094e-01  2.359991e-01  4.620220e-02
    17  -1.644768e+00  -1.648278e+00  1.025750e-04  2.342512e+01  3.242800e-02  7.596297e-01  2.370599e-01  4.625325e-02
    18  -1.637723e+00  -1.641231e+00  1.070736e-04  2.326440e+01  3.257832e-02  7.579150e-01  2.381463e-01  4.630555e-02
    19  -1.630667e+00  -1.634181e+00  1.117716e-04  2.310194e+01  3.273167e-02  7.561651e-01  2.392586e-01  4.635910e-02
    20  -1.623603e+00  -1.627121e+00  1.166741e-04  2.293764e+01  3.288822e-02  7.543781e-01  2.403981e-01  4.641397e-02
    21  -1.616532e+00  -1.620053e+00  1.217905e-04  2.277156e+01  3.304798e-02  7.525541e-01  2.415654e-01  4.647019e-02
    22  -1.609451e+00  -1.612977e+00  1.271309e-04  2.260371e+01  3.321101e-02  7.506921e-01  2.427611e-01  4.652778e-02
    23  -1.602365e+00  -1.605893e+00  1.327005e-04  2.243417e+01  3.337732e-02  7.487923e-01  2.439857e-01  4.658677e-02
    24  -1.595266e+00  -1.598801e+00  1.385159e-04  2.226292e+01  3.354699e-02  7.468538e-01  2.452399e-01  4.664719e-02
    25  -1.588158e+00  -1.591697e+00  1.445845e-04  2.208993e+01  3.372012e-02  7.448752e-01  2.465250e-01  4.670910e-02
    26  -1.581042e+00  -1.584585e+00  1.509149e-04  2.191532e+01  3.389669e-02  7.428570e-01  2.478412e-01  4.677251e-02
    27  -1.573907e+00  -1.577460e+00  1.575290e-04  2.173901e+01  3.407686e-02  7.407973e-01  2.491899e-01  4.683748e-02
    28  -1.566769e+00  -1.570323e+00  1.644237e-04  2.156108e+01  3.426063e-02  7.386963e-01  2.505715e-01  4.690405e-02
    29  -1.559620e+00  -1.563179e+00  1.716176e-04  2.138169e+01  3.444791e-02  7.365547e-01  2.519860e-01  4.697218e-02
    30  -1.552459e+00  -1.556024e+00  1.791246e-04  2.120078e+01  3.463887e-02  7.343709e-01  2.534349e-01  4.704197e-02
    31  -1.545283e+00  -1.548856e+00  1.869613e-04  2.101833e+01  3.483360e-02  7.321439e-01  2.549193e-01  4.711347e-02
    32  -1.538094e+00  -1.541673e+00  1.951388e-04  2.083438e+01  3.503215e-02  7.298729e-01  2.564402e-01  4.718670e-02
    33  -1.530897e+00  -1.534480e+00  2.036668e-04  2.064906e+01  3.523447e-02  7.275587e-01  2.579977e-01  4.726169e-02
    34  -1.523684e+00  -1.527275e+00  2.125676e-04  2.046240e+01  3.544063e-02  7.252004e-01  2.595928e-01  4.733847e-02
    35  -1.516458e+00  -1.520056e+00  2.218557e-04  2.027438e+01  3.565075e-02  7.227968e-01  2.612270e-01  4.741712e-02
    36  -1.509220e+00  -1.512824e+00  2.315430e-04  2.008511e+01  3.586480e-02  7.203482e-01  2.629007e-01  4.749764e-02
    37  -1.501967e+00  -1.505579e+00  2.416522e-04  1.989462e+01  3.608283e-02  7.178541e-01  2.646148e-01  4.758008e-02
    38  -1.494700e+00  -1.498318e+00  2.522004e-04  1.970292e+01  3.630493e-02  7.153134e-01  2.663707e-01  4.766450e-02
    39  -1.487416e+00  -1.491043e+00  2.632088e-04  1.951007e+01  3.653117e-02  7.127255e-01  2.681696e-01  4.775096e-02
    40  -1.480121e+00  -1.483753e+00  2.746873e-04  1.931615e+01  3.676150e-02  7.100909e-01  2.700118e-01  4.783946e-02
    41  -1.472810e+00  -1.476450e+00  2.866651e-04  1.912126e+01  3.699596e-02  7.074092e-01  2.718983e-01  4.793005e-02
    42  -1.465485e+00  -1.469132e+00  2.991578e-04  1.892539e+01  3.723461e-02  7.046797e-01  2.738304e-01  4.802279e-02
    43  -1.458145e+00  -1.461799e+00  3.121906e-04  1.872865e+01  3.747748e-02  7.019024e-01  2.758090e-01  4.811770e-02
    44  -1.450786e+00  -1.454450e+00  3.257907e-04  1.853101e+01  3.772465e-02  6.990760e-01  2.778358e-01  4.821488e-02
    45  -1.443414e+00  -1.447085e+00  3.399746e-04  1.833258e+01  3.797614e-02  6.962005e-01  2.799117e-01  4.831434e-02
    46  -1.436025e+00  -1.439704e+00  3.547724e-04  1.813342e+01  3.823194e-02  6.932761e-01  2.820376e-01  4.841614e-02
    47  -1.428620e+00  -1.432307e+00  3.702053e-04  1.793361e+01  3.849210e-02  6.903022e-01  2.842147e-01  4.852032e-02
    48  -1.421201e+00  -1.424895e+00  3.863001e-04  1.773322e+01  3.875660e-02  6.872793e-01  2.864439e-01  4.862691e-02
    49  -1.413761e+00  -1.417465e+00  4.030957e-04  1.753226e+01  3.902554e-02  6.842059e-01  2.887272e-01  4.873600e-02
    50  -1.406307e+00  -1.410018e+00  4.206106e-04  1.733079e+01  3.929896e-02  6.810820e-01  2.910658e-01  4.884764e-02
    51  -1.398835e+00  -1.402555e+00  4.388801e-04  1.712891e+01  3.957681e-02  6.779079e-01  2.934606e-01  4.896186e-02
    52  -1.391346e+00  -1.395074e+00  4.579325e-04  1.692669e+01  3.985914e-02  6.746833e-01  2.959130e-01  4.907873e-02
    53  -1.383837e+00  -1.387575e+00  4.778138e-04  1.672414e+01  4.014602e-02  6.714074e-01  2.984249e-01  4.919831e-02
    54  -1.376315e+00  -1.380060e+00  4.985347e-04  1.652137e+01  4.043738e-02  6.680810e-01  3.009972e-01  4.932064e-02
    55  -1.368774e+00  -1.372528e+00  5.201481e-04  1.631849e+01  4.073320e-02  6.647045e-01  3.036307e-01  4.944575e-02
    56  -1.361216e+00  -1.364979e+00  5.426885e-04  1.611550e+01  4.103358e-02  6.612767e-01  3.063279e-01  4.957374e-02
    57  -1.353639e+00  -1.357411e+00  5.661971e-04  1.591246e+01  4.133853e-02  6.577977e-01  3.090901e-01  4.970466e-02
    58  -1.346045e+00  -1.349825e+00  5.907064e-04  1.570946e+01  4.164801e-02  6.542680e-01  3.119188e-01  4.983855e-02
    59  -1.338433e+00  -1.342223e+00  6.162668e-04  1.550658e+01  4.196203e-02  6.506874e-01  3.148153e-01  4.997549e-02
    60  -1.330803e+00  -1.334601e+00  6.429189e-04  1.530384e+01  4.228062e-02  6.470558e-01  3.177817e-01  5.011554e-02
    61  -1.323155e+00  -1.326962e+00  6.707104e-04  1.510133e+01  4.260377e-02  6.433734e-01  3.208196e-01  5.025875e-02
    62  -1.315489e+00  -1.319305e+00  6.996861e-04  1.489910e+01  4.293147e-02  6.396403e-01  3.239307e-01  5.040520e-02
    63  -1.307805e+00  -1.311630e+00  7.298974e-04  1.469723e+01  4.326371e-02  6.358567e-01  3.271166e-01  5.055494e-02
    64  -1.300102e+00  -1.303936e+00  7.613962e-04  1.449577e+01  4.360050e-02  6.320226e-01  3.303795e-01  5.070805e-02
    65  -1.292382e+00  -1.296224e+00  7.942322e-04  1.429478e+01  4.394180e-02  6.281386e-01  3.337209e-01  5.086459e-02
    66  -1.284641e+00  -1.288494e+00  8.284723e-04  1.409432e+01  4.428765e-02  6.242044e-01  3.371433e-01  5.102463e-02
    67  -1.276883e+00  -1.280745e+00  8.641640e-04  1.389443e+01  4.463803e-02  6.202202e-01  3.406486e-01  5.118825e-02
    68  -1.269108e+00  -1.272978e+00  9.013664e-04  1.369522e+01  4.499286e-02  6.161871e-01  3.442383e-01  5.135550e-02
    69  -1.261314e+00  -1.265193e+00  9.401486e-04  1.349671e+01  4.535215e-02  6.121050e-01  3.479149e-01  5.152646e-02
    70  -1.253500e+00  -1.257390e+00  9.805784e-04  1.329895e+01  4.571592e-02  6.079739e-01  3.516809e-01  5.170122e-02
    71  -1.245668e+00  -1.249567e+00  1.022722e-03  1.310200e+01  4.608414e-02  6.037942e-01  3.555386e-01  5.187986e-02
    72  -1.237818e+00  -1.241726e+00  1.066645e-03  1.290591e+01  4.645676e-02  5.995667e-01  3.594901e-01  5.206244e-02
    73  -1.229951e+00  -1.233867e+00  1.112418e-03  1.271076e+01  4.683371e-02  5.952922e-01  3.635374e-01  5.224902e-02
    74  -1.222065e+00  -1.225990e+00  1.160127e-03  1.251659e+01  4.721500e-02  5.909708e-01  3.676834e-01  5.243971e-02
    75  -1.214161e+00  -1.218095e+00  1.209843e-03  1.232344e+01  4.760059e-02  5.866030e-01  3.719306e-01  5.263457e-02
    76  -1.206238e+00  -1.210182e+00  1.261660e-03  1.213136e+01  4.799045e-02  5.821893e-01  3.762818e-01  5.283371e-02
    77  -1.198298e+00  -1.202250e+00  1.315650e-03  1.194039e+01  4.838455e-02  5.777304e-01  3.807396e-01  5.303721e-02
    78  -1.190340e+00  -1.194301e+00  1.371910e-03  1.175060e+01  4.878281e-02  5.732271e-01  3.853068e-01  5.324513e-02
    79  -1.182362e+00  -1.186333e+00  1.430537e-03  1.156199e+01  4.918525e-02  5.686795e-01  3.899867e-01  5.345760e-02
    80  -1.174369e+00  -1.178347e+00  1.491613e-03  1.137465e+01  4.959177e-02  5.640888e-01  3.947820e-01  5.367468e-02
    81  -1.166356e+00  -1.170344e+00  1.555254e-03  1.118859e+01  5.000233e-02  5.594557e-01  3.996956e-01  5.389648e-02
    82  -1.158326e+00  -1.162322e+00  1.621555e-03  1.100386e+01  5.041691e-02  5.547806e-01  4.047314e-01  5.412310e-02
    83  -1.150278e+00  -1.154283e+00  1.690622e-03  1.082050e+01  5.083543e-02  5.500645e-01  4.098921e-01  5.435462e-02
    84  -1.142213e+00  -1.146227e+00  1.762572e-03  1.063854e+01  5.125782e-02  5.453084e-01  4.151814e-01  5.459114e-02
    85  -1.134130e+00  -1.138153e+00  1.837521e-03  1.045802e+01  5.168406e-02  5.405128e-01  4.206029e-01  5.483278e-02
    86  -1.126030e+00  -1.130061e+00  1.915590e-03  1.027896e+01  5.211407e-02  5.356787e-01  4.261604e-01  5.507964e-02
    87  -1.117913e+00  -1.121953e+00  1.996900e-03  1.010142e+01  5.254779e-02  5.308070e-01  4.318576e-01  5.533182e-02
    88  -1.109778e+00  -1.113827e+00  2.081586e-03  9.925399e+00  5.298514e-02  5.258987e-01  4.376984e-01  5.558943e-02
    89  -1.101626e+00  -1.105683e+00  2.169788e-03  9.750937e+00  5.342610e-02  5.209545e-01  4.436872e-01  5.585260e-02
    90  -1.093457e+00  -1.097523e+00  2.261641e-03  9.578056e+00  5.387058e-02  5.159754e-01  4.498284e-01  5.612144e-02
    91  -1.085272e+00  -1.089345e+00  2.357288e-03  9.406789e+00  5.431849e-02  5.109626e-01  4.561259e-01  5.639605e-02
    92  -1.077070e+00  -1.081152e+00  2.456877e-03  9.237168e+00  5.476974e-02  5.059173e-01  4.625842e-01  5.667656e-02
    93  -1.068850e+00  -1.072941e+00  2.560586e-03  9.069197e+00  5.522431e-02  5.008401e-01  4.692087e-01  5.696311e-02
    94  -1.060616e+00  -1.064713e+00  2.668544e-03  8.902910e+00  5.568207e-02  4.957325e-01  4.760037e-01  5.725581e-02
    95  -1.052364e+00  -1.056470e+00  2.780947e-03  8.738331e+00  5.614295e-02  4.905956e-01  4.829742e-01  5.755478e-02
    96  -1.044097e+00  -1.048211e+00  2.897949e-03  8.575472e+00  5.660686e-02  4.854305e-01  4.901257e-01  5.786017e-02
    97  -1.035813e+00  -1.039935e+00  3.019750e-03  8.414353e+00  5.707372e-02  4.802384e-01  4.974635e-01  5.817211e-02
    98  -1.027514e+00  -1.031644e+00  3.146529e-03  8.254982e+00  5.754346e-02  4.750202e-01  5.049936e-01  5.849075e-02
    99  -1.019199e+00  -1.023336e+00  3.278481e-03  8.097381e+00  5.801597e-02  4.697774e-01  5.127216e-01  5.881623e-02
   100  -1.010868e+00  -1.015013e+00  3.415810e-03  7.941562e+00  5.849116e-02  4.645112e-01  5.206537e-01  5.914869e-02
   101  -1.002522e+00  -1.006675e+00  3.558731e-03  7.787532e+00  5.896895e-02  4.592226e-01  5.287963e-01  5.948831e-02
   102  -9.941604e-01  -9.983209e-01  3.707443e-03  7.635309e+00  5.944922e-02  4.539132e-01  5.371558e-01  5.983522e-02
   103  -9.857835e-01  -9.899518e-01  3.862193e-03  7.484901e+00  5.993188e-02  4.485841e-01  5.457390e-01  6.018958e-02
   104  -9.773919e-01  -9.815674e-01  4.023197e-03  7.336312e+00  6.041682e-02  4.432367e-01  5.545532e-01  6.055157e-02
   105  -9.689857e-01  -9.731684e-01  4.190697e-03  7.189559e+00  6.090393e-02  4.378724e-01  5.636053e-01  6.092134e-02
   106  -9.605643e-01  -9.647546e-01  4.364955e-03  7.044641e+00  6.139312e-02  4.324925e-01  5.729032e-01  6.129908e-02
   107  -9.521285e-01  -9.563259e-01  4.546218e-03  6.901563e+00  6.188428e-02  4.270982e-01  5.824550e-01  6.168497e-02
   108  -9.436788e-01  -9.478831e-01  4.734748e-03  6.760336e+00  6.237726e-02  4.216912e-01  5.922684e-01  6.207918e-02
   109  -9.352144e-01  -9.394260e-01  4.930837e-03  6.620959e+00  6.287198e-02  4.162728e-01  6.023522e-01  6.248190e-02
   110  -9.267359e-01  -9.309545e-01  5.134764e-03  6.483432e+00  6.336832e-02  4.108442e-01  6.127156e-01  6.289334e-02
   111  -9.182434e-01  -9.224689e-01  5.346829e-03  6.347758e+00  6.386616e-02  4.054069e-01  6.233676e-01  6.331370e-02
   112  -9.097373e-01  -9.139695e-01  5.567324e-03  6.213940e+00  6.436537e-02  3.999626e-01  6.343177e-01  6.374316e-02
   113  -9.012175e-01  -9.054565e-01  5.796581e-03  6.081978e+00  6.486582e-02  3.945125e-01  6.455757e-01  6.418195e-02
   114  -8.926844e-01  -8.969300e-01  6.034915e-03  5.951870e+00  6.536738e-02  3.890582e-01  6.571523e-01  6.463027e-02
   115  -8.841378e-01  -8.883901e-01  6.282676e-03  5.823613e+00  6.586993e-02  3.836010e-01  6.690581e-01  6.508837e-02
   116  -8.755779e-01  -8.798368e-01  6.540210e-03  5.697204e+00  6.637335e-02  3.781425e-01  6.813047e-01  6.555646e-02
   117  -8.670051e-01  -8.712703e-01  6.807874e-03  5.572640e+00  6.687749e-02  3.726841e-01  6.939035e-01  6.603479e-02
   118  -8.584194e-01  -8.626910e-01  7.086044e-03  5.449918e+00  6.738221e-02  3.672275e-01  7.068666e-01  6.652359e-02
   119  -8.498209e-01  -8.540988e-01  7.375103e-03  5.329032e+00  6.788737e-02  3.617740e-01  7.202067e-01  6.702311e-02
   120  -8.412098e-01  -8.454940e-01  7.675455e-03  5.209977e+00  6.839284e-02  3.563251e-01  7.339372e-01  6.753362e-02
   121  -8.325862e-01  -8.368766e-01  7.987504e-03  5.092746e+00  6.889846e-02  3.508824e-01  7.480717e-01  6.805538e-02
   122  -8.239505e-01  -8.282469e-01  8.311671e-03  4.977334e+00  6.940410e-02  3.454474e-01  7.626243e-01  6.858866e-02
   123  -8.153020e-01  -8.196047e-01  8.648426e-03  4.863729e+00  6.990961e-02  3.400214e-01  7.776106e-01  6.913375e-02
   124  -8.066421e-01  -8.109505e-01  8.998165e-03  4.751927e+00  7.041484e-02  3.346061e-01  7.930457e-01  6.969094e-02
   125  -7.979703e-01  -8.022846e-01  9.361386e-03  4.641921e+00  7.091961e-02  3.292032e-01  8.089451e-01  7.026050e-02
   126  -7.892869e-01  -7.936069e-01  9.738557e-03  4.533701e+00  7.142378e-02  3.238141e-01  8.253263e-01  7.084275e-02
   127  -7.805917e-01  -7.849175e-01  1.013019e-02  4.427256e+00  7.192719e-02  3.184401e-01  8.422070e-01  7.143802e-02
   128  -7.718851e-01  -7.762166e-01  1.053678e-02  4.322574e+00  7.242970e-02  3.130827e-01  8.596056e-01  7.204664e-02
   129  -7.631671e-01  -7.675042e-01  1.095886e-02  4.219646e+00  7.293114e-02  3.077436e-01  8.775411e-01  7.266893e-02
   130  -7.544381e-01  -7.587807e-01  1.139696e-02  4.118462e+00  7.343133e-02  3.024242e-01  8.960334e-01  7.330524e-02
   131  -7.456981e-01  -7.500461e-01  1.185164e-02  4.019011e+00  7.393011e-02  2.971260e-01  9.151032e-01  7.395592e-02
   132  -7.369472e-01  -7.413006e-01  1.232348e-02  3.921280e+00  7.442732e-02  2.918504e-01  9.347725e-01  7.462135e-02
   133  -7.281853e-01  -7.325441e-01  1.281308e-02  3.825255e+00  7.492280e-02  2.865988e-01  9.550643e-01  7.530192e-02
   134  -7.194130e-01  -7.237770e-01  1.332102e-02  3.730926e+00  7.541636e-02  2.813728e-01  9.760018e-01  7.599800e-02
   135  -7.106302e-01  -7.149994e-01  1.384795e-02  3.638279e+00  7.590783e-02  2.761739e-01  9.976098e-01  7.671000e-02
   136  -7.018369e-01  -7.062113e-01  1.439450e-02  3.547300e+00  7.639704e-02  2.710032e-01  1.019915e+00  7.743834e-02
   137  -6.930335e-01  -6.974129e-01  1.496132e-02  3.457976e+00  7.688382e-02  2.658624e-01  1.042943e+00  7.818344e-02
   138  -6.842200e-01  -6.886044e-01  1.554911e-02  3.370294e+00  7.736798e-02  2.607528e-01  1.066723e+00  7.894575e-02
   139  -6.753965e-01  -6.797858e-01  1.615855e-02  3.284238e+00  7.784935e-02  2.556758e-01  1.091284e+00  7.972572e-02
   140  -6.665631e-01  -6.709573e-01  1.679038e-02  3.199794e+00  7.832775e-02  2.506327e-01  1.116658e+00  8.052383e-02
   141  -6.577200e-01  -6.621190e-01  1.744530e-02  3.116947e+00  7.880299e-02  2.456248e-01  1.142876e+00  8.134056e-02
   142  -6.488674e-01  -6.532711e-01  1.812408e-02  3.035684e+00  7.927490e-02  2.406535e-01  1.169972e+00  8.217641e-02
   143  -6.400052e-01  -6.444137e-01  1.882751e-02  2.955987e+00  7.974329e-02  2.357201e-01  1.197983e+00  8.303190e-02
   144  -6.311336e-01  -6.355467e-01  1.955637e-02  2.877841e+00  8.020797e-02  2.308258e-01  1.226943e+00  8.390757e-02
   145  -6.222529e-01  -6.266705e-01  2.031146e-02  2.801231e+00  8.066877e-02  2.259718e-01  1.256893e+00  8.480395e-02
   146  -6.133630e-01  -6.177852e-01  2.109364e-02  2.726141e+00  8.112549e-02  2.211595e-01  1.287873e+00  8.572163e-02
   147  -6.044640e-01  -6.088907e-01  2.190376e-02  2.652554e+00  8.157795e-02  2.163900e-01  1.319925e+00  8.666120e-02
   148  -5.955562e-01  -5.999873e-01  2.274267e-02  2.580456e+00  8.202597e-02  2.116644e-01  1.353094e+00  8.762325e-02
   149  -5.866397e-01  -5.910751e-01  2.361129e-02  2.509828e+00  8.246934e-02  2.069839e-01  1.387426e+00  8.860842e-02
   150  -5.777145e-01  -5.821542e-01  2.451054e-02  2.440656e+00  8.290790e-02  2.023496e-01  1.422969e+00  8.961734e-02
   151  -5.687806e-01  -5.732246e-01  2.544136e-02  2.372920e+00  8.334145e-02  1.977626e-01  1.459777e+00  9.065071e-02
   152  -5.598384e-01  -5.642865e-01  2.640469e-02  2.306606e+00  8.376980e-02  1.932239e-01  1.497900e+00  9.170919e-02
   153  -5.508878e-01  -5.553401e-01  2.740152e-02  2.241696e+00  8.419276e-02  1.887346e-01  1.537397e+00  9.279350e-02
   154  -5.419290e-01  -5.463853e-01  2.843287e-02  2.178172e+00  8.461016e-02  1.842955e-01  1.578325e+00  9.390439e-02
   155  -5.329621e-01  -5.374224e-01  2.949974e-02  2.116019e+00  8.502179e-02  1.799078e-01  1.620747e+00  9.504260e-02
   156  -5.239871e-01  -5.284514e-01  3.060319e-02  2.055219e+00  8.542749e-02  1.755722e-01  1.664727e+00  9.620894e-02
   157  -5.150042e-01  -5.194724e-01  3.174428e-02  1.995753e+00  8.582705e-02  1.712896e-01  1.710334e+00  9.740421e-02
   158  -5.060134e-01  -5.104856e-01  3.292412e-02  1.937606e+00  8.622030e-02  1.670610e-01  1.757639e+00  9.862926e-02
   159  -4.970150e-01  -5.014909e-01  3.414379e-02  1.880759e+00  8.660705e-02  1.628870e-01  1.806717e+00  9.988495e-02
   160  -4.880089e-01  -4.924886e-01  3.540444e-02  1.825195e+00  8.698712e-02  1.587685e-01  1.857647e+00  1.011722e-01
   161  -4.789953e-01  -4.834787e-01  3.670722e-02  1.770897e+00  8.736033e-02  1.547061e-01  1.910511e+00  1.024919e-01
   162  -4.699742e-01  -4.744613e-01  3.805332e-02  1.717846e+00  8.772650e-02  1.507006e-01  1.965397e+00  1.038450e-01
   163  -4.609458e-01  -4.654366e-01  3.944390e-02  1.666026e+00  8.808545e-02  1.467527e-01  2.022395e+00  1.052326e-01
   164  -4.519101e-01  -4.564045e-01  4.088021e-02  1.615419e+00  8.843700e-02  1.428628e-01  2.081603e+00  1.066556e-01
   165  -4.428673e-01  -4.473652e-01  4.236348e-02  1.566006e+00  8.878098e-02  1.390316e-01  2.143120e+00  1.081151e-01
   166  -4.338174e-01  -4.383188e-01  4.389496e-02  1.517771e+00  8.911722e-02  1.352595e-01  2.207054e+00  1.096123e-01
   167  -4.247605e-01  -4.292653e-01  4.547592e-02  1.470696e+00  8.944554e-02  1.315472e-01  2.273515e+00  1.111482e-01
   168  -4.156966e-01  -4.202049e-01  4.710768e-02  1.424763e+00  8.976577e-02  1.278949e-01  2.342621e+00  1.127241e-01
   169  -4.066258e-01  -4.111376e-01  4.879156e-02  1.379953e+00  9.007776e-02  1.243031e-01  2.414498e+00  1.143411e-01
   170  -3.975485e-01  -4.020634e-01  5.052886e-02  1.336251e+00  9.038134e-02  1.207722e-01  2.489273e+00  1.160005e-01
   171  -3.884644e-01  -3.929827e-01  5.232095e-02  1.293638e+00  9.067634e-02  1.173024e-01  2.567084e+00  1.177036e-01
   172  -3.793737e-01  -3.838953e-01  5.416922e-02  1.252097e+00  9.096261e-02  1.138940e-01  2.648076e+00  1.194518e-01
   173  -3.702766e-01  -3.748013e-01  5.607503e-02  1.211610e+00  9.123999e-02  1.105473e-01  2.732401e+00  1.212465e-01
   174  -3.611729e-01  -3.657009e-01  5.803982e-02  1.172160e+00  9.150833e-02  1.072624e-01  2.820219e+00  1.230891e-01
   175  -3.520629e-01  -3.565940e-01  6.006498e-02  1.133728e+00  9.176749e-02  1.040394e-01  2.911699e+00  1.249811e-01
   176  -3.429466e-01  -3.474808e-01  6.215198e-02  1.096299e+00  9.201732e-02  1.008785e-01  3.007019e+00  1.269241e-01
   177  -3.338241e-01  -3.383614e-01  6.430225e-02  1.059854e+00  9.225768e-02  9.777966e-02  3.106367e+00  1.289196e-01
   178  -3.246954e-01  -3.292358e-01  6.651726e-02  1.024376e+00  9.248843e-02  9.474292e-02  3.209940e+00  1.309694e-01
   179  -3.155606e-01  -3.201040e-01  6.879851e-02  9.898479e-01  9.270943e-02  9.176824e-02  3.317948e+00  1.330752e-01
   180  -3.064197e-01  -3.109661e-01  7.114747e-02  9.562525e-01  9.292057e-02  8.885553e-02  3.430611e+00  1.352387e-01
   181  -2.972729e-01  -3.018223e-01  7.356565e-02  9.235731e-01  9.312171e-02  8.600470e-02  3.548161e+00  1.374618e-01
   182  -2.881202e-01  -2.926725e-01  7.605458e-02  8.917923e-01  9.331274e-02  8.321558e-02  3.670843e+00  1.397465e-01
   183  -2.789616e-01  -2.835168e-01  7.861579e-02  8.608933e-01  9.349353e-02  8.048795e-02  3.798918e+00  1.420947e-01
   184  -2.697972e-01  -2.743552e-01  8.125079e-02  8.308593e-01  9.366398e-02  7.782159e-02  3.932658e+00  1.445084e-01
   185  -2.606270e-01  -2.651879e-01  8.396115e-02  8.016736e-01  9.382398e-02  7.521621e-02  4.072354e+00  1.469899e-01
   186  -2.514512e-01  -2.560149e-01  8.674840e-02  7.733196e-01  9.397344e-02  7.267150e-02  4.218310e+00  1.495413e-01
   187  -2.422696e-01  -2.468361e-01  8.961413e-02  7.457806e-01  9.411224e-02  7.018709e-02  4.370849e+00  1.521650e-01
   188  -2.330825e-01  -2.376517e-01  9.255987e-02  7.190404e-01  9.424032e-02  6.776260e-02  4.530314e+00  1.548632e-01
   189  -2.238897e-01  -2.284618e-01  9.558720e-02  6.930827e-01  9.435757e-02  6.539760e-02  4.697065e+00  1.576385e-01
   190  -2.146915e-01  -2.192663e-01  9.869768e-02  6.678914e-01  9.446392e-02  6.309164e-02  4.871483e+00  1.604935e-01
   191  -2.054878e-01  -2.100653e-01  1.018929e-01  6.434503e-01  9.455929e-02  6.084420e-02  5.053973e+00  1.634307e-01
   192  -1.962786e-01  -2.008588e-01  1.051744e-01  6.197435e-01  9.464362e-02  5.865477e-02  5.244962e+00  1.664530e-01
   193  -1.870640e-01  -1.916468e-01  1.085438e-01  5.967553e-01  9.471684e-02  5.652278e-02  5.444903e+00  1.695632e-01
   194  -1.778439e-01  -1.824295e-01  1.120026e-01  5.744699e-01  9.477891e-02  5.444763e-02  5.654275e+00  1.727642e-01
   195  -1.686185e-01  -1.732067e-01  1.155524e-01  5.528718e-01  9.482976e-02  5.242870e-02  5.873585e+00  1.760592e-01
   196  -1.593877e-01  -1.639786e-01  1.191948e-01  5.319457e-01  9.486936e-02  5.046534e-02  6.103371e+00  1.794513e-01
   197  -1.501517e-01  -1.547452e-01  1.229312e-01  5.116764e-01  9.489766e-02  4.855689e-02  6.344200e+00  1.829439e-01
   198  -1.409103e-01  -1.455064e-01  1.267634e-01  4.920487e-01  9.491465e-02  4.670263e-02  6.596678e+00  1.865403e-01
   199  -1.316637e-01  -1.362624e-01  1.306927e-01  4.730478e-01  9.492028e-02  4.490183e-02  6.861443e+00  1.902441e-01
   200  -1.224117e-01  -1.270131e-01  1.347208e-01  4.546589e-01  9.491456e-02  4.315374e-02  7.139173e+00  1.940591e-01
   201  -1.131546e-01  -1.177585e-01  1.388490e-01  4.368673e-01  9.489746e-02  4.145760e-02  7.430588e+00  1.979891e-01
   202  -1.038921e-01  -1.084986e-01  1.430790e-01  4.196587e-01  9.486898e-02  3.981259e-02  7.736449e+00  2.020380e-01
   203  -9.462436e-02  -9.923351e-02  1.474123e-01  4.030187e-01  9.482913e-02  3.821791e-02  8.057566e+00  2.062100e-01
   204  -8.535137e-02  -8.996311e-02  1.518502e-01  3.869333e-01  9.477791e-02  3.667273e-02  8.394799e+00  2.105095e-01
   205  -7.607312e-02  -8.068747e-02  1.563943e-01  3.713886e-01  9.471535e-02  3.517620e-02  8.749058e+00  2.149408e-01
   206  -6.678962e-02  -7.140656e-02  1.610460e-01  3.563707e-01  9.464147e-02  3.372745e-02  9.121310e+00  2.195086e-01
   207  -5.750083e-02  -6.212039e-02  1.658067e-01  3.418663e-01  9.455631e-02  3.232561e-02  9.512584e+00  2.242177e-01
   208  -4.820672e-02  -5.282891e-02  1.706778e-01  3.278618e-01  9.445989e-02  3.096979e-02  9.923972e+00  2.290731e-01
   209  -3.890730e-02  -4.353212e-02  1.756607e-01  3.143440e-01  9.435227e-02  2.965907e-02  1.035663e+01  2.340801e-01
   210  -2.960257e-02  -3.423002e-02  1.807567e-01  3.013001e-01  9.423351e-02  2.839256e-02  1.081180e+01  2.392439e-01
   211  -2.029245e-02  -2.492256e-02  1.859671e-01  2.887171e-01  9.410366e-02  2.716934e-02  1.129079e+01  2.445703e-01
   212  -1.097695e-02  -1.560972e-02  1.912933e-01  2.765825e-01  9.396280e-02  2.598847e-02  1.179498e+01  2.500650e-01
   213  -1.656025e-03  -6.291481e-03  1.967366e-01  2.648839e-01  9.381099e-02  2.484902e-02  1.232587e+01  2.557341e-01
   214  7.670384e-03  3.032215e-03  2.022981e-01  2.536090e-01  9.364833e-02  2.375006e-02  1.288503e+01  2.615838e-01
   215  1.700227e-02  1.236139e-02  2.079790e-01  2.427458e-01  9.347491e-02  2.269064e-02  1.347413e+01  2.676208e-01
   216  2.633974e-02  2.169610e-02  2.137806e-01  2.322826e-01  9.329082e-02  2.166983e-02  1.409496e+01  2.738517e-01
   217  3.568281e-02  3.103640e-02  2.197041e-01  2.222077e-01  9.309616e-02  2.068668e-02  1.474942e+01  2.802837e-01
   218  4.503154e-02  4.038233e-02  2.257504e-01  2.125097e-01  9.289106e-02  1.974025e-02  1.543954e+01  2.869240e-01
   219  5.438596e-02  4.973394e-02  2.319208e-01  2.031774e-01  9.267563e-02  1.882960e-02  1.616746e+01  2.937804e-01
   220  6.374616e-02  5.909128e-02  2.382162e-01  1.941999e-01  9.244999e-02  1.795378e-02  1.693548e+01  3.008606e-01
   221  7.311221e-02  6.845443e-02  2.446377e-01  1.855664e-01  9.221428e-02  1.711187e-02  1.774604e+01  3.081729e-01
   222  8.248415e-02  7.782346e-02  2.511862e-01  1.772664e-01  9.196863e-02  1.630294e-02  1.860175e+01  3.157259e-01
   223  9.186208e-02  8.719843e-02  2.578626e-01  1.692893e-01  9.171320e-02  1.552607e-02  1.950538e+01  3.235285e-01
   224  1.012461e-01  9.657941e-02  2.646680e-01  1.616253e-01  9.144812e-02  1.478033e-02  2.045989e+01  3.315899e-01
   225  1.106362e-01  1.059665e-01  2.716031e-01  1.542642e-01  9.117357e-02  1.406482e-02  2.146844e+01  3.399196e-01
   226  1.200325e-01  1.153597e-01  2.786687e-01  1.471964e-01  9.088969e-02  1.337864e-02  2.253437e+01  3.485277e-01
   227  1.294351e-01  1.247592e-01  2.858656e-01  1.404124e-01  9.059666e-02  1.272090e-02  2.366129e+01  3.574246e-01
   228  1.388440e-01  1.341650e-01  2.931946e-01  1.339029e-01  9.029464e-02  1.209072e-02  2.485301e+01  3.666209e-01
   229  1.482595e-01  1.435773e-01  3.006563e-01  1.276588e-01  8.998382e-02  1.148723e-02  2.611361e+01  3.761280e-01
   230  1.576815e-01  1.529960e-01  3.082514e-01  1.216713e-01  8.966436e-02  1.090958e-02  2.744745e+01  3.859573e-01
   231  1.671101e-01  1.624214e-01  3.159805e-01  1.159316e-01  8.933646e-02  1.035692e-02  2.885918e+01  3.961212e-01
   232  1.765454e-01  1.718534e-01  3.238442e-01  1.104313e-01  8.900030e-02  9.828417e-03  3.035374e+01  4.066319e-01
   233  1.859876e-01  1.812922e-01  3.318430e-01  1.051621e-01  8.865606e-02  9.323260e-03  3.193643e+01  4.175028e-01
   234  1.954367e-01  1.907379e-01  3.399773e-01  1.001161e-01  8.830394e-02  8.840643e-03  3.361291e+01  4.287472e-01
   235  2.048927e-01  2.001905e-01  3.482476e-01  9.528527e-02  8.794413e-02  8.379780e-03  3.538921e+01  4.403794e-01
   236  2.143559e-01  2.096501e-01  3.566544e-01  9.066207e-02  8.757682e-02  7.939896e-03  3.727175e+01  4.524138e-01
   237  2.238262e-01  2.191168e-01  3.651978e-01  8.623903e-02  8.720220e-02  7.520233e-03  3.926743e+01  4.648658e-01
   238  2.333037e-01  2.285908e-01  3.738783e-01  8.200889e-02  8.682047e-02  7.120050e-03  4.138357e+01  4.777511e-01
   239  2.427886e-01  2.380720e-01  3.826961e-01  7.796459e-02  8.643182e-02  6.738622e-03  4.362805e+01  4.910862e-01
   240  2.522808e-01  2.475606e-01  3.916514e-01  7.409928e-02  8.603643e-02  6.375238e-03  4.600921e+01  5.048880e-01
   241  2.617805e-01  2.570566e-01  4.007443e-01  7.040629e-02  8.563450e-02  6.029207e-03  4.853602e+01  5.191743e-01
   242  2.712876e-01  2.665600e-01  4.099751e-01  6.687911e-02  8.522621e-02  5.699853e-03  5.121803e+01  5.339633e-01
   243  2.808024e-01  2.760710e-01  4.193438e-01  6.351146e-02  8.481174e-02  5.386517e-03  5.406546e+01  5.492742e-01
   244  2.903247e-01  2.855896e-01  4.288503e-01  6.029720e-02  8.439128e-02  5.088558e-03  5.708921e+01  5.651268e-01
   245  2.998546e-01  2.951158e-01  4.384948e-01  5.723041e-02  8.396499e-02  4.805351e-03  6.030093e+01  5.815415e-01
   246  3.093922e-01  3.046496e-01  4.482772e-01  5.430532e-02  8.353305e-02  4.536288e-03  6.371307e+01  5.985397e-01
   247  3.189374e-01  3.141910e-01  4.581974e-01  5.151632e-02  8.309561e-02  4.280780e-03  6.733892e+01  6.161434e-01
   248  3.284902e-01  3.237401e-01  4.682552e-01  4.885800e-02  8.265284e-02  4.038253e-03  7.119269e+01  6.343756e-01
   249  3.380507e-01  3.332968e-01  4.784506e-01  4.632512e-02  8.220489e-02  3.808151e-03  7.528954e+01  6.532601e-01
   250  3.476188e-01  3.428611e-01  4.887832e-01  4.391257e-02  8.175190e-02  3.589936e-03  7.964568e+01  6.728216e-01
   251  3.571944e-01  3.524330e-01  4.992529e-01  4.161542e-02  8.129401e-02  3.383084e-03  8.427843e+01  6.930856e-01
   252  3.667774e-01  3.620123e-01  5.098594e-01  3.942891e-02  8.083134e-02  3.187091e-03  8.920627e+01  7.140786e-01
   253  3.763678e-01  3.715991e-01  5.206023e-01  3.734842e-02  8.036402e-02  3.001469e-03  9.444892e+01  7.358280e-01
   254  3.859654e-01  3.811931e-01  5.314812e-01  3.536948e-02  7.989216e-02  2.825744e-03  1.000275e+02  7.583625e-01
   255  3.955701e-01  3.907943e-01  5.424959e-01  3.348777e-02  7.941587e-02  2.659461e-03  1.059644e+02  7.817115e-01
   256  4.051818e-01  4.004026e-01  5.536457e-01  3.169913e-02  7.893524e-02  2.502178e-03  1.122838e+02  8.059056e-01
   257  4.148003e-01  4.100177e-01  5.649304e-01  2.999951e-02  7.845035e-02  2.353472e-03  1.190113e+02  8.309765e-01
   258  4.244253e-01  4.196395e-01  5.763493e-01  2.838503e-02  7.796130e-02  2.212934e-03  1.261744e+02  8.569570e-01
   259  4.340567e-01  4.292677e-01  5.879020e-01  2.685193e-02  7.746815e-02  2.080169e-03  1.338021e+02  8.838813e-01
   260  4.436942e-01  4.389021e-01  5.995879e-01  2.539658e-02  7.697097e-02  1.954799e-03  1.419258e+02  9.117845e-01
   261  4.533374e-01  4.485426e-01  6.114063e-01  2.401548e-02  7.646981e-02  1.836460e-03  1.505787e+02  9.407031e-01
   262  4.629862e-01  4.581886e-01  6.233566e-01  2.270528e-02  7.596474e-02  1.724800e-03  1.597965e+02  9.706750e-01
   263  4.726402e-01  4.678400e-01  6.354383e-01  2.146271e-02  7.545578e-02  1.619486e-03  1.696169e+02  1.001739e+00
   264  4.822990e-01  4.774964e-01  6.476505e-01  2.028466e-02  7.494299e-02  1.520193e-03  1.800806e+02  1.033937e+00
   265  4.919622e-01  4.871575e-01  6.599927e-01  1.916811e-02  7.442640e-02  1.426613e-03  1.912306e+02  1.067309e+00
   266  5.016295e-01  4.968228e-01  6.724639e-01  1.811016e-02  7.390605e-02  1.338450e-03  2.031130e+02  1.101900e+00
   267  5.113004e-01  5.064919e-01  6.850636e-01  1.710804e-02  7.338196e-02  1.255422e-03  2.157770e+02  1.137754e+00
   268  5.209744e-01  5.161643e-01  6.977908e-01  1.615907e-02  7.285417e-02  1.177255e-03  2.292749e+02  1.174919e+00
   269  5.306512e-01  5.258398e-01  7.106448e-01  1.526067e-02  7.232271e-02  1.103693e-03  2.436628e+02  1.213442e+00
   270  5.403301e-01  5.355176e-01  7.236247e-01  1.441037e-02  7.178761e-02  1.034486e-03  2.590001e+02  1.253375e+00
   271  5.500107e-01  5.451974e-01  7.367296e-01  1.360582e-02  7.124891e-02  9.693998e-04  2.753507e+02  1.294768e+00
   272  5.596925e-01  5.548786e-01  7.499587e-01  1.284473e-02  7.070665e-02  9.082081e-04  2.927822e+02  1.337675e+00
   273  5.693749e-01  5.645607e-01  7.633112e-01  1.212494e-02  7.016087e-02  8.506963e-04  3.113672e+02  1.382153e+00
   274  5.790573e-01  5.742431e-01  7.767859e-01  1.144435e-02  6.961162e-02  7.966598e-04  3.311829e+02  1.428258e+00
   275  5.887393e-01  5.839253e-01  7.903821e-01  1.080097e-02  6.905897e-02  7.459040e-04  3.523117e+02  1.476052e+00
   276  5.984202e-01  5.936067e-01  8.040988e-01  1.019289e-02  6.850299e-02  6.982437e-04  3.748416e+02  1.525597e+00
   277  6.080994e-01  6.032867e-01  8.179349e-01  9.618290e-03  6.794376e-02  6.535028e-04  3.988663e+02  1.576956e+00
   278  6.177764e-01  6.129648e-01  8.318895e-01  9.075418e-03  6.738138e-02  6.115142e-04  4.244860e+02  1.630197e+00
   279  6.274506e-01  6.226404e-01  8.459616e-01  8.562613e-03  6.681594e-02  5.721190e-04  4.518077e+02  1.685389e+00
   280  6.371215e-01  6.323130e-01  8.601502e-01  8.078283e-03  6.624757e-02  5.351666e-04  4.809456e+02  1.742604e+00
   281  6.467885e-01  6.419819e-01  8.744542e-01  7.620916e-03  6.567640e-02  5.005144e-04  5.120214e+02  1.801918e+00
   282  6.564510e-01  6.516466e-01  8.888727e-01  7.189067e-03  6.510259e-02  4.680269e-04  5.451654e+02  1.863408e+00
   283  6.661085e-01  6.613066e-01  9.034045e-01  6.781361e-03  6.452629e-02  4.375761e-04  5.805168e+02  1.927154e+00
   284  6.757606e-01  6.709614e-01  9.180486e-01  6.396489e-03  6.394769e-02  4.090407e-04  6.182241e+02  1.993242e+00
   285  6.854067e-01  6.806104e-01  9.328039e-01  6.033208e-03  6.336698e-02  3.823062e-04  6.584460e+02  2.061758e+00
   286  6.950464e-01  6.902533e-01  9.476693e-01  5.690336e-03  6.278436e-02  3.572641e-04  7.013525e+02  2.132792e+00
   287  7.046793e-01  6.998895e-01  9.626437e-01  5.366749e-03  6.220007e-02  3.338122e-04  7.471250e+02  2.206440e+00
   288  7.143049e-01  7.095187e-01  9.777261e-01  5.061382e-03  6.161432e-02  3.118536e-04  7.959578e+02  2.282800e+00
   289  7.239230e-01  7.191406e-01  9.929154e-01  4.773224e-03  6.102738e-02  2.912973e-04  8.480586e+02  2.361973e+00
   290  7.335331e-01  7.287546e-01  1.008210e+00  4.501317e-03  6.043948e-02  2.720573e-04  9.036495e+02  2.444067e+00
   291  7.431350e-01  7.383606e-01  1.023610e+00  4.244754e-03  5.985090e-02  2.540524e-04  9.629686e+02  2.529191e+00
   292  7.527285e-01  7.479583e-01  1.039113e+00  4.002675e-03  5.926191e-02  2.372062e-04  1.026271e+03  2.617461e+00
   293  7.623134e-01  7.575474e-01  1.054718e+00  3.774268e-03  5.867277e-02  2.214467e-04  1.093828e+03  2.708998e+00
   294  7.718895e-01  7.671278e-01  1.070425e+00  3.558764e-03  5.808376e-02  2.067064e-04  1.165933e+03  2.803924e+00
   295  7.814566e-01  7.766994e-01  1.086232e+00  3.355437e-03  5.749516e-02  1.929214e-04  1.242897e+03  2.902372e+00
   296  7.910148e-01  7.862620e-01  1.102138e+00  3.163599e-03  5.690725e-02  1.800317e-04  1.325058e+03  3.004476e+00
   297  8.005639e-01  7.958156e-01  1.118142e+00  2.982605e-03  5.632028e-02  1.679811e-04  1.412771e+03  3.110377e+00
   298  8.101040e-01  8.053601e-01  1.134242e+00  2.811841e-03  5.573452e-02  1.567166e-04  1.506424e+03  3.220222e+00
   299  8.196351e-01  8.148957e-01  1.150438e+00  2.650729e-03  5.515023e-02  1.461883e-04  1.606427e+03  3.334164e+00
   300  8.291572e-01  8.244222e-01  1.166729e+00  2.498726e-03  5.456766e-02  1.363496e-04  1.713222e+03  3.452362e+00
   301  8.386705e-01  8.339399e-01  1.183113e+00  2.355318e-03  5.398703e-02  1.271566e-04  1.827283e+03  3.574982e+00
   302  8.481751e-01  8.434488e-01  1.199589e+00  2.220019e-03  5.340856e-02  1.185680e-04  1.949116e+03  3.702196e+00
   303  8.576712e-01  8.529491e-01  1.216156e+00  2.092374e-03  5.283246e-02  1.105453e-04  2.079267e+03  3.834186e+00
   304  8.671590e-01  8.624410e-01  1.232813e+00  1.971951e-03  5.225893e-02  1.030520e-04  2.218317e+03  3.971138e+00
   305  8.766387e-01  8.719247e-01  1.249559e+00  1.858344e-03  5.168813e-02  9.605430e-05  2.366893e+03  4.113248e+00
   306  8.861105e-01  8.814004e-01  1.266393e+00  1.751170e-03  5.112024e-02  8.952021e-05  2.525663e+03  4.260717e+00
   307  8.955747e-01  8.908684e-01  1.283313e+00  1.650068e-03  5.055539e-02  8.341982e-05  2.695346e+03  4.413759e+00
   308  9.050315e-01  9.003289e-01  1.300318e+00  1.554697e-03  4.999372e-02  7.772507e-05  2.876713e+03  4.572595e+00
   309  9.144814e-01  9.097821e-01  1.317409e+00  1.464736e-03  4.943534e-02  7.240972e-05  3.070591e+03  4.737452e+00
   310  9.239244e-01  9.192285e-01  1.334582e+00  1.379882e-03  4.888036e-02  6.744912e-05  3.277863e+03  4.908571e+00
   311  9.333609e-01  9.286683e-01  1.351837e+00  1.299850e-03  4.832885e-02  6.282024e-05  3.499481e+03  5.086200e+00
   312  9.427913e-01  9.381017e-01  1.369174e+00  1.224368e-03  4.778091e-02  5.850143e-05  3.736463e+03  5.270600e+00
   313  9.522158e-01  9.475291e-01  1.386590e+00  1.153184e-03  4.723659e-02  5.447247e-05  3.989902e+03  5.462038e+00
   314  9.616348e-01  9.569508e-01  1.404086e+00  1.086056e-03  4.669594e-02  5.071440e-05  4.260968e+03  5.660797e+00
   315  9.710485e-01  9.663671e-01  1.421659e+00  1.022757e-03  4.615901e-02  4.720947e-05  4.550919e+03  5.867170e+00
   316  9.804573e-01  9.757784e-01  1.439309e+00  9.630741e-04  4.562584e-02  4.394107e-05  4.861103e+03  6.081461e+00
   317  9.898614e-01  9.851848e-01  1.457034e+00  9.068037e-04  4.509646e-02  4.089364e-05  5.192966e+03  6.303988e+00
   318  9.992610e-01  9.945866e-01  1.474834e+00  8.537555e-04  4.457088e-02  3.805263e-05  5.548057e+03  6.535080e+00
   319  1.008657e+00  1.003984e+00  1.492708e+00  8.037485e-04  4.404913e-02  3.540442e-05  5.928041e+03  6.775081e+00
   320  1.018048e+00  1.013378e+00  1.510654e+00  7.566120e-04  4.353121e-02  3.293624e-05  6.334705e+03  7.024352e+00
   321  1.027437e+00  1.022768e+00  1.528672e+00  7.121853e-04  4.301715e-02  3.063618e-05  6.769961e+03  7.283262e+00
   322  1.036821e+00  1.032154e+00  1.546760e+00  6.703158e-04  4.250694e-02  2.849307e-05  7.235868e+03  7.552202e+00
   323  1.046203e+00  1.041538e+00  1.564917e+00  6.308599e-04  4.200058e-02  2.649648e-05  7.734629e+03  7.831576e+00
   324  1.055582e+00  1.050918e+00  1.583142e+00  5.936813e-04  4.149807e-02  2.463663e-05  8.268613e+03  8.121806e+00
   325  1.064959e+00  1.060296e+00  1.601435e+00  5.586518e-04  4.099942e-02  2.290440e-05  8.840359e+03  8.423329e+00
   326  1.074333e+00  1.069671e+00  1.619794e+00  5.256501e-04  4.050462e-02  2.129126e-05  9.452593e+03  8.736603e+00
   327  1.083704e+00  1.079044e+00  1.638218e+00  4.945612e-04  4.001368e-02  1.978921e-05  1.010824e+04  9.062103e+00
   328  1.093074e+00  1.088415e+00  1.656707e+00  4.652767e-04  3.952658e-02  1.839080e-05  1.081046e+04  9.400327e+00
   329  1.102442e+00  1.097784e+00  1.675259e+00  4.376944e-04  3.904335e-02  1.708906e-05  1.156260e+04  9.751788e+00
   330  1.111809e+00  1.107151e+00  1.693873e+00  4.117172e-04  3.856398e-02  1.587746e-05  1.236830e+04  1.011702e+01
   331  1.121174e+00  1.116517e+00  1.712548e+00  3.872537e-04  3.808848e-02  1.474990e-05  1.323146e+04  1.049660e+01
   332  1.130538e+00  1.125881e+00  1.731284e+00  3.642177e-04  3.761684e-02  1.370072e-05  1.415624e+04  1.089110e+01
   333  1.139900e+00  1.135244e+00  1.750080e+00  3.425278e-04  3.714906e-02  1.272458e-05  1.514713e+04  1.130112e+01
   334  1.149262e+00  1.144607e+00  1.768933e+00  3.221071e-04  3.668512e-02  1.181654e-05  1.620894e+04  1.172730e+01
   335  1.158623e+00  1.153968e+00  1.787844e+00  3.028832e-04  3.622501e-02  1.097195e-05  1.734685e+04  1.217030e+01
   336  1.167983e+00  1.163328e+00  1.806811e+00  2.847874e-04  3.576871e-02  1.018648e-05  1.856640e+04  1.263081e+01
   337  1.177343e+00  1.172688e+00  1.825834e+00  2.677548e-04  3.531623e-02  9.456090e-06  1.987355e+04  1.310954e+01
   338  1.186702e+00  1.182048e+00  1.844912e+00  2.517242e-04  3.486757e-02  8.777011e-06  2.127474e+04  1.360724e+01
   339  1.196061e+00  1.191407e+00  1.864043e+00  2.366376e-04  3.442275e-02  8.145718e-06  2.277684e+04  1.412468e+01
   340  1.205420e+00  1.200766e+00  1.883227e+00  2.224408e-04  3.398177e-02  7.558931e-06  2.438724e+04  1.466267e+01
   341  1.214778e+00  1.210124e+00  1.902463e+00  2.090824e-04  3.354458e-02  7.013581e-06  2.611388e+04  1.522206e+01
   342  1.224136e+00  1.219482e+00  1.921749e+00  1.965142e-04  3.311110e-02  6.506803e-06  2.796528e+04  1.580372e+01
   343  1.233495e+00  1.228841e+00  1.941086e+00  1.846907e-04  3.268131e-02  6.035935e-06  2.995057e+04  1.640858e+01
   344  1.242853e+00  1.238199e+00  1.960472e+00  1.735683e-04  3.225522e-02  5.598485e-06  3.207964e+04  1.703758e+01
   345  1.252212e+00  1.247558e+00  1.979907e+00  1.631057e-04  3.183290e-02  5.192125e-06  3.436315e+04  1.769174e+01
   346  1.261571e+00  1.256917e+00  1.999389e+00  1.532643e-04  3.141437e-02  4.814702e-06  3.681246e+04  1.837209e+01
   347  1.270930e+00  1.266275e+00  2.018916e+00  1.440081e-04  3.099971e-02  4.464207e-06  3.943977e+04  1.907968e+01
   348  1.280289e+00  1.275635e+00  2.038490e+00  1.353023e-04  3.058894e-02  4.138753e-06  4.225837e+04  1.981566e+01
   349  1.289649e+00  1.284994e+00  2.058108e+00  1.271146e-04  3.018210e-02  3.836586e-06  4.528244e+04  2.058120e+01
   350  1.299009e+00  1.294354e+00  2.077770e+00  1.194154e-04  2.977906e-02  3.556080e-06  4.852706e+04  2.137753e+01
   351  1.308370e+00  1.303715e+00  2.097475e+00  1.121766e-04  2.937965e-02  3.295710e-06  5.200850e+04  2.220592e+01
   352  1.317731e+00  1.313076e+00  2.117222e+00  1.053714e-04  2.898379e-02  3.054062e-06  5.574419e+04  2.306770e+01
   353  1.327093e+00  1.322437e+00  2.137010e+00  9.897387e-05  2.859158e-02  2.829820e-06  5.975309e+04  2.396425e+01
   354  1.336455e+00  1.331799e+00  2.156839e+00  9.295890e-05  2.820334e-02  2.621751e-06  6.405585e+04  2.489703e+01
   355  1.345818e+00  1.341162e+00  2.176706e+00  8.730380e-05  2.781910e-02  2.428713e-06  6.867447e+04  2.586754e+01
   356  1.355182e+00  1.350525e+00  2.196613e+00  8.198856e-05  2.743848e-02  2.249642e-06  7.363202e+04  2.687736e+01
   357  1.364546e+00  1.359889e+00  2.216557e+00  7.699385e-05  2.706122e-02  2.083547e-06  7.895331e+04  2.792811e+01
   358  1.373911e+00  1.369254e+00  2.236538e+00  7.229994e-05  2.668752e-02  1.929507e-06  8.466578e+04  2.902152e+01
   359  1.383277e+00  1.378619e+00  2.256555e+00  6.788793e-05  2.631779e-02  1.786661e-06  9.079934e+04  3.015937e+01
   360  1.392643e+00  1.387985e+00  2.276608e+00  6.374141e-05  2.595192e-02  1.654212e-06  9.738533e+04  3.134351e+01
   361  1.402010e+00  1.397352e+00  2.296694e+00  5.984569e-05  2.558945e-02  1.531419e-06  1.044568e+05  3.257589e+01
   362  1.411378e+00  1.406720e+00  2.316815e+00  5.618485e-05  2.523078e-02  1.417588e-06  1.120509e+05  3.385854e+01
   363  1.420747e+00  1.416088e+00  2.336968e+00  5.274577e-05  2.487552e-02  1.312078e-06  1.202060e+05  3.519357e+01
   364  1.430116e+00  1.425457e+00  2.357153e+00  4.951465e-05  2.452394e-02  1.214294e-06  1.289648e+05  3.658317e+01
   365  1.439486e+00  1.434826e+00  2.377369e+00  4.647809e-05  2.417651e-02  1.123678e-06  1.383741e+05  3.802965e+01
   366  1.448857e+00  1.444197e+00  2.397614e+00  4.362641e-05  2.383223e-02  1.039715e-06  1.484801e+05  3.953541e+01
   367  1.458229e+00  1.453568e+00  2.417890e+00  4.094760e-05  2.349159e-02  9.619243e-07  1.593365e+05  4.110293e+01
   368  1.467601e+00  1.462940e+00  2.438194e+00  3.843168e-05  2.315435e-02  8.898606e-07  1.709993e+05  4.273486e+01
   369  1.476975e+00  1.472313e+00  2.458525e+00  3.606691e-05  2.282173e-02  8.231093e-07  1.835341e+05  4.443391e+01
   370  1.486349e+00  1.481687e+00  2.478883e+00  3.384773e-05  2.249150e-02  7.612862e-07  1.969978e+05  4.620291e+01
   371  1.495724e+00  1.491062e+00  2.499268e+00  3.176363e-05  2.216476e-02  7.040331e-07  2.114650e+05  4.804484e+01
   372  1.505100e+00  1.500437e+00  2.519677e+00  2.980536e-05  2.184232e-02  6.510181e-07  2.270159e+05  4.996279e+01
   373  1.514476e+00  1.509813e+00  2.540110e+00  2.796714e-05  2.152286e-02  6.019329e-07  2.437261e+05  5.196001e+01
   374  1.523853e+00  1.519190e+00  2.560567e+00  2.624128e-05  2.120667e-02  5.564901e-07  2.616850e+05  5.403990e+01
   375  1.533231e+00  1.528568e+00  2.581047e+00  2.462043e-05  2.089423e-02  5.144247e-07  2.809903e+05  5.620596e+01
   376  1.542609e+00  1.537946e+00  2.601548e+00  2.309967e-05  2.058427e-02  4.754898e-07  3.017356e+05  5.846187e+01
   377  1.551989e+00  1.547325e+00  2.622070e+00  2.166937e-05  2.028004e-02  4.394556e-07  3.240555e+05  6.081151e+01
   378  1.561370e+00  1.556705e+00  2.642612e+00  2.032800e-05  1.997784e-02  4.061096e-07  3.480416e+05  6.325890e+01
   379  1.570751e+00  1.566085e+00  2.663173e+00  1.906824e-05  1.967959e-02  3.752551e-07  3.738362e+05  6.580819e+01
   380  1.580133e+00  1.575467e+00  2.683753e+00  1.788665e-05  1.938366e-02  3.467087e-07  4.015625e+05  6.846379e+01
   381  1.589515e+00  1.584849e+00  2.704349e+00  1.677643e-05  1.909226e-02  3.203001e-07  4.313916e+05  7.123030e+01
   382  1.598899e+00  1.594232e+00  2.724962e+00  1.573519e-05  1.880321e-02  2.958720e-07  4.634598e+05  7.411247e+01
   383  1.608282e+00  1.603616e+00  2.745591e+00  1.475848e-05  1.851669e-02  2.732781e-07  4.979398e+05  7.711536e+01
   384  1.617667e+00  1.613000e+00  2.766234e+00  1.384011e-05  1.823561e-02  2.523828e-07  5.350574e+05  8.024416e+01
   385  1.627052e+00  1.622385e+00  2.786890e+00  1.297911e-05  1.795659e-02  2.330606e-07  5.749674e+05  8.350430e+01
   386  1.636438e+00  1.631770e+00  2.807560e+00  1.217096e-05  1.768099e-02  2.151946e-07  6.179053e+05  8.690156e+01
   387  1.645825e+00  1.641157e+00  2.828242e+00  1.141269e-05  1.740841e-02  1.986769e-07  6.640981e+05  9.044188e+01
   388  1.655212e+00  1.650544e+00  2.848934e+00  1.070071e-05  1.713973e-02  1.834072e-07  7.138149e+05  9.413152e+01
   389  1.664599e+00  1.659931e+00  2.869636e+00  1.003404e-05  1.687184e-02  1.692927e-07  7.672608e+05  9.797700e+01
   390  1.673988e+00  1.669319e+00  2.890347e+00  9.406547e-06  1.661049e-02  1.562473e-07  8.248568e+05  1.019852e+02
   391  1.683377e+00  1.678708e+00  2.911066e+00  8.818579e-06  1.635086e-02  1.441914e-07  8.868109e+05  1.061631e+02
   392  1.692768e+00  1.688098e+00  2.931793e+00  8.266648e-06  1.609491e-02  1.330509e-07  9.535123e+05  1.105183e+02
   393  1.702157e+00  1.697488e+00  2.952525e+00  7.749980e-06  1.583972e-02  1.227575e-07  1.025240e+06  1.150586e+02
   394  1.711549e+00  1.706878e+00  2.973262e+00  7.264030e-06  1.559019e-02  1.132476e-07  1.102546e+06  1.197923e+02
   395  1.720941e+00  1.716270e+00  2.994003e+00  6.808460e-06  1.534305e-02  1.044625e-07  1.185756e+06  1.247277e+02
   396  1.730333e+00  1.725662e+00  3.014747e+00  6.381223e-06  1.509867e-02  9.634801e-08  1.275342e+06  1.298739e+02
   397  1.739726e+00  1.735055e+00  3.035493e+00  5.980705e-06  1.485670e-02  8.885351e-08  1.371786e+06  1.352403e+02
   398  1.749120e+00  1.744448e+00  3.056239e+00  5.604693e-06  1.461853e-02  8.193239e-08  1.475694e+06  1.408366e+02
   399  1.758514e+00  1.753842e+00  3.076985e+00  5.252064e-06  1.438320e-02  7.554149e-08  1.587604e+06  1.466731e+02
   400  1.767908e+00  1.763237e+00  3.097730e+00  4.921499e-06  1.415033e-02  6.964081e-08  1.708124e+06  1.527606e+02
   401  1.777304e+00  1.772631e+00  3.118471e+00  4.611446e-06  1.392042e-02  6.419329e-08  1.837962e+06  1.591104e+02
   402  1.786699e+00  1.782027e+00  3.139210e+00  4.320749e-06  1.369315e-02  5.916467e-08  1.977831e+06  1.657342e+02
   403  1.796095e+00  1.791423e+00  3.159943e+00  4.047888e-06  1.346954e-02  5.452319e-08  2.128605e+06  1.726445e+02
   404  1.805491e+00  1.800819e+00  3.180670e+00  3.792466e-06  1.324721e-02  5.023958e-08  2.290953e+06  1.798541e+02
   405  1.814889e+00  1.810215e+00  3.201389e+00  3.552378e-06  1.302975e-02  4.628661e-08  2.466112e+06  1.873767e+02
   406  1.824286e+00  1.819613e+00  3.222100e+00  3.327685e-06  1.281346e-02  4.263915e-08  2.654756e+06  1.952266e+02
   407  1.833684e+00  1.829010e+00  3.242801e+00  3.116888e-06  1.260039e-02  3.927402e-08  2.858161e+06  2.034186e+02
   408  1.843082e+00  1.838408e+00  3.263492e+00  2.919235e-06  1.239011e-02  3.616964e-08  3.077467e+06  2.119684e+02
   409  1.852481e+00  1.847807e+00  3.284169e+00  2.733848e-06  1.218288e-02  3.330615e-08  3.313985e+06  2.208925e+02
   410  1.861881e+00  1.857206e+00  3.304833e+00  2.560240e-06  1.197745e-02  3.066515e-08  3.568923e+06  2.302082e+02
   411  1.871280e+00  1.866606e+00  3.325481e+00  2.397426e-06  1.177500e-02  2.822969e-08  3.843920e+06  2.399331e+02
   412  1.880681e+00  1.876006e+00  3.346113e+00  2.244577e-06  1.157635e-02  2.598400e-08  4.140757e+06  2.500865e+02
   413  1.890081e+00  1.885406e+00  3.366726e+00  2.101744e-06  1.137793e-02  2.391349e-08  4.460552e+06  2.606885e+02
   414  1.899482e+00  1.894807e+00  3.387321e+00  1.967574e-06  1.118370e-02  2.200477e-08  4.805914e+06  2.717596e+02
   415  1.908884e+00  1.904208e+00  3.407894e+00  1.841908e-06  1.099152e-02  2.024536e-08  5.178491e+06  2.833221e+02
   416  1.918285e+00  1.913610e+00  3.428445e+00  1.724213e-06  1.080135e-02  1.862383e-08  5.580461e+06  2.953988e+02
   417  1.927688e+00  1.923012e+00  3.448972e+00  1.613672e-06  1.061524e-02  1.712952e-08  6.014780e+06  3.080141e+02
   418  1.937090e+00  1.932415e+00  3.469473e+00  1.510349e-06  1.042980e-02  1.575265e-08  6.483128e+06  3.211933e+02
   419  1.946494e+00  1.941817e+00  3.489947e+00  1.413354e-06  1.024805e-02  1.448412e-08  6.989216e+06  3.349633e+02
   420  1.955897e+00  1.951221e+00  3.510392e+00  1.322575e-06  1.006792e-02  1.331558e-08  7.535460e+06  3.493520e+02
   421  1.965300e+00  1.960624e+00  3.530806e+00  1.237646e-06  9.889167e-03  1.223929e-08  8.125005e+06  3.643889e+02
   422  1.974704e+00  1.970027e+00  3.551188e+00  1.157722e-06  9.715690e-03  1.124807e-08  8.763121e+06  3.801056e+02
   423  1.984109e+00  1.979432e+00  3.571535e+00  1.083047e-06  9.542844e-03  1.033534e-08  9.451788e+06  3.965343e+02
   424  1.993513e+00  1.988837e+00  3.591847e+00  1.013223e-06  9.371097e-03  9.495007e-09  1.019530e+07  4.137096e+02
   425  2.002918e+00  1.998241e+00  3.612121e+00  9.476428e-07  9.203270e-03  8.721413e-09  1.099979e+07  4.316680e+02
   426  2.012323e+00  2.007646e+00  3.632356e+00  8.863538e-07  9.036301e-03  8.009360e-09  1.186855e+07  4.504477e+02
   427  2.021728e+00  2.017051e+00  3.652549e+00  8.287869e-07  8.873262e-03  7.354043e-09  1.280901e+07  4.700891e+02
   428  2.031134e+00  2.026456e+00  3.672697e+00  7.749867e-07  8.711187e-03  6.751055e-09  1.382506e+07  4.906338e+02
   429  2.040540e+00  2.035862e+00  3.692801e+00  7.245165e-07  8.552302e-03  6.196283e-09  1.492486e+07  5.121269e+02
   430  2.049946e+00  2.045268e+00  3.712856e+00  6.773549e-07  8.394346e-03  5.685951e-09  1.611351e+07  5.346157e+02
   431  2.059352e+00  2.054674e+00  3.732862e+00  6.331247e-07  8.239421e-03  5.216581e-09  1.740053e+07  5.581492e+02
   432  2.068759e+00  2.064081e+00  3.752816e+00  5.917192e-07  8.086504e-03  4.784939e-09  1.879334e+07  5.827805e+02
   433  2.078166e+00  2.073488e+00  3.772715e+00  5.529862e-07  7.935207e-03  4.388060e-09  2.030049e+07  6.085650e+02
   434  2.087573e+00  2.082895e+00  3.792558e+00  5.167135e-07  7.786149e-03  4.023208e-09  2.193254e+07  6.355607e+02
   435  2.096980e+00  2.092302e+00  3.812342e+00  4.827679e-07  7.638989e-03  3.687859e-09  2.369975e+07  6.638289e+02
   436  2.106388e+00  2.101710e+00  3.832064e+00  4.509255e-07  7.494989e-03  3.379682e-09  2.561590e+07  6.934343e+02
   437  2.115795e+00  2.111117e+00  3.851724e+00  4.212667e-07  7.350480e-03  3.096512e-09  2.768758e+07  7.244474e+02
   438  2.125204e+00  2.120525e+00  3.871316e+00  3.933570e-07  7.210681e-03  2.836372e-09  2.993815e+07  7.569404e+02
   439  2.134612e+00  2.129933e+00  3.890841e+00  3.673117e-07  7.071488e-03  2.597440e-09  3.237501e+07  7.909891e+02
   440  2.144021e+00  2.139342e+00  3.910294e+00  3.429470e-07  6.934070e-03  2.378018e-09  3.501700e+07  8.266766e+02
   441  2.153430e+00  2.148751e+00  3.929672e+00  3.200995e-07  6.799648e-03  2.176564e-09  3.788539e+07  8.640872e+02
   442  2.162839e+00  2.158160e+00  3.948974e+00  2.987882e-07  6.665731e-03  1.991642e-09  4.099328e+07  9.033117e+02
   443  2.172249e+00  2.167569e+00  3.968197e+00  2.788232e-07  6.534330e-03  1.821923e-09  4.436807e+07  9.444485e+02
   444  2.181658e+00  2.176979e+00  3.987338e+00  2.601610e-07  6.404456e-03  1.666190e-09  4.803045e+07  9.875999e+02
   445  2.191068e+00  2.186389e+00  4.006394e+00  2.427002e-07  6.276542e-03  1.523318e-09  5.200793e+07  1.032875e+03
   446  2.200477e+00  2.195798e+00  4.025361e+00  2.263758e-07  6.150318e-03  1.392283e-09  5.632760e+07  1.080387e+03
   447  2.209887e+00  2.205207e+00  4.044236e+00  2.110942e-07  6.026369e-03  1.272131e-09  6.102333e+07  1.130257e+03
   448  2.219297e+00  2.214617e+00  4.063018e+00  1.968196e-07  5.903772e-03  1.161978e-09  6.612518e+07  1.182618e+03
   449  2.228706e+00  2.224027e+00  4.081701e+00  1.834784e-07  5.782803e-03  1.061020e-09  7.167138e+07  1.237604e+03
   450  2.238118e+00  2.233438e+00  4.100285e+00  1.709915e-07  5.664065e-03  9.685067e-10  7.770724e+07  1.295364e+03
   451  2.247528e+00  2.242848e+00  4.118764e+00  1.593361e-07  5.546483e-03  8.837551e-10  8.427076e+07  1.356055e+03
   452  2.256939e+00  2.252259e+00  4.137136e+00  1.484401e-07  5.430720e-03  8.061366e-10  9.141555e+07  1.419838e+03
   453  2.266349e+00  2.261669e+00  4.155398e+00  1.382637e-07  5.316409e-03  7.350665e-10  9.919335e+07  1.486894e+03
   454  2.275760e+00  2.271080e+00  4.173546e+00  1.287450e-07  5.204172e-03  6.700110e-10  1.076698e+08  1.557408e+03
   455  2.285171e+00  2.280491e+00  4.191575e+00  1.198547e-07  5.093484e-03  6.104779e-10  1.169062e+08  1.631580e+03
   456  2.294582e+00  2.289902e+00  4.209483e+00  1.115575e-07  4.984119e-03  5.560159e-10  1.269717e+08  1.709620e+03
   457  2.303993e+00  2.299313e+00  4.227266e+00  1.038098e-07  4.876286e-03  5.062063e-10  1.379485e+08  1.791759e+03
   458  2.313404e+00  2.308724e+00  4.244922e+00  9.657141e-08  4.770177e-03  4.606627e-10  1.499285e+08  1.878243e+03
   459  2.322816e+00  2.318135e+00  4.262445e+00  8.981044e-08  4.665762e-03  4.190341e-10  1.630091e+08  1.969330e+03
   460  2.332226e+00  2.327546e+00  4.279832e+00  8.351022e-08  4.562299e-03  3.809986e-10  1.772836e+08  2.065293e+03
   461  2.341637e+00  2.336957e+00  4.297077e+00  7.761355e-08  4.461306e-03  3.462578e-10  1.928997e+08  2.166424e+03
   462  2.351047e+00  2.346368e+00  4.314179e+00  7.213177e-08  4.360572e-03  3.145357e-10  2.099432e+08  2.273046e+03
   463  2.360459e+00  2.355779e+00  4.331132e+00  6.699603e-08  4.262630e-03  2.855793e-10  2.286189e+08  2.385503e+03
   464  2.369870e+00  2.365190e+00  4.347934e+00  6.221922e-08  4.165244e-03  2.591582e-10  2.490320e+08  2.504152e+03
   465  2.379280e+00  2.374600e+00  4.364577e+00  5.776240e-08  4.069439e-03  2.350605e-10  2.713861e+08  2.629380e+03
   466  2.388691e+00  2.384011e+00  4.381063e+00  5.360423e-08  3.975216e-03  2.130884e-10  2.958834e+08  2.761616e+03
   467  2.398102e+00  2.393422e+00  4.397382e+00  4.972552e-08  3.882557e-03  1.930622e-10  3.227466e+08  2.901313e+03
   468  2.407512e+00  2.402833e+00  4.413531e+00  4.611523e-08  3.790930e-03  1.748196e-10  3.521947e+08  3.048935e+03
   469  2.416924e+00  2.412243e+00  4.429508e+00  4.274640e-08  3.701066e-03  1.582073e-10  3.845360e+08  3.205015e+03
   470  2.426335e+00  2.421655e+00  4.445308e+00  3.961140e-08  3.612228e-03  1.430854e-10  4.200416e+08  3.370122e+03
   471  2.435744e+00  2.431065e+00  4.460922e+00  3.669043e-08  3.524857e-03  1.293285e-10  4.590675e+08  3.544836e+03
   472  2.445155e+00  2.440475e+00  4.476353e+00  3.397267e-08  3.438589e-03  1.168180e-10  5.019728e+08  3.729824e+03
   473  2.454564e+00  2.449885e+00  4.491590e+00  3.143783e-08  3.354129e-03  1.054465e-10  5.492343e+08  3.925791e+03
   474  2.463974e+00  2.459295e+00  4.506634e+00  2.908676e-08  3.270065e-03  9.511559e-11  6.012104e+08  4.133495e+03
   475  2.473383e+00  2.468704e+00  4.521475e+00  2.688925e-08  3.188441e-03  8.573479e-11  6.586157e+08  4.353762e+03
   476  2.482792e+00  2.478113e+00  4.536111e+00  2.485073e-08  3.107439e-03  7.722213e-11  7.218709e+08  4.587461e+03
   477  2.492201e+00  2.487522e+00  4.550538e+00  2.295348e-08  3.027906e-03  6.950097e-11  7.917359e+08  4.835572e+03
   478  2.501610e+00  2.496931e+00  4.564753e+00  2.119354e-08  2.949078e-03  6.250140e-11  8.688671e+08  5.099157e+03
   479  2.511017e+00  2.506339e+00  4.578744e+00  1.955191e-08  2.872384e-03  5.616059e-11  9.543101e+08  5.379320e+03
   480  2.520425e+00  2.515746e+00  4.592517e+00  1.803305e-08  2.795960e-03  5.041970e-11  1.048734e+09  5.677317e+03
   481  2.529833e+00  2.525154e+00  4.606062e+00  1.661716e-08  2.721553e-03  4.522449e-11  1.153546e+09  5.994548e+03
   482  2.539238e+00  2.534561e+00  4.619369e+00  1.530525e-08  2.647967e-03  4.052781e-11  1.269706e+09  6.332376e+03
   483  2.548645e+00  2.543967e+00  4.632443e+00  1.408847e-08  2.575456e-03  3.628424e-11  1.398650e+09  6.692436e+03
   484  2.558050e+00  2.553373e+00  4.645273e+00  1.295704e-08  2.504626e-03  3.245255e-11  1.542136e+09  7.076505e+03
   485  2.567455e+00  2.562778e+00  4.657858e+00  1.191154e-08  2.434242e-03  2.899559e-11  1.701571e+09  7.486474e+03
   486  2.576859e+00  2.572182e+00  4.670191e+00  1.093934e-08  2.365681e-03  2.587898e-11  1.879450e+09  7.924460e+03
   487  2.586262e+00  2.581586e+00  4.682273e+00  1.004351e-08  2.297133e-03  2.307128e-11  2.077406e+09  8.392811e+03
   488  2.595665e+00  2.590989e+00  4.694093e+00  9.208444e-09  2.231006e-03  2.054409e-11  2.299129e+09  8.894055e+03
   489  2.605065e+00  2.600390e+00  4.705648e+00  8.438224e-09  2.165380e-03  1.827196e-11  2.546724e+09  9.430847e+03
   490  2.614464e+00  2.609790e+00  4.716936e+00  7.726167e-09  2.100748e-03  1.623073e-11  2.823897e+09  1.000632e+04
   491  2.623862e+00  2.619188e+00  4.727955e+00  7.067648e-09  2.037223e-03  1.439838e-11  3.134771e+09  1.062396e+04
   492  2.633258e+00  2.628586e+00  4.738698e+00  6.459577e-09  1.974618e-03  1.275520e-11  3.483809e+09  1.128755e+04
   493  2.642655e+00  2.637982e+00  4.749160e+00  5.895759e-09  1.913818e-03  1.128341e-11  3.877127e+09  1.200116e+04
   494  2.652046e+00  2.647376e+00  4.759340e+00  5.378195e-09  1.853152e-03  9.966616e-12  4.319245e+09  1.276937e+04
   495  2.661437e+00  2.656767e+00  4.769233e+00  4.899173e-09  1.794141e-03  8.789805e-12  4.818912e+09  1.359733e+04
   496  2.670822e+00  2.666155e+00  4.778833e+00  4.457846e-09  1.736152e-03  7.739498e-12  5.383703e+09  1.449062e+04
   497  2.680210e+00  2.675541e+00  4.788149e+00  4.053600e-09  1.678211e-03  6.802797e-12  6.021931e+09  1.545609e+04
   498  2.689592e+00  2.684927e+00  4.797166e+00  3.679234e-09  1.622221e-03  5.968532e-12  6.748194e+09  1.650097e+04
   499  2.698970e+00  2.694307e+00  4.805881e+00  3.334692e-09  1.567473e-03  5.227039e-12  7.574331e+09  1.763256e+04
