     i         log_r      log_rmid             m           rho            v2        trelax            kn
     0  -1.741842e+00  -2.042872e+00  4.936543e-05  2.489263e+01  2.116027e-01  8.733103e-02  1.084281e-02
     1  -1.730779e+00  -1.736275e+00  5.328937e-05  2.491387e+01  2.114223e-01  8.729379e-02  1.084281e-02
     2  -1.719716e+00  -1.725212e+00  5.752323e-05  2.490638e+01  2.114128e-01  8.732200e-02  1.084468e-02
     3  -1.708650e+00  -1.714148e+00  6.209370e-05  2.489850e+01  2.114029e-01  8.735170e-02  1.084665e-02
     4  -1.697586e+00  -1.703083e+00  6.702432e-05  2.489020e+01  2.113925e-01  8.738297e-02  1.084873e-02
     5  -1.686514e+00  -1.692015e+00  7.234881e-05  2.488147e+01  2.113815e-01  8.741590e-02  1.085091e-02
     6  -1.675449e+00  -1.680946e+00  7.809033e-05  2.487229e+01  2.113699e-01  8.745056e-02  1.085321e-02
     7  -1.664386e+00  -1.669883e+00  8.428458e-05  2.486264e+01  2.113577e-01  8.748704e-02  1.085563e-02
     8  -1.653321e+00  -1.658818e+00  9.096964e-05  2.485248e+01  2.113449e-01  8.752544e-02  1.085818e-02
     9  -1.642254e+00  -1.647752e+00  9.818356e-05  2.484180e+01  2.113315e-01  8.756587e-02  1.086086e-02
    10  -1.631184e+00  -1.636684e+00  1.059689e-04  2.483056e+01  2.113173e-01  8.760844e-02  1.086368e-02
    11  -1.620123e+00  -1.625618e+00  1.143624e-04  2.481875e+01  2.113024e-01  8.765324e-02  1.086665e-02
    12  -1.609061e+00  -1.614557e+00  1.234185e-04  2.480633e+01  2.112867e-01  8.770038e-02  1.086977e-02
    13  -1.597997e+00  -1.603494e+00  1.331900e-04  2.479326e+01  2.112702e-01  8.775002e-02  1.087306e-02
    14  -1.586938e+00  -1.592433e+00  1.437275e-04  2.477953e+01  2.112528e-01  8.780226e-02  1.087652e-02
    15  -1.575875e+00  -1.581371e+00  1.550994e-04  2.476509e+01  2.112345e-01  8.785726e-02  1.088016e-02
    16  -1.564818e+00  -1.570311e+00  1.673596e-04  2.474991e+01  2.112153e-01  8.791516e-02  1.088399e-02
    17  -1.553764e+00  -1.559255e+00  1.805806e-04  2.473395e+01  2.111951e-01  8.797608e-02  1.088802e-02
    18  -1.542708e+00  -1.548200e+00  1.948435e-04  2.471718e+01  2.111738e-01  8.804021e-02  1.089227e-02
    19  -1.531657e+00  -1.537147e+00  2.102204e-04  2.469955e+01  2.111515e-01  8.810772e-02  1.089673e-02
    20  -1.520607e+00  -1.526097e+00  2.268022e-04  2.468102e+01  2.111280e-01  8.817876e-02  1.090143e-02
    21  -1.509557e+00  -1.515047e+00  2.446857e-04  2.466155e+01  2.111033e-01  8.825355e-02  1.090637e-02
    22  -1.498507e+00  -1.503997e+00  2.639729e-04  2.464108e+01  2.110772e-01  8.833229e-02  1.091157e-02
    23  -1.487461e+00  -1.492949e+00  2.847617e-04  2.461958e+01  2.110499e-01  8.841518e-02  1.091704e-02
    24  -1.476420e+00  -1.481906e+00  3.071688e-04  2.459699e+01  2.110212e-01  8.850240e-02  1.092279e-02
    25  -1.465380e+00  -1.470865e+00  3.313271e-04  2.457326e+01  2.109909e-01  8.859421e-02  1.092885e-02
    26  -1.454344e+00  -1.459827e+00  3.573620e-04  2.454833e+01  2.109592e-01  8.869084e-02  1.093522e-02
    27  -1.443309e+00  -1.448792e+00  3.854278e-04  2.452215e+01  2.109257e-01  8.879257e-02  1.094192e-02
    28  -1.432275e+00  -1.437757e+00  4.156808e-04  2.449465e+01  2.108906e-01  8.889966e-02  1.094898e-02
    29  -1.421245e+00  -1.426725e+00  4.482776e-04  2.446577e+01  2.108537e-01  8.901239e-02  1.095640e-02
    30  -1.410216e+00  -1.415695e+00  4.834077e-04  2.443545e+01  2.108149e-01  8.913106e-02  1.096420e-02
    31  -1.399190e+00  -1.404668e+00  5.212579e-04  2.440361e+01  2.107741e-01  8.925600e-02  1.097241e-02
    32  -1.388168e+00  -1.393644e+00  5.620357e-04  2.437018e+01  2.107312e-01  8.938751e-02  1.098105e-02
    33  -1.377149e+00  -1.382623e+00  6.059606e-04  2.433510e+01  2.106861e-01  8.952595e-02  1.099014e-02
    34  -1.366132e+00  -1.371606e+00  6.532785e-04  2.429828e+01  2.106388e-01  8.967169e-02  1.099970e-02
    35  -1.355119e+00  -1.360591e+00  7.042385e-04  2.425964e+01  2.105890e-01  8.982514e-02  1.100976e-02
    36  -1.344109e+00  -1.349579e+00  7.591240e-04  2.421909e+01  2.105367e-01  8.998668e-02  1.102034e-02
    37  -1.333101e+00  -1.338570e+00  8.182252e-04  2.417655e+01  2.104817e-01  9.015678e-02  1.103147e-02
    38  -1.322096e+00  -1.327564e+00  8.818583e-04  2.413193e+01  2.104240e-01  9.033586e-02  1.104318e-02
    39  -1.311095e+00  -1.316561e+00  9.503637e-04  2.408514e+01  2.103634e-01  9.052443e-02  1.105549e-02
    40  -1.300095e+00  -1.305560e+00  1.024119e-03  2.403606e+01  2.102996e-01  9.072301e-02  1.106845e-02
    41  -1.289100e+00  -1.294563e+00  1.103493e-03  2.398460e+01  2.102327e-01  9.093212e-02  1.108208e-02
    42  -1.278107e+00  -1.283568e+00  1.188917e-03  2.393066e+01  2.101624e-01  9.115233e-02  1.109642e-02
    43  -1.267118e+00  -1.272577e+00  1.280828e-03  2.387413e+01  2.100886e-01  9.138424e-02  1.111150e-02
    44  -1.256131e+00  -1.261589e+00  1.379723e-03  2.381488e+01  2.100110e-01  9.162848e-02  1.112737e-02
    45  -1.245147e+00  -1.250604e+00  1.486103e-03  2.375281e+01  2.099296e-01  9.188575e-02  1.114406e-02
    46  -1.234166e+00  -1.239622e+00  1.600525e-03  2.368779e+01  2.098441e-01  9.215674e-02  1.116162e-02
    47  -1.223188e+00  -1.228643e+00  1.723575e-03  2.361969e+01  2.097543e-01  9.244222e-02  1.118009e-02
    48  -1.212213e+00  -1.217666e+00  1.855885e-03  2.354838e+01  2.096601e-01  9.274297e-02  1.119952e-02
    49  -1.201241e+00  -1.206692e+00  1.998123e-03  2.347374e+01  2.095611e-01  9.305985e-02  1.121996e-02
    50  -1.190271e+00  -1.195721e+00  2.151017e-03  2.339562e+01  2.094573e-01  9.339374e-02  1.124146e-02
    51  -1.179304e+00  -1.184753e+00  2.315332e-03  2.331387e+01  2.093483e-01  9.374561e-02  1.126408e-02
    52  -1.168338e+00  -1.173786e+00  2.491891e-03  2.322835e+01  2.092339e-01  9.411645e-02  1.128788e-02
    53  -1.157375e+00  -1.162822e+00  2.681574e-03  2.313892e+01  2.091139e-01  9.450734e-02  1.131292e-02
    54  -1.146415e+00  -1.151860e+00  2.885299e-03  2.304541e+01  2.089880e-01  9.491938e-02  1.133926e-02
    55  -1.135456e+00  -1.140901e+00  3.104081e-03  2.294767e+01  2.088559e-01  9.535380e-02  1.136698e-02
    56  -1.124499e+00  -1.129943e+00  3.338977e-03  2.284554e+01  2.087173e-01  9.581186e-02  1.139614e-02
    57  -1.113544e+00  -1.118987e+00  3.591122e-03  2.273886e+01  2.085719e-01  9.629493e-02  1.142682e-02
    58  -1.102590e+00  -1.108032e+00  3.861724e-03  2.262745e+01  2.084195e-01  9.680444e-02  1.145911e-02
    59  -1.091637e+00  -1.097079e+00  4.152066e-03  2.251114e+01  2.082597e-01  9.734194e-02  1.149308e-02
    60  -1.080685e+00  -1.086126e+00  4.463517e-03  2.238976e+01  2.080921e-01  9.790905e-02  1.152883e-02
    61  -1.069733e+00  -1.075174e+00  4.797536e-03  2.226313e+01  2.079164e-01  9.850752e-02  1.156646e-02
    62  -1.058781e+00  -1.064222e+00  5.155655e-03  2.213108e+01  2.077322e-01  9.913921e-02  1.160605e-02
    63  -1.047829e+00  -1.053271e+00  5.539526e-03  2.199343e+01  2.075392e-01  9.980610e-02  1.164773e-02
    64  -1.036876e+00  -1.042318e+00  5.950900e-03  2.184998e+01  2.073369e-01  1.005103e-01  1.169160e-02
    65  -1.025923e+00  -1.031365e+00  6.391610e-03  2.170057e+01  2.071249e-01  1.012541e-01  1.173778e-02
    66  -1.014967e+00  -1.020411e+00  6.863620e-03  2.154502e+01  2.069029e-01  1.020399e-01  1.178640e-02
    67  -1.004010e+00  -1.009454e+00  7.369017e-03  2.138313e+01  2.066703e-01  1.028702e-01  1.183759e-02
    68  -9.930501e-01  -9.984955e-01  7.909987e-03  2.121473e+01  2.064267e-01  1.037480e-01  1.189149e-02
    69  -9.820870e-01  -9.875340e-01  8.488863e-03  2.103964e+01  2.061716e-01  1.046760e-01  1.194825e-02
    70  -9.711199e-01  -9.765688e-01  9.108117e-03  2.085769e+01  2.059045e-01  1.056576e-01  1.200803e-02
    71  -9.601483e-01  -9.655994e-01  9.770334e-03  2.066870e+01  2.056249e-01  1.066962e-01  1.207100e-02
    72  -9.491714e-01  -9.546252e-01  1.047826e-02  2.047251e+01  2.053322e-01  1.077954e-01  1.213734e-02
    73  -9.381885e-01  -9.436453e-01  1.123480e-02  2.026896e+01  2.050259e-01  1.089593e-01  1.220724e-02
    74  -9.271987e-01  -9.326588e-01  1.204299e-02  2.005789e+01  2.047055e-01  1.101920e-01  1.228091e-02
    75  -9.162010e-01  -9.216650e-01  1.290606e-02  1.983915e+01  2.043702e-01  1.114983e-01  1.235855e-02
    76  -9.051946e-01  -9.106630e-01  1.382737e-02  1.961261e+01  2.040196e-01  1.128831e-01  1.244039e-02
    77  -8.941784e-01  -8.996516e-01  1.481049e-02  1.937814e+01  2.036529e-01  1.143517e-01  1.252670e-02
    78  -8.831511e-01  -8.886298e-01  1.585915e-02  1.913561e+01  2.032694e-01  1.159102e-01  1.261771e-02
    79  -8.721117e-01  -8.775963e-01  1.697728e-02  1.888494e+01  2.028686e-01  1.175647e-01  1.271372e-02
    80  -8.610588e-01  -8.665501e-01  1.816896e-02  1.862603e+01  2.024496e-01  1.193222e-01  1.281502e-02
    81  -8.499911e-01  -8.554897e-01  1.943850e-02  1.835880e+01  2.020118e-01  1.211901e-01  1.292192e-02
    82  -8.389071e-01  -8.444138e-01  2.079041e-02  1.808320e+01  2.015544e-01  1.231767e-01  1.303479e-02
    83  -8.278053e-01  -8.333207e-01  2.222937e-02  1.779920e+01  2.010766e-01  1.252907e-01  1.315397e-02
    84  -8.166838e-01  -8.222089e-01  2.376030e-02  1.750678e+01  2.005776e-01  1.275418e-01  1.327986e-02
    85  -8.055412e-01  -8.110768e-01  2.538829e-02  1.720594e+01  2.000566e-01  1.299407e-01  1.341288e-02
    86  -7.943752e-01  -7.999223e-01  2.711870e-02  1.689672e+01  1.995127e-01  1.324989e-01  1.355349e-02
    87  -7.831840e-01  -7.887436e-01  2.895704e-02  1.657917e+01  1.989450e-01  1.352293e-01  1.370218e-02
    88  -7.719654e-01  -7.775385e-01  3.090905e-02  1.625338e+01  1.983526e-01  1.381457e-01  1.385948e-02
    89  -7.607169e-01  -7.663047e-01  3.298073e-02  1.591947e+01  1.977346e-01  1.412635e-01  1.402594e-02
    90  -7.494363e-01  -7.550400e-01  3.517823e-02  1.557757e+01  1.970900e-01  1.445999e-01  1.420220e-02
    91  -7.381208e-01  -7.437417e-01  3.750796e-02  1.522786e+01  1.964178e-01  1.481735e-01  1.438891e-02
    92  -7.267675e-01  -7.324070e-01  3.997652e-02  1.487056e+01  1.957170e-01  1.520052e-01  1.458679e-02
    93  -7.153735e-01  -7.210331e-01  4.259071e-02  1.450591e+01  1.949865e-01  1.561179e-01  1.479664e-02
    94  -7.039356e-01  -7.096169e-01  4.535754e-02  1.413419e+01  1.942253e-01  1.605374e-01  1.501929e-02
    95  -6.924500e-01  -6.981548e-01  4.828429e-02  1.375573e+01  1.934322e-01  1.652921e-01  1.525568e-02
    96  -6.809136e-01  -6.866435e-01  5.137828e-02  1.337087e+01  1.926060e-01  1.704140e-01  1.550683e-02
    97  -6.693220e-01  -6.750791e-01  5.464712e-02  1.298003e+01  1.917457e-01  1.759387e-01  1.577383e-02
    98  -6.576712e-01  -6.634576e-01  5.809861e-02  1.258364e+01  1.908500e-01  1.819062e-01  1.605789e-02
    99  -6.459566e-01  -6.517744e-01  6.174066e-02  1.218218e+01  1.899176e-01  1.883616e-01  1.636035e-02
   100  -6.341733e-01  -6.400250e-01  6.558137e-02  1.177617e+01  1.889474e-01  1.953555e-01  1.668266e-02
   101  -6.223161e-01  -6.282042e-01  6.962896e-02  1.136616e+01  1.879379e-01  2.029453e-01  1.702643e-02
   102  -6.103795e-01  -6.163068e-01  7.389183e-02  1.095277e+01  1.868879e-01  2.111959e-01  1.739343e-02
   103  -5.983574e-01  -6.043268e-01  7.837842e-02  1.053662e+01  1.857959e-01  2.201814e-01  1.778562e-02
   104  -5.862434e-01  -5.922582e-01  8.309731e-02  1.011840e+01  1.846606e-01  2.299858e-01  1.820517e-02
   105  -5.740306e-01  -5.800941e-01  8.805718e-02  9.698818e+00  1.834804e-01  2.407057e-01  1.865449e-02
   106  -5.617113e-01  -5.678273e-01  9.326673e-02  9.278625e+00  1.822540e-01  2.524514e-01  1.913627e-02
   107  -5.492777e-01  -5.554500e-01  9.873473e-02  8.858602e+00  1.809798e-01  2.653504e-01  1.965351e-02
   108  -5.367209e-01  -5.429539e-01  1.044700e-01  8.439561e+00  1.796561e-01  2.795498e-01  2.020956e-02
   109  -5.240315e-01  -5.303299e-01  1.104813e-01  8.022337e+00  1.782815e-01  2.952201e-01  2.080818e-02
   110  -5.111993e-01  -5.175680e-01  1.167774e-01  7.607794e+00  1.768542e-01  3.125601e-01  2.145363e-02
   111  -4.982132e-01  -5.046577e-01  1.233670e-01  7.196814e+00  1.753725e-01  3.318020e-01  2.215067e-02
   112  -4.850611e-01  -4.915874e-01  1.302589e-01  6.790290e+00  1.738347e-01  3.532185e-01  2.290474e-02
   113  -4.717300e-01  -4.783444e-01  1.374615e-01  6.389130e+00  1.722390e-01  3.771312e-01  2.372199e-02
   114  -4.582055e-01  -4.649151e-01  1.449834e-01  5.994248e+00  1.705835e-01  4.039213e-01  2.460945e-02
   115  -4.444720e-01  -4.512844e-01  1.528329e-01  5.606554e+00  1.688664e-01  4.340426e-01  2.557515e-02
   116  -4.305124e-01  -4.374361e-01  1.610180e-01  5.226958e+00  1.670857e-01  4.680384e-01  2.662831e-02
   117  -4.163080e-01  -4.233521e-01  1.695469e-01  4.856353e+00  1.652393e-01  5.065626e-01  2.777960e-02
   118  -4.018381e-01  -4.090128e-01  1.784273e-01  4.495616e+00  1.633253e-01  5.504072e-01  2.904133e-02
   119  -3.870800e-01  -3.943963e-01  1.876667e-01  4.145600e+00  1.613415e-01  6.005367e-01  3.042783e-02
   120  -3.720086e-01  -3.794789e-01  1.972725e-01  3.807126e+00  1.592857e-01  6.581339e-01  3.195587e-02
   121  -3.565961e-01  -3.642340e-01  2.072515e-01  3.480977e+00  1.571558e-01  7.246589e-01  3.364511e-02
   122  -3.408116e-01  -3.486321e-01  2.176105e-01  3.167887e+00  1.549495e-01  8.019278e-01  3.551876e-02
   123  -3.246208e-01  -3.326407e-01  2.283559e-01  2.868540e+00  1.526644e-01  8.922164e-01  3.760438e-02
   124  -3.079852e-01  -3.162233e-01  2.394938e-01  2.583557e+00  1.502984e-01  9.984004e-01  3.993480e-02
   125  -2.908618e-01  -2.993391e-01  2.510298e-01  2.313493e+00  1.478489e-01  1.124146e+00  4.254951e-02
   126  -2.732024e-01  -2.819423e-01  2.629693e-01  2.058825e+00  1.453139e-01  1.274169e+00  4.549614e-02
   127  -2.549524e-01  -2.639815e-01  2.753172e-01  1.819947e+00  1.426909e-01  1.454598e+00  4.883264e-02
   128  -2.360504e-01  -2.453985e-01  2.880780e-01  1.597166e+00  1.399778e-01  1.673479e+00  5.262996e-02
   129  -2.164265e-01  -2.261276e-01  3.012559e-01  1.390689e+00  1.371727e-01  1.941495e+00  5.697561e-02
   130  -1.960017e-01  -2.060941e-01  3.148546e-01  1.200619e+00  1.342737e-01  2.273000e+00  6.197830e-02
   131  -1.746856e-01  -1.852129e-01  3.288774e-01  1.026949e+00  1.312796e-01  2.687524e+00  6.777423e-02
   132  -1.523752e-01  -1.633871e-01  3.433271e-01  8.695581e-01  1.281895e-01  3.211998e+00  7.453535e-02
   133  -1.289530e-01  -1.405062e-01  3.582062e-01  7.282018e-01  1.250032e-01  3.884075e+00  8.248050e-02
   134  -1.042848e-01  -1.164438e-01  3.735166e-01  6.025110e-01  1.217218e-01  4.757194e+00  9.189060e-02
   135  -7.821764e-02  -9.105566e-02  3.892599e-01  4.919879e-01  1.183475e-01  5.908347e+00  1.031290e-01
   136  -5.057841e-02  -6.417819e-02  4.054373e-01  3.960043e-01  1.148847e-01  7.450217e+00  1.166693e-01
   137  -2.117274e-02  -3.562674e-02  4.220493e-01  3.138023e-01  1.113401e-01  9.550325e+00  1.331325e-01
   138  1.021394e-02  -5.195922e-03  4.390963e-01  2.444972e-01  1.077236e-01  1.246151e+01  1.533364e-01
   139  4.381218e-02  2.733789e-02  4.565780e-01  1.870849e-01  1.040493e-01  1.657073e+01  1.783605e-01
   140  7.985868e-02  6.220931e-02  4.744939e-01  1.404535e-01  1.003362e-01  2.247700e+01  2.096247e-01
   141  1.185774e-01  9.964938e-02  4.928430e-01  1.034022e-01  9.660872e-02  3.111444e+01  2.489801e-01
   142  1.601486e-01  1.398602e-01  5.116240e-01  7.466726e-02  9.289652e-02  4.394101e+01  2.987947e-01
   143  2.046607e-01  1.829747e-01  5.308350e-01  5.295802e-02  8.923357e-02  6.321266e+01  3.619993e-01
   144  2.520505e-01  2.290017e-01  5.504739e-01  3.700090e-02  8.565486e-02  9.234465e+01  4.420339e-01
   145  3.020376e-01  2.777628e-01  5.705382e-01  2.558960e-02  8.219160e-02  1.363085e+02  5.426156e-01
   146  3.540806e-01  3.288382e-01  5.910251e-01  1.763543e-02  7.886562e-02  2.019157e+02  6.672689e-01
   147  4.073844e-01  3.815498e-01  6.119315e-01  1.220834e-02  7.568560e-02  2.977397e+02  8.186586e-01
   148  4.609809e-01  4.350090e-01  6.332539e-01  8.559692e-03  7.264799e-02  4.334411e+02  9.979227e-01
   149  5.138675e-01  4.882288e-01  6.549885e-01  6.122158e-03  6.974281e-02  6.185086e+02  1.204303e+00
   150  5.651575e-01  5.402692e-01  6.771312e-01  4.489282e-03  6.696112e-02  8.608188e+02  1.435284e+00
   151  6.141848e-01  5.903626e-01  6.996779e-01  3.383310e-03  6.429958e-02  1.165612e+03  1.687185e+00
   152  6.605390e-01  6.379801e-01  7.226239e-01  2.620969e-03  6.176035e-02  1.535265e+03  1.955924e+00
   153  7.040415e-01  6.828347e-01  7.459645e-01  2.083908e-03  5.934812e-02  1.969781e+03  2.237665e+00
   154  7.446894e-01  7.248408e-01  7.696946e-01  1.696383e-03  5.706678e-02  2.467654e+03  2.529205e+00
   155  7.825967e-01  7.640565e-01  7.938092e-01  1.409850e-03  5.491748e-02  3.026717e+03  2.828108e+00
   156  8.179430e-01  8.006293e-01  8.183029e-01  1.192908e-03  5.289816e-02  3.644793e+03  3.132666e+00
   157  8.509380e-01  8.347538e-01  8.431702e-01  1.024954e-03  5.100398e-02  4.320100e+03  3.441784e+00
   158  8.817976e-01  8.666418e-01  8.684054e-01  8.922279e-04  4.922816e-02  5.051466e+03  3.754854e+00
   159  9.107305e-01  8.965049e-01  8.940028e-01  7.853669e-04  4.756278e-02  5.838399e+03  4.071626e+00
   160  9.379310e-01  9.245436e-01  9.199565e-01  6.978717e-04  4.599947e-02  6.681100e+03  4.392113e+00
   161  9.635756e-01  9.509425e-01  9.462603e-01  6.251454e-04  4.452984e-02  7.580422e+03  4.716520e+00
   162  9.878228e-01  9.758684e-01  9.729084e-01  5.638751e-04  4.314585e-02  8.537832e+03  5.045181e+00
   163  1.010814e+00  9.994703e-01  9.998945e-01  5.116311e-04  4.183994e-02  9.555371e+03  5.378532e+00
   164  1.032673e+00  1.021881e+00  1.027212e+00  4.666020e-04  4.060512e-02  1.063562e+04  5.717077e+00
   165  1.053512e+00  1.043218e+00  1.054856e+00  4.274162e-04  3.943505e-02  1.178170e+04  6.061374e+00
   166  1.073428e+00  1.063584e+00  1.082819e+00  3.930202e-04  3.832397e-02  1.299720e+04  6.412023e+00
   167  1.092507e+00  1.083072e+00  1.111094e+00  3.625939e-04  3.726671e-02  1.428627e+04  6.769662e+00
   168  1.110827e+00  1.101763e+00  1.139677e+00  3.354913e-04  3.625862e-02  1.565356e+04  7.134959e+00
   169  1.128454e+00  1.119730e+00  1.168559e+00  3.111970e-04  3.529557e-02  1.710426e+04  7.508616e+00
   170  1.145451e+00  1.137036e+00  1.197736e+00  2.892962e-04  3.437387e-02  1.864417e+04  7.891367e+00
   171  1.161872e+00  1.153739e+00  1.227200e+00  2.694509e-04  3.349022e-02  2.027969e+04  8.283978e+00
   172  1.177764e+00  1.169891e+00  1.256946e+00  2.513839e-04  3.264170e-02  2.201791e+04  8.687256e+00
   173  1.193173e+00  1.185537e+00  1.286966e+00  2.348655e-04  3.182572e-02  2.386666e+04  9.102046e+00
   174  1.208138e+00  1.200720e+00  1.317256e+00  2.197039e-04  3.103998e-02  2.583459e+04  9.529238e+00
   175  1.222695e+00  1.215478e+00  1.347808e+00  2.057377e-04  3.028247e-02  2.793126e+04  9.969770e+00
   176  1.236877e+00  1.229844e+00  1.378616e+00  1.928304e-04  2.955140e-02  3.016724e+04  1.042464e+01
   177  1.250715e+00  1.243851e+00  1.409675e+00  1.808654e-04  2.884521e-02  3.255424e+04  1.089490e+01
   178  1.264235e+00  1.257528e+00  1.440978e+00  1.697430e-04  2.816253e-02  3.510526e+04  1.138167e+01
   179  1.277465e+00  1.270900e+00  1.472519e+00  1.593771e-04  2.750220e-02  3.783471e+04  1.188615e+01
   180  1.290427e+00  1.283994e+00  1.504292e+00  1.496930e-04  2.686320e-02  4.075863e+04  1.240961e+01
   181  1.303143e+00  1.296831e+00  1.536292e+00  1.406259e-04  2.624468e-02  4.389489e+04  1.295342e+01
   182  1.315636e+00  1.309434e+00  1.568512e+00  1.321191e-04  2.564592e-02  4.726344e+04  1.351904e+01
   183  1.327923e+00  1.321823e+00  1.600947e+00  1.241227e-04  2.506633e-02  5.088658e+04  1.410804e+01
   184  1.340026e+00  1.334017e+00  1.633591e+00  1.165931e-04  2.450544e-02  5.478930e+04  1.472211e+01
   185  1.351960e+00  1.346034e+00  1.666439e+00  1.094917e-04  2.396287e-02  5.899964e+04  1.536306e+01
   186  1.363744e+00  1.357892e+00  1.699484e+00  1.027844e-04  2.343835e-02  6.354910e+04  1.603285e+01
   187  1.375394e+00  1.369608e+00  1.732722e+00  9.644109e-05  2.293167e-02  6.847311e+04  1.673358e+01
   188  1.386927e+00  1.381199e+00  1.766147e+00  9.043529e-05  2.244268e-02  7.381161e+04  1.746753e+01
   189  1.398357e+00  1.392680e+00  1.799754e+00  8.474353e-05  2.197130e-02  7.960963e+04  1.823714e+01
   190  1.409701e+00  1.404066e+00  1.833536e+00  7.934520e-05  2.151744e-02  8.591797e+04  1.904505e+01
   191  1.420973e+00  1.415374e+00  1.867490e+00  7.422225e-05  2.108106e-02  9.279394e+04  1.989411e+01
   192  1.432189e+00  1.426617e+00  1.901609e+00  6.935885e-05  2.066208e-02  1.003024e+05  2.078738e+01
   193  1.443363e+00  1.437812e+00  1.935889e+00  6.474121e-05  2.026036e-02  1.085165e+05  2.172820e+01
   194  1.454510e+00  1.448972e+00  1.970325e+00  6.035740e-05  1.987571e-02  1.175190e+05  2.272015e+01
   195  1.465644e+00  1.460112e+00  2.004912e+00  5.619719e-05  1.950787e-02  1.274033e+05  2.376707e+01
   196  1.476778e+00  1.471247e+00  2.039645e+00  5.225186e-05  1.915641e-02  1.382742e+05  2.487309e+01
   197  1.487928e+00  1.482389e+00  2.074518e+00  4.851390e-05  1.882080e-02  1.502501e+05  2.604268e+01
   198  1.499104e+00  1.493552e+00  2.109526e+00  4.497677e-05  1.850031e-02  1.634640e+05  2.728061e+01
   199  1.510321e+00  1.504749e+00  2.144666e+00  4.163475e-05  1.819403e-02  1.780654e+05  2.859205e+01
   200  1.521591e+00  1.515993e+00  2.179932e+00  3.848267e-05  1.790089e-02  1.942216e+05  2.998250e+01
   201  1.532923e+00  1.527294e+00  2.215319e+00  3.551568e-05  1.761963e-02  2.121200e+05  3.145787e+01
   202  1.544329e+00  1.538664e+00  2.250822e+00  3.272897e-05  1.734883e-02  2.319704e+05  3.302452e+01
   203  1.555818e+00  1.550111e+00  2.286438e+00  3.011761e-05  1.708697e-02  2.540077e+05  3.468925e+01
   204  1.567397e+00  1.561646e+00  2.322160e+00  2.767641e-05  1.683249e-02  2.784942e+05  3.645933e+01
   205  1.579074e+00  1.573275e+00  2.357985e+00  2.539971e-05  1.658380e-02  3.057237e+05  3.834257e+01
   206  1.590853e+00  1.585003e+00  2.393907e+00  2.328142e-05  1.633941e-02  3.360256e+05  4.034734e+01
   207  1.602740e+00  1.596837e+00  2.429923e+00  2.131490e-05  1.609793e-02  3.697701e+05  4.248261e+01
   208  1.614739e+00  1.608781e+00  2.466027e+00  1.949311e-05  1.585815e-02  4.073733e+05  4.475802e+01
   209  1.626850e+00  1.620836e+00  2.502214e+00  1.780869e-05  1.561908e-02  4.493040e+05  4.718392e+01
   210  1.639077e+00  1.633006e+00  2.538480e+00  1.625402e-05  1.537993e-02  4.960919e+05  4.977144e+01
   211  1.651419e+00  1.645292e+00  2.574820e+00  1.482139e-05  1.514012e-02  5.483356e+05  5.253257e+01
   212  1.663878e+00  1.657693e+00  2.611229e+00  1.350313e-05  1.489926e-02  6.067129e+05  5.548023e+01
   213  1.676454e+00  1.670211e+00  2.647704e+00  1.229170e-05  1.465711e-02  6.719917e+05  5.862834e+01
   214  1.689145e+00  1.682845e+00  2.684236e+00  1.117981e-05  1.441357e-02  7.450406e+05  6.199188e+01
   215  1.701951e+00  1.695595e+00  2.720824e+00  1.016043e-05  1.416862e-02  8.268453e+05  6.558703e+01
   216  1.714871e+00  1.708459e+00  2.757461e+00  9.226849e-06  1.392231e-02  9.185249e+05  6.943131e+01
   217  1.727905e+00  1.721437e+00  2.794143e+00  8.372723e-06  1.367474e-02  1.021348e+06  7.354360e+01
   218  1.741050e+00  1.734527e+00  2.830864e+00  7.592050e-06  1.342604e-02  1.136755e+06  7.794428e+01
   219  1.754304e+00  1.747728e+00  2.867619e+00  6.879188e-06  1.317637e-02  1.266382e+06  8.265540e+01
   220  1.767668e+00  1.761038e+00  2.904402e+00  6.228835e-06  1.292592e-02  1.412090e+06  8.770082e+01
   221  1.781138e+00  1.774455e+00  2.941208e+00  5.636032e-06  1.267486e-02  1.575995e+06  9.310638e+01
   222  1.794713e+00  1.787978e+00  2.978032e+00  5.096155e-06  1.242339e-02  1.760505e+06  9.890000e+01
   223  1.808390e+00  1.801605e+00  3.014867e+00  4.604890e-06  1.217173e-02  1.968361e+06  1.051119e+02
   224  1.822169e+00  1.815334e+00  3.051708e+00  4.158229e-06  1.192006e-02  2.202685e+06  1.117749e+02
   225  1.836046e+00  1.829163e+00  3.088549e+00  3.752440e-06  1.166859e-02  2.467045e+06  1.189246e+02
   226  1.850021e+00  1.843090e+00  3.125383e+00  3.384065e-06  1.141754e-02  2.765508e+06  1.265995e+02
   227  1.864089e+00  1.857112e+00  3.162204e+00  3.049915e-06  1.116712e-02  3.102713e+06  1.348414e+02
   228  1.878250e+00  1.871227e+00  3.199004e+00  2.747039e-06  1.091751e-02  3.483962e+06  1.436956e+02
   229  1.892501e+00  1.885434e+00  3.235778e+00  2.472713e-06  1.066888e-02  3.915317e+06  1.532115e+02
   230  1.906840e+00  1.899730e+00  3.272518e+00  2.224420e-06  1.042141e-02  4.403721e+06  1.634429e+02
   231  1.921265e+00  1.914113e+00  3.309218e+00  1.999840e-06  1.017533e-02  4.957133e+06  1.744480e+02
   232  1.935773e+00  1.928580e+00  3.345867e+00  1.796847e-06  9.930814e-03  5.584656e+06  1.862901e+02
   233  1.950362e+00  1.943129e+00  3.382461e+00  1.613499e-06  9.687976e-03  6.296727e+06  1.990384e+02
   234  1.965030e+00  1.957758e+00  3.418989e+00  1.447993e-06  9.447025e-03  7.105360e+06  2.127683e+02
   235  1.979775e+00  1.972465e+00  3.455443e+00  1.298696e-06  9.208080e-03  8.024316e+06  2.275619e+02
   236  1.994594e+00  1.987248e+00  3.491816e+00  1.164102e-06  8.971300e-03  9.069457e+06  2.435087e+02
   237  2.009485e+00  2.002103e+00  3.528096e+00  1.042834e-06  8.736871e-03  1.025904e+07  2.607067e+02
   238  2.024446e+00  2.017030e+00  3.564275e+00  9.336518e-07  8.504818e-03  1.161402e+07  2.792626e+02
   239  2.039475e+00  2.032026e+00  3.600342e+00  8.354048e-07  8.275293e-03  1.315865e+07  2.992937e+02
   240  2.054570e+00  2.047088e+00  3.636288e+00  7.470510e-07  8.048401e-03  1.492090e+07  3.209282e+02
   241  2.069728e+00  2.062215e+00  3.672101e+00  6.676311e-07  7.824371e-03  1.693319e+07  3.443061e+02
   242  2.084947e+00  2.077404e+00  3.707770e+00  5.963013e-07  7.603073e-03  1.923267e+07  3.695816e+02
   243  2.100226e+00  2.092654e+00  3.743285e+00  5.322699e-07  7.384626e-03  2.186270e+07  3.969242e+02
   244  2.115563e+00  2.107962e+00  3.778631e+00  4.748035e-07  7.169421e-03  2.487391e+07  4.265193e+02
   245  2.130955e+00  2.123327e+00  3.813796e+00  4.232780e-07  6.957234e-03  2.832409e+07  4.585710e+02
   246  2.146400e+00  2.138746e+00  3.848769e+00  3.771066e-07  6.748084e-03  3.228090e+07  4.933049e+02
   247  2.161897e+00  2.154218e+00  3.883532e+00  3.357393e-07  6.542369e-03  3.682394e+07  5.309690e+02
   248  2.177445e+00  2.169741e+00  3.918075e+00  2.987226e-07  6.339612e-03  4.204367e+07  5.718372e+02
   249  2.193040e+00  2.185312e+00  3.952381e+00  2.656020e-07  6.140183e-03  4.804831e+07  6.162139e+02
   250  2.208681e+00  2.200931e+00  3.986434e+00  2.359755e-07  5.944375e-03  5.496421e+07  6.644330e+02
   251  2.224368e+00  2.216595e+00  4.020220e+00  2.095124e-07  5.751611e-03  6.293549e+07  7.168663e+02
   252  2.240097e+00  2.232304e+00  4.053721e+00  1.858717e-07  5.562394e-03  7.213663e+07  7.739274e+02
   253  2.255868e+00  2.248054e+00  4.086918e+00  1.647663e-07  5.376737e-03  8.276985e+07  8.360729e+02
   254  2.271679e+00  2.263845e+00  4.119796e+00  1.459487e-07  5.194179e-03  9.506952e+07  9.038142e+02
   255  2.287528e+00  2.279676e+00  4.152333e+00  1.291609e-07  5.015519e-03  1.093229e+08  9.777197e+02
   256  2.303414e+00  2.295544e+00  4.184514e+00  1.142152e-07  4.839853e-03  1.258520e+08  1.058424e+03
   257  2.319336e+00  2.311448e+00  4.216317e+00  1.009054e-07  4.667723e-03  1.450551e+08  1.146643e+03
   258  2.335292e+00  2.327387e+00  4.247720e+00  8.905589e-08  4.499386e-03  1.674020e+08  1.243168e+03
   259  2.351281e+00  2.343360e+00  4.278704e+00  7.852820e-08  4.334040e-03  1.934318e+08  1.348896e+03
   260  2.367302e+00  2.359366e+00  4.309247e+00  6.917002e-08  4.172326e-03  2.238170e+08  1.464838e+03
   261  2.383354e+00  2.375402e+00  4.339327e+00  6.086108e-08  4.014018e-03  2.593407e+08  1.592129e+03
   262  2.399434e+00  2.391468e+00  4.368920e+00  5.348872e-08  3.859146e-03  3.009485e+08  1.732052e+03
   263  2.415543e+00  2.407563e+00  4.398003e+00  4.695323e-08  3.707637e-03  3.497727e+08  1.886064e+03
   264  2.431679e+00  2.423686e+00  4.426551e+00  4.116346e-08  3.559549e-03  4.071839e+08  2.055816e+03
   265  2.447841e+00  2.439835e+00  4.454541e+00  3.603931e-08  3.414811e-03  4.748322e+08  2.243191e+03
   266  2.464028e+00  2.456010e+00  4.481946e+00  3.150799e-08  3.273439e-03  5.547243e+08  2.450334e+03
   267  2.480240e+00  2.472210e+00  4.508746e+00  2.750840e-08  3.134955e-03  6.492605e+08  2.679720e+03
   268  2.496474e+00  2.488433e+00  4.534908e+00  2.397304e-08  3.000416e-03  7.615283e+08  2.934171e+03
   269  2.512731e+00  2.504679e+00  4.560415e+00  2.086209e-08  2.868333e-03  8.950091e+08  3.216948e+03
   270  2.529010e+00  2.520947e+00  4.585232e+00  1.811681e-08  2.740283e-03  1.054437e+09  3.531825e+03
   271  2.545309e+00  2.537236e+00  4.609339e+00  1.570600e-08  2.614807e-03  1.245130e+09  3.883159e+03
   272  2.561628e+00  2.553545e+00  4.632710e+00  1.358703e-08  2.492638e-03  1.474164e+09  4.276080e+03
   273  2.577966e+00  2.569874e+00  4.655317e+00  1.172713e-08  2.373771e-03  1.750205e+09  4.716529e+03
   274  2.594323e+00  2.586222e+00  4.677135e+00  1.009836e-08  2.257872e-03  2.084008e+09  5.211499e+03
   275  2.610698e+00  2.602588e+00  4.698144e+00  8.674743e-09  2.144726e-03  2.489187e+09  5.769305e+03
   276  2.627089e+00  2.618971e+00  4.718316e+00  7.429925e-09  2.034997e-03  2.983553e+09  6.399760e+03
   277  2.643498e+00  2.635371e+00  4.737631e+00  6.346109e-09  1.927840e-03  3.588863e+09  7.114566e+03
   278  2.659922e+00  2.651788e+00  4.756067e+00  5.402569e-09  1.823752e-03  4.334279e+09  7.927838e+03
   279  2.676362e+00  2.668220e+00  4.773601e+00  4.582590e-09  1.722841e-03  5.257344e+09  8.856449e+03
   280  2.692816e+00  2.684667e+00  4.790222e+00  3.874068e-09  1.624000e-03  6.405306e+09  9.921131e+03
   281  2.709284e+00  2.701128e+00  4.805906e+00  3.259796e-09  1.528820e-03  7.845693e+09  1.114716e+04
   282  2.725766e+00  2.717603e+00  4.820645e+00  2.731803e-09  1.435684e-03  9.660979e+09  1.256561e+04
   283  2.742260e+00  2.734091e+00  4.834423e+00  2.276984e-09  1.345864e-03  1.197125e+10  1.421534e+04
   284  2.758767e+00  2.750592e+00  4.847237e+00  1.888207e-09  1.258212e-03  1.493047e+10  1.614493e+04
   285  2.775284e+00  2.767104e+00  4.859082e+00  1.556239e-09  1.173223e-03  1.876003e+10  1.841660e+04
   286  2.791810e+00  2.783625e+00  4.869952e+00  1.273398e-09  1.091366e-03  2.377119e+10  2.110914e+04
   287  2.808344e+00  2.800156e+00  4.879856e+00  1.034563e-09  1.011605e-03  3.039049e+10  2.432506e+04
   288  2.824884e+00  2.816693e+00  4.888804e+00  8.334318e-10  9.343217e-04  3.925380e+10  2.820035e+04
   289  2.841426e+00  2.833234e+00  4.896806e+00  6.648510e-10  8.597095e-04  5.129793e+10  3.291544e+04
   290  2.857964e+00  2.849774e+00  4.903884e+00  5.246149e-10  7.875691e-04  6.792272e+10  3.871445e+04
   291  2.874493e+00  2.866307e+00  4.910061e+00  4.087654e-10  7.180202e-04  9.129723e+10  4.593380e+04
   292  2.890998e+00  2.882824e+00  4.915372e+00  3.139001e-10  6.511245e-04  1.248465e+11  5.504400e+04
   293  2.907462e+00  2.899308e+00  4.919859e+00  2.373225e-10  5.861164e-04  1.740480e+11  6.672312e+04
   294  2.923853e+00  2.915735e+00  4.923565e+00  1.757205e-10  5.246900e-04  2.484427e+11  8.195495e+04
   295  2.940114e+00  2.932059e+00  4.926545e+00  1.272758e-10  4.660497e-04  3.639469e+11  1.021760e+05
   296  2.956146e+00  2.948204e+00  4.928872e+00  9.013108e-11  4.092148e-04  5.484660e+11  1.295761e+05
   297  2.971763e+00  2.964025e+00  4.930605e+00  6.179025e-11  3.578545e-04  8.555134e+11  1.673495e+05
   298  2.986609e+00  2.979250e+00  4.931833e+00  4.146380e-11  3.090394e-04  1.371905e+12  2.198347e+05
   299  3.000000e+00  2.993356e+00  4.932628e+00  2.699927e-11  2.703270e-04  2.252700e+12  2.912843e+05
