     i         log_r      log_rmid             m           rho            v2             p        trelax            kn
     0  -2.772627e+00  -3.073657e+00  4.936543e-05  3.079106e+04  1.147679e+00  3.533825e+04  3.031553e-05  2.144474e-04
     1  -2.766407e+00  -2.769506e+00  5.153900e-05  3.088197e+04  1.144300e+00  3.533825e+04  3.027087e-05  2.144474e-04
     2  -2.760191e+00  -2.763288e+00  5.380601e-05  3.087299e+04  1.144202e+00  3.532495e+04  3.028098e-05  2.144878e-04
     3  -2.753967e+00  -2.757068e+00  5.617461e-05  3.086375e+04  1.144101e+00  3.531125e+04  3.029138e-05  2.145293e-04
     4  -2.747745e+00  -2.750845e+00  5.864622e-05  3.085424e+04  1.143997e+00  3.529716e+04  3.030210e-05  2.145722e-04
     5  -2.741529e+00  -2.744626e+00  6.122269e-05  3.084446e+04  1.143890e+00  3.528266e+04  3.031313e-05  2.146162e-04
     6  -2.735302e+00  -2.738404e+00  6.391625e-05  3.083439e+04  1.143780e+00  3.526775e+04  3.032449e-05  2.146616e-04
     7  -2.729073e+00  -2.732176e+00  6.672776e-05  3.082402e+04  1.143666e+00  3.525238e+04  3.033620e-05  2.147084e-04
     8  -2.722838e+00  -2.725945e+00  6.966511e-05  3.081334e+04  1.143549e+00  3.523657e+04  3.034826e-05  2.147566e-04
     9  -2.716613e+00  -2.719715e+00  7.272580e-05  3.080236e+04  1.143429e+00  3.522031e+04  3.036067e-05  2.148061e-04
    10  -2.710381e+00  -2.713486e+00  7.592335e-05  3.079107e+04  1.143305e+00  3.520358e+04  3.037346e-05  2.148572e-04
    11  -2.704151e+00  -2.707255e+00  7.925890e-05  3.077944e+04  1.143178e+00  3.518637e+04  3.038662e-05  2.149097e-04
    12  -2.697919e+00  -2.701024e+00  8.274157e-05  3.076748e+04  1.143046e+00  3.516866e+04  3.040018e-05  2.149638e-04
    13  -2.691690e+00  -2.694793e+00  8.637379e-05  3.075518e+04  1.142911e+00  3.515045e+04  3.041413e-05  2.150195e-04
    14  -2.685461e+00  -2.688564e+00  9.016405e-05  3.074252e+04  1.142773e+00  3.513172e+04  3.042850e-05  2.150768e-04
    15  -2.679221e+00  -2.682330e+00  9.412640e-05  3.072950e+04  1.142630e+00  3.511243e+04  3.044331e-05  2.151359e-04
    16  -2.672986e+00  -2.676092e+00  9.825814e-05  3.071609e+04  1.142482e+00  3.509259e+04  3.045856e-05  2.151967e-04
    17  -2.666744e+00  -2.669854e+00  1.025750e-04  3.070229e+04  1.142331e+00  3.507218e+04  3.047427e-05  2.152593e-04
    18  -2.660510e+00  -2.663616e+00  1.070736e-04  3.068810e+04  1.142175e+00  3.505118e+04  3.049044e-05  2.153237e-04
    19  -2.654272e+00  -2.657380e+00  1.117716e-04  3.067350e+04  1.142015e+00  3.502960e+04  3.050709e-05  2.153901e-04
    20  -2.648034e+00  -2.651142e+00  1.166741e-04  3.065849e+04  1.141850e+00  3.500739e+04  3.052424e-05  2.154584e-04
    21  -2.641794e+00  -2.644903e+00  1.217905e-04  3.064304e+04  1.141680e+00  3.498454e+04  3.054190e-05  2.155287e-04
    22  -2.635554e+00  -2.638663e+00  1.271309e-04  3.062715e+04  1.141505e+00  3.496105e+04  3.056008e-05  2.156011e-04
    23  -2.629316e+00  -2.632424e+00  1.327005e-04  3.061080e+04  1.141325e+00  3.493688e+04  3.057881e-05  2.156757e-04
    24  -2.623075e+00  -2.626184e+00  1.385159e-04  3.059399e+04  1.141140e+00  3.491203e+04  3.059809e-05  2.157524e-04
    25  -2.616833e+00  -2.619943e+00  1.445845e-04  3.057669e+04  1.140950e+00  3.488647e+04  3.061796e-05  2.158315e-04
    26  -2.610593e+00  -2.613702e+00  1.509149e-04  3.055890e+04  1.140754e+00  3.486019e+04  3.063841e-05  2.159128e-04
    27  -2.604345e+00  -2.607458e+00  1.575290e-04  3.054059e+04  1.140552e+00  3.483315e+04  3.065949e-05  2.159966e-04
    28  -2.598103e+00  -2.601213e+00  1.644237e-04  3.052176e+04  1.140345e+00  3.480534e+04  3.068119e-05  2.160829e-04
    29  -2.591861e+00  -2.594971e+00  1.716176e-04  3.050241e+04  1.140132e+00  3.477676e+04  3.070354e-05  2.161716e-04
    30  -2.585618e+00  -2.588728e+00  1.791246e-04  3.048250e+04  1.139912e+00  3.474737e+04  3.072655e-05  2.162630e-04
    31  -2.579372e+00  -2.582484e+00  1.869613e-04  3.046202e+04  1.139686e+00  3.471714e+04  3.075025e-05  2.163572e-04
    32  -2.573125e+00  -2.576237e+00  1.951388e-04  3.044096e+04  1.139453e+00  3.468605e+04  3.077467e-05  2.164541e-04
    33  -2.566881e+00  -2.569992e+00  2.036668e-04  3.041930e+04  1.139214e+00  3.465410e+04  3.079982e-05  2.165539e-04
    34  -2.560635e+00  -2.563747e+00  2.125676e-04  3.039703e+04  1.138968e+00  3.462125e+04  3.082571e-05  2.166566e-04
    35  -2.554387e+00  -2.557500e+00  2.218557e-04  3.037412e+04  1.138715e+00  3.458747e+04  3.085239e-05  2.167624e-04
    36  -2.548142e+00  -2.551253e+00  2.315430e-04  3.035057e+04  1.138455e+00  3.455274e+04  3.087986e-05  2.168713e-04
    37  -2.541894e+00  -2.545007e+00  2.416522e-04  3.032635e+04  1.138187e+00  3.451704e+04  3.090816e-05  2.169834e-04
    38  -2.535646e+00  -2.538759e+00  2.522004e-04  3.030144e+04  1.137911e+00  3.448034e+04  3.093731e-05  2.170988e-04
    39  -2.529395e+00  -2.532509e+00  2.632088e-04  3.027583e+04  1.137627e+00  3.444261e+04  3.096734e-05  2.172177e-04
    40  -2.523147e+00  -2.526260e+00  2.746873e-04  3.024950e+04  1.137335e+00  3.440382e+04  3.099828e-05  2.173401e-04
    41  -2.516897e+00  -2.520011e+00  2.866651e-04  3.022243e+04  1.137035e+00  3.436396e+04  3.103014e-05  2.174661e-04
    42  -2.510648e+00  -2.513762e+00  2.991578e-04  3.019459e+04  1.136727e+00  3.432300e+04  3.106296e-05  2.175959e-04
    43  -2.504399e+00  -2.507512e+00  3.121906e-04  3.016598e+04  1.136409e+00  3.428089e+04  3.109676e-05  2.177295e-04
    44  -2.498147e+00  -2.501262e+00  3.257907e-04  3.013656e+04  1.136082e+00  3.423762e+04  3.113159e-05  2.178670e-04
    45  -2.491896e+00  -2.495010e+00  3.399746e-04  3.010632e+04  1.135746e+00  3.419314e+04  3.116748e-05  2.180087e-04
    46  -2.485643e+00  -2.488758e+00  3.547724e-04  3.007523e+04  1.135400e+00  3.414743e+04  3.120445e-05  2.181545e-04
    47  -2.479392e+00  -2.482506e+00  3.702053e-04  3.004327e+04  1.135045e+00  3.410046e+04  3.124253e-05  2.183047e-04
    48  -2.473141e+00  -2.476255e+00  3.863001e-04  3.001043e+04  1.134679e+00  3.405220e+04  3.128177e-05  2.184594e-04
    49  -2.466886e+00  -2.470002e+00  4.030957e-04  2.997666e+04  1.134303e+00  3.400261e+04  3.132219e-05  2.186186e-04
    50  -2.460632e+00  -2.463748e+00  4.206106e-04  2.994196e+04  1.133916e+00  3.395166e+04  3.136386e-05  2.187826e-04
    51  -2.454377e+00  -2.457493e+00  4.388801e-04  2.990628e+04  1.133518e+00  3.389930e+04  3.140678e-05  2.189515e-04
    52  -2.448122e+00  -2.451238e+00  4.579325e-04  2.986962e+04  1.133108e+00  3.384552e+04  3.145101e-05  2.191254e-04
    53  -2.441863e+00  -2.444981e+00  4.778138e-04  2.983194e+04  1.132687e+00  3.379025e+04  3.149659e-05  2.193045e-04
    54  -2.435608e+00  -2.438724e+00  4.985347e-04  2.979321e+04  1.132254e+00  3.373348e+04  3.154356e-05  2.194889e-04
    55  -2.429351e+00  -2.432468e+00  5.201481e-04  2.975343e+04  1.131809e+00  3.367519e+04  3.159195e-05  2.196789e-04
    56  -2.423093e+00  -2.426211e+00  5.426885e-04  2.971254e+04  1.131351e+00  3.361530e+04  3.164183e-05  2.198745e-04
    57  -2.416833e+00  -2.419952e+00  5.661971e-04  2.967052e+04  1.130879e+00  3.355378e+04  3.169324e-05  2.200759e-04
    58  -2.410574e+00  -2.413693e+00  5.907064e-04  2.962735e+04  1.130395e+00  3.349061e+04  3.174622e-05  2.202834e-04
    59  -2.404314e+00  -2.407433e+00  6.162668e-04  2.958300e+04  1.129897e+00  3.342573e+04  3.180083e-05  2.204971e-04
    60  -2.398053e+00  -2.401172e+00  6.429189e-04  2.953743e+04  1.129384e+00  3.335911e+04  3.185711e-05  2.207171e-04
    61  -2.391790e+00  -2.394910e+00  6.707104e-04  2.949061e+04  1.128857e+00  3.329069e+04  3.191514e-05  2.209438e-04
    62  -2.385527e+00  -2.388647e+00  6.996861e-04  2.944252e+04  1.128315e+00  3.322044e+04  3.197495e-05  2.211773e-04
    63  -2.379263e+00  -2.382384e+00  7.298974e-04  2.939311e+04  1.127758e+00  3.314832e+04  3.203660e-05  2.214178e-04
    64  -2.372998e+00  -2.376119e+00  7.613962e-04  2.934236e+04  1.127185e+00  3.307427e+04  3.210017e-05  2.216655e-04
    65  -2.366732e+00  -2.369854e+00  7.942322e-04  2.929023e+04  1.126596e+00  3.299826e+04  3.216571e-05  2.219207e-04
    66  -2.360464e+00  -2.363587e+00  8.284723e-04  2.923669e+04  1.125990e+00  3.292023e+04  3.223328e-05  2.221835e-04
    67  -2.354195e+00  -2.357318e+00  8.641640e-04  2.918169e+04  1.125367e+00  3.284012e+04  3.230296e-05  2.224543e-04
    68  -2.347925e+00  -2.351049e+00  9.013664e-04  2.912522e+04  1.124727e+00  3.275792e+04  3.237481e-05  2.227333e-04
    69  -2.341654e+00  -2.344778e+00  9.401486e-04  2.906723e+04  1.124068e+00  3.267355e+04  3.244890e-05  2.230207e-04
    70  -2.335381e+00  -2.338506e+00  9.805784e-04  2.900767e+04  1.123391e+00  3.258696e+04  3.252532e-05  2.233168e-04
    71  -2.329106e+00  -2.332232e+00  1.022722e-03  2.894652e+04  1.122695e+00  3.249811e+04  3.260415e-05  2.236218e-04
    72  -2.322830e+00  -2.325956e+00  1.066645e-03  2.888372e+04  1.121979e+00  3.240694e+04  3.268545e-05  2.239362e-04
    73  -2.316553e+00  -2.319680e+00  1.112418e-03  2.881926e+04  1.121243e+00  3.231341e+04  3.276930e-05  2.242600e-04
    74  -2.310273e+00  -2.313402e+00  1.160127e-03  2.875308e+04  1.120487e+00  3.221745e+04  3.285581e-05  2.245937e-04
    75  -2.303993e+00  -2.307122e+00  1.209843e-03  2.868515e+04  1.119709e+00  3.211903e+04  3.294506e-05  2.249376e-04
    76  -2.297710e+00  -2.300840e+00  1.261660e-03  2.861542e+04  1.118910e+00  3.201807e+04  3.303714e-05  2.252920e-04
    77  -2.291426e+00  -2.294556e+00  1.315650e-03  2.854384e+04  1.118088e+00  3.191452e+04  3.313215e-05  2.256571e-04
    78  -2.285139e+00  -2.288271e+00  1.371910e-03  2.847038e+04  1.117243e+00  3.180834e+04  3.323020e-05  2.260335e-04
    79  -2.278850e+00  -2.281983e+00  1.430537e-03  2.839499e+04  1.116375e+00  3.169944e+04  3.333138e-05  2.264214e-04
    80  -2.272560e+00  -2.275693e+00  1.491613e-03  2.831762e+04  1.115482e+00  3.158780e+04  3.343582e-05  2.268212e-04
    81  -2.266266e+00  -2.269402e+00  1.555254e-03  2.823824e+04  1.114564e+00  3.147333e+04  3.354361e-05  2.272333e-04
    82  -2.259971e+00  -2.263107e+00  1.621555e-03  2.815678e+04  1.113621e+00  3.135599e+04  3.365489e-05  2.276580e-04
    83  -2.253673e+00  -2.256810e+00  1.690622e-03  2.807321e+04  1.112652e+00  3.123572e+04  3.376978e-05  2.280959e-04
    84  -2.247372e+00  -2.250511e+00  1.762572e-03  2.798749e+04  1.111656e+00  3.111245e+04  3.388839e-05  2.285473e-04
    85  -2.241069e+00  -2.244209e+00  1.837521e-03  2.789955e+04  1.110632e+00  3.098612e+04  3.401088e-05  2.290127e-04
    86  -2.234762e+00  -2.237904e+00  1.915590e-03  2.780934e+04  1.109579e+00  3.085667e+04  3.413737e-05  2.294926e-04
    87  -2.228453e+00  -2.231596e+00  1.996900e-03  2.771683e+04  1.108498e+00  3.072405e+04  3.426802e-05  2.299874e-04
    88  -2.222141e+00  -2.225285e+00  2.081586e-03  2.762196e+04  1.107386e+00  3.058818e+04  3.440297e-05  2.304976e-04
    89  -2.215824e+00  -2.218971e+00  2.169788e-03  2.752467e+04  1.106244e+00  3.044901e+04  3.454239e-05  2.310238e-04
    90  -2.209505e+00  -2.212653e+00  2.261641e-03  2.742491e+04  1.105070e+00  3.030646e+04  3.468644e-05  2.315665e-04
    91  -2.203182e+00  -2.206332e+00  2.357288e-03  2.732264e+04  1.103864e+00  3.016048e+04  3.483530e-05  2.321262e-04
    92  -2.196855e+00  -2.200007e+00  2.456877e-03  2.721780e+04  1.102625e+00  3.001101e+04  3.498913e-05  2.327035e-04
    93  -2.190524e+00  -2.193678e+00  2.560586e-03  2.711032e+04  1.101351e+00  2.985798e+04  3.514815e-05  2.332991e-04
    94  -2.184189e+00  -2.187345e+00  2.668544e-03  2.700017e+04  1.100042e+00  2.970133e+04  3.531253e-05  2.339135e-04
    95  -2.177850e+00  -2.181008e+00  2.780947e-03  2.688728e+04  1.098698e+00  2.954100e+04  3.548248e-05  2.345474e-04
    96  -2.171507e+00  -2.174667e+00  2.897949e-03  2.677161e+04  1.097317e+00  2.937693e+04  3.565821e-05  2.352015e-04
    97  -2.165159e+00  -2.168321e+00  3.019750e-03  2.665309e+04  1.095897e+00  2.920905e+04  3.583996e-05  2.358764e-04
    98  -2.158806e+00  -2.161971e+00  3.146529e-03  2.653166e+04  1.094439e+00  2.903729e+04  3.602797e-05  2.365730e-04
    99  -2.152448e+00  -2.155615e+00  3.278481e-03  2.640727e+04  1.092941e+00  2.886160e+04  3.622247e-05  2.372920e-04
   100  -2.146084e+00  -2.149254e+00  3.415810e-03  2.627987e+04  1.091402e+00  2.868191e+04  3.642372e-05  2.380341e-04
   101  -2.139715e+00  -2.142888e+00  3.558731e-03  2.614939e+04  1.089822e+00  2.849817e+04  3.663201e-05  2.388003e-04
   102  -2.133341e+00  -2.136516e+00  3.707443e-03  2.601578e+04  1.088198e+00  2.831030e+04  3.684761e-05  2.395913e-04
   103  -2.126960e+00  -2.130139e+00  3.862193e-03  2.587897e+04  1.086530e+00  2.811827e+04  3.707082e-05  2.404080e-04
   104  -2.120573e+00  -2.123755e+00  4.023197e-03  2.573892e+04  1.084816e+00  2.792199e+04  3.730196e-05  2.412515e-04
   105  -2.114180e+00  -2.117364e+00  4.190697e-03  2.559556e+04  1.083056e+00  2.772143e+04  3.754135e-05  2.421227e-04
   106  -2.107779e+00  -2.110967e+00  4.364955e-03  2.544883e+04  1.081249e+00  2.751652e+04  3.778934e-05  2.430225e-04
   107  -2.101372e+00  -2.104563e+00  4.546218e-03  2.529868e+04  1.079392e+00  2.730720e+04  3.804630e-05  2.439522e-04
   108  -2.094957e+00  -2.098152e+00  4.734748e-03  2.514505e+04  1.077486e+00  2.709343e+04  3.831261e-05  2.449127e-04
   109  -2.088534e+00  -2.091734e+00  4.930837e-03  2.498788e+04  1.075528e+00  2.687516e+04  3.858866e-05  2.459052e-04
   110  -2.082104e+00  -2.085307e+00  5.134764e-03  2.482712e+04  1.073517e+00  2.665233e+04  3.887490e-05  2.469310e-04
   111  -2.075665e+00  -2.078872e+00  5.346829e-03  2.466270e+04  1.071452e+00  2.642489e+04  3.917177e-05  2.479914e-04
   112  -2.069217e+00  -2.072429e+00  5.567324e-03  2.449456e+04  1.069331e+00  2.619280e+04  3.947973e-05  2.490877e-04
   113  -2.062760e+00  -2.065977e+00  5.796581e-03  2.432267e+04  1.067154e+00  2.595603e+04  3.979928e-05  2.502212e-04
   114  -2.056294e+00  -2.059515e+00  6.034915e-03  2.414695e+04  1.064918e+00  2.571453e+04  4.013096e-05  2.513935e-04
   115  -2.049817e+00  -2.053044e+00  6.282676e-03  2.396736e+04  1.062623e+00  2.546826e+04  4.047532e-05  2.526060e-04
   116  -2.043331e+00  -2.046562e+00  6.540210e-03  2.378383e+04  1.060266e+00  2.521718e+04  4.083295e-05  2.538604e-04
   117  -2.036833e+00  -2.040070e+00  6.807874e-03  2.359633e+04  1.057846e+00  2.496127e+04  4.120448e-05  2.551584e-04
   118  -2.030325e+00  -2.033567e+00  7.086044e-03  2.340479e+04  1.055361e+00  2.470051e+04  4.159055e-05  2.565017e-04
   119  -2.023804e+00  -2.027052e+00  7.375103e-03  2.320916e+04  1.052811e+00  2.443486e+04  4.199188e-05  2.578923e-04
   120  -2.017272e+00  -2.020526e+00  7.675455e-03  2.300941e+04  1.050193e+00  2.416431e+04  4.240920e-05  2.593320e-04
   121  -2.010727e+00  -2.013987e+00  7.987504e-03  2.280547e+04  1.047505e+00  2.388884e+04  4.284330e-05  2.608229e-04
   122  -2.004168e+00  -2.007435e+00  8.311671e-03  2.259731e+04  1.044746e+00  2.360845e+04  4.329501e-05  2.623672e-04
   123  -1.997595e+00  -2.000869e+00  8.648426e-03  2.238488e+04  1.041914e+00  2.332312e+04  4.376524e-05  2.639672e-04
   124  -1.991009e+00  -1.994289e+00  8.998165e-03  2.216814e+04  1.039007e+00  2.303285e+04  4.425492e-05  2.656253e-04
   125  -1.984407e+00  -1.987695e+00  9.361386e-03  2.194705e+04  1.036023e+00  2.273766e+04  4.476504e-05  2.673439e-04
   126  -1.977789e+00  -1.981085e+00  9.738557e-03  2.172159e+04  1.032961e+00  2.243756e+04  4.529669e-05  2.691259e-04
   127  -1.971155e+00  -1.974460e+00  1.013019e-02  2.149170e+04  1.029818e+00  2.213255e+04  4.585101e-05  2.709739e-04
   128  -1.964504e+00  -1.967817e+00  1.053678e-02  2.125736e+04  1.026593e+00  2.182266e+04  4.642922e-05  2.728911e-04
   129  -1.957836e+00  -1.961157e+00  1.095886e-02  2.101855e+04  1.023283e+00  2.150792e+04  4.703264e-05  2.748806e-04
   130  -1.951148e+00  -1.954479e+00  1.139696e-02  2.077523e+04  1.019886e+00  2.118837e+04  4.766266e-05  2.769456e-04
   131  -1.944442e+00  -1.947782e+00  1.185164e-02  2.052740e+04  1.016400e+00  2.086406e+04  4.832075e-05  2.790897e-04
   132  -1.937715e+00  -1.941065e+00  1.232348e-02  2.027502e+04  1.012824e+00  2.053502e+04  4.900854e-05  2.813168e-04
   133  -1.930967e+00  -1.934328e+00  1.281308e-02  2.001809e+04  1.009153e+00  2.020132e+04  4.972775e-05  2.836308e-04
   134  -1.924197e+00  -1.927568e+00  1.332102e-02  1.975659e+04  1.005387e+00  1.986303e+04  5.048022e-05  2.860359e-04
   135  -1.917404e+00  -1.920787e+00  1.384795e-02  1.949054e+04  1.001523e+00  1.952022e+04  5.126792e-05  2.885366e-04
   136  -1.910586e+00  -1.913982e+00  1.439450e-02  1.921991e+04  9.975586e-01  1.917298e+04  5.209302e-05  2.911377e-04
   137  -1.903744e+00  -1.907152e+00  1.496132e-02  1.894472e+04  9.934909e-01  1.882141e+04  5.295780e-05  2.938443e-04
   138  -1.896875e+00  -1.900296e+00  1.554911e-02  1.866498e+04  9.893176e-01  1.846559e+04  5.386474e-05  2.966618e-04
   139  -1.889979e+00  -1.893414e+00  1.615855e-02  1.838071e+04  9.850360e-01  1.810566e+04  5.481655e-05  2.995961e-04
   140  -1.883055e+00  -1.886503e+00  1.679038e-02  1.809192e+04  9.806435e-01  1.774173e+04  5.581613e-05  3.026532e-04
   141  -1.876100e+00  -1.879563e+00  1.744530e-02  1.779865e+04  9.761373e-01  1.737393e+04  5.686662e-05  3.058400e-04
   142  -1.869114e+00  -1.872593e+00  1.812408e-02  1.750094e+04  9.715146e-01  1.700242e+04  5.797143e-05  3.091633e-04
   143  -1.862095e+00  -1.865590e+00  1.882751e-02  1.719882e+04  9.667723e-01  1.662734e+04  5.913428e-05  3.126309e-04
   144  -1.855042e+00  -1.858554e+00  1.955637e-02  1.689234e+04  9.619074e-01  1.624887e+04  6.035920e-05  3.162508e-04
   145  -1.847952e+00  -1.851482e+00  2.031146e-02  1.658157e+04  9.569170e-01  1.586718e+04  6.165060e-05  3.200320e-04
   146  -1.840825e+00  -1.844374e+00  2.109364e-02  1.626656e+04  9.517978e-01  1.548247e+04  6.301326e-05  3.239836e-04
   147  -1.833658e+00  -1.837227e+00  2.190376e-02  1.594739e+04  9.465465e-01  1.509495e+04  6.445245e-05  3.281160e-04
   148  -1.826450e+00  -1.830039e+00  2.274267e-02  1.562415e+04  9.411597e-01  1.470482e+04  6.597388e-05  3.324401e-04
   149  -1.819198e+00  -1.822809e+00  2.361129e-02  1.529692e+04  9.356340e-01  1.431232e+04  6.758386e-05  3.369677e-04
   150  -1.811901e+00  -1.815534e+00  2.451054e-02  1.496581e+04  9.299657e-01  1.391769e+04  6.928932e-05  3.417116e-04
   151  -1.804556e+00  -1.808213e+00  2.544136e-02  1.463093e+04  9.241512e-01  1.352119e+04  7.109789e-05  3.466856e-04
   152  -1.797160e+00  -1.800842e+00  2.640469e-02  1.429239e+04  9.181866e-01  1.312308e+04  7.301795e-05  3.519049e-04
   153  -1.789711e+00  -1.793420e+00  2.740152e-02  1.395034e+04  9.120679e-01  1.272366e+04  7.505879e-05  3.573858e-04
   154  -1.782207e+00  -1.785943e+00  2.843287e-02  1.360492e+04  9.057910e-01  1.232321e+04  7.723071e-05  3.631460e-04
   155  -1.774644e+00  -1.778409e+00  2.949974e-02  1.325628e+04  8.993517e-01  1.192206e+04  7.954512e-05  3.692051e-04
   156  -1.767019e+00  -1.770814e+00  3.060319e-02  1.290459e+04  8.927456e-01  1.152052e+04  8.201473e-05  3.755842e-04
   157  -1.759329e+00  -1.763157e+00  3.174428e-02  1.255004e+04  8.859681e-01  1.111893e+04  8.465371e-05  3.823066e-04
   158  -1.751570e+00  -1.755432e+00  3.292412e-02  1.219280e+04  8.790144e-01  1.071765e+04  8.747791e-05  3.893978e-04
   159  -1.743738e+00  -1.747636e+00  3.414379e-02  1.183311e+04  8.718795e-01  1.031704e+04  9.050509e-05  3.968859e-04
   160  -1.735830e+00  -1.739766e+00  3.540444e-02  1.147116e+04  8.645582e-01  9.917489e+03  9.375520e-05  4.048018e-04
   161  -1.727841e+00  -1.731817e+00  3.670722e-02  1.110721e+04  8.570453e-01  9.519383e+03  9.725078e-05  4.131796e-04
   162  -1.719766e+00  -1.723785e+00  3.805332e-02  1.074150e+04  8.493349e-01  9.123131e+03  1.010173e-04  4.220572e-04
   163  -1.711600e+00  -1.715664e+00  3.944390e-02  1.037430e+04  8.414212e-01  8.729155e+03  1.050835e-04  4.314765e-04
   164  -1.703337e+00  -1.707449e+00  4.088021e-02  1.000589e+04  8.332980e-01  8.337888e+03  1.094824e-04  4.414843e-04
   165  -1.694972e+00  -1.699134e+00  4.236348e-02  9.636570e+03  8.249587e-01  7.949772e+03  1.142514e-04  4.521327e-04
   166  -1.686497e+00  -1.690714e+00  4.389496e-02  9.266657e+03  8.163963e-01  7.565265e+03  1.194336e-04  4.634802e-04
   167  -1.677907e+00  -1.682181e+00  4.547592e-02  8.896486e+03  8.076038e-01  7.184835e+03  1.250784e-04  4.755923e-04
   168  -1.669192e+00  -1.673527e+00  4.710768e-02  8.526407e+03  7.985732e-01  6.808960e+03  1.312431e-04  4.885431e-04
   169  -1.660344e+00  -1.664746e+00  4.879156e-02  8.156788e+03  7.892964e-01  6.438123e+03  1.379942e-04  5.024162e-04
   170  -1.651355e+00  -1.655827e+00  5.052886e-02  7.788023e+03  7.797647e-01  6.072825e+03  1.454089e-04  5.173064e-04
   171  -1.642214e+00  -1.646761e+00  5.232095e-02  7.420523e+03  7.699688e-01  5.713571e+03  1.535780e-04  5.333219e-04
   172  -1.632910e+00  -1.637537e+00  5.416922e-02  7.054713e+03  7.598988e-01  5.360868e+03  1.626083e-04  5.505867e-04
   173  -1.623430e+00  -1.628144e+00  5.607503e-02  6.691046e+03  7.495439e-01  5.015233e+03  1.726265e-04  5.692430e-04
   174  -1.613761e+00  -1.618569e+00  5.803982e-02  6.329992e+03  7.388925e-01  4.677184e+03  1.837834e-04  5.894555e-04
   175  -1.603886e+00  -1.608796e+00  6.006498e-02  5.972044e+03  7.279323e-01  4.347244e+03  1.962599e-04  6.114153e-04
   176  -1.593790e+00  -1.598809e+00  6.215198e-02  5.617719e+03  7.166495e-01  4.025935e+03  2.102745e-04  6.353454e-04
   177  -1.583452e+00  -1.588590e+00  6.430225e-02  5.267553e+03  7.050294e-01  3.713780e+03  2.260932e-04  6.615081e-04
   178  -1.572850e+00  -1.578119e+00  6.651726e-02  4.922112e+03  6.930559e-01  3.411299e+03  2.440419e-04  6.902134e-04
   179  -1.561961e+00  -1.567371e+00  6.879851e-02  4.581979e+03  6.807110e-01  3.119004e+03  2.645243e-04  7.218307e-04
   180  -1.550754e+00  -1.556321e+00  7.114747e-02  4.247767e+03  6.679749e-01  2.837402e+03  2.880443e-04  7.568030e-04
   181  -1.539199e+00  -1.544938e+00  7.356565e-02  3.920113e+03  6.548257e-01  2.566991e+03  3.152379e-04  7.956665e-04
   182  -1.527256e+00  -1.533187e+00  7.605458e-02  3.599681e+03  6.412388e-01  2.308255e+03  3.469174e-04  8.390761e-04
   183  -1.514883e+00  -1.521026e+00  7.861579e-02  3.287159e+03  6.271863e-01  2.061661e+03  3.841325e-04  8.878399e-04
   184  -1.502027e+00  -1.508408e+00  8.125079e-02  2.983266e+03  6.126366e-01  1.827658e+03  4.282590e-04  9.429655e-04
   185  -1.488628e+00  -1.495276e+00  8.396115e-02  2.688751e+03  5.975537e-01  1.606673e+03  4.811284e-04  1.005726e-03
   186  -1.474611e+00  -1.481563e+00  8.674840e-02  2.404389e+03  5.818957e-01  1.399104e+03  5.452211e-04  1.077751e-03
   187  -1.459888e+00  -1.467187e+00  8.961413e-02  2.130990e+03  5.656140e-01  1.205318e+03  6.239625e-04  1.161161e-03
   188  -1.444349e+00  -1.452049e+00  9.255987e-02  1.869395e+03  5.486511e-01  1.025645e+03  7.221890e-04  1.258765e-03
   189  -1.427857e+00  -1.436025e+00  9.558720e-02  1.620481e+03  5.309382e-01  8.603754e+02  8.469037e-04  1.374356e-03
   190  -1.410238e+00  -1.418958e+00  9.869768e-02  1.385162e+03  5.123922e-01  7.097462e+02  1.008552e-03  1.513184e-03
   191  -1.391265e+00  -1.400648e+00  1.018929e-01  1.164390e+03  4.929102e-01  5.739398e+02  1.223257e-03  1.682713e-03
   192  -1.370637e+00  -1.380829e+00  1.051744e-01  9.591610e+02  4.723629e-01  4.530721e+02  1.516948e-03  1.893911e-03
   193  -1.347940e+00  -1.359141e+00  1.085438e-01  7.705179e+02  4.505835e-01  3.471826e+02  1.933435e-03  2.163537e-03
   194  -1.322582e+00  -1.335076e+00  1.120026e-01  5.995564e+02  4.273502e-01  2.562206e+02  2.551397e-03  2.518467e-03
   195  -1.293680e+00  -1.307891e+00  1.155524e-01  4.474326e+02  4.023571e-01  1.800277e+02  3.523437e-03  3.004510e-03
   196  -1.259825e+00  -1.276423e+00  1.191948e-01  3.153708e+02  3.751604e-01  1.183146e+02  5.176903e-03  3.706159e-03
   197  -1.218584e+00  -1.238716e+00  1.229312e-01  2.046739e+02  3.450706e-01  7.062693e+01  8.317324e-03  4.796871e-03
   198  -1.165215e+00  -1.191080e+00  1.267634e-01  1.167284e+02  3.109021e-01  3.629111e+01  1.536426e-02  6.691803e-03
   199  -1.088699e+00  -1.125274e+00  1.306927e-01  5.298757e+01  2.702600e-01  1.432042e+01  3.630238e-02  1.065284e-02
   200  -9.556519e-01  -1.017100e+00  1.347208e-01  1.479867e+01  2.168723e-01  3.209423e+00  1.451026e-01  2.250245e-02
   201  -6.566359e-01  -7.809023e-01  1.388490e-01  1.323302e+00  1.364663e-01  1.805861e-01  2.045636e+00  9.486393e-02
   202  -1.180401e-01  -3.087036e-01  1.430790e-01  2.939225e-02  6.831913e-02  2.008053e-03  1.301655e+02  8.996129e-01
   203  3.069727e-01  1.445063e-01  1.474123e-01  1.647048e-03  5.613685e-02  9.246007e-05  2.562535e+03  4.192433e+00
   204  4.689067e-01  3.954439e-01  1.518502e-01  7.751722e-04  4.751380e-02  3.683138e-05  5.918231e+03  6.642541e+00
   205  5.595403e-01  5.165835e-01  1.563943e-01  6.140491e-04  4.316536e-02  2.650565e-05  7.838433e+03  7.830222e+00
   206  6.218335e-01  5.918028e-01  1.610460e-01  5.439351e-04  4.067018e-02  2.212194e-05  9.116222e+03  8.571004e+00
   207  6.691879e-01  6.461558e-01  1.658067e-01  5.030684e-04  3.892676e-02  1.958282e-05  1.007509e+04  9.109732e+00
   208  7.073803e-01  6.887038e-01  1.706778e-01  4.756894e-04  3.757122e-02  1.787223e-05  1.084548e+04  9.535729e+00
   209  7.394085e-01  7.236896e-01  1.756607e-01  4.556848e-04  3.645567e-02  1.661230e-05  1.149352e+04  9.890732e+00
   210  7.670207e-01  7.534340e-01  1.807567e-01  4.401591e-04  3.550569e-02  1.562815e-05  1.205706e+04  1.019740e+01
   211  7.913222e-01  7.793414e-01  1.859671e-01  4.275664e-04  3.467731e-02  1.482685e-05  1.255954e+04  1.046933e+01
   212  8.130535e-01  8.023237e-01  1.912933e-01  4.170077e-04  3.394190e-02  1.415404e-05  1.301631e+04  1.071527e+01
   213  8.327344e-01  8.230054e-01  1.967366e-01  4.079236e-04  3.327966e-02  1.357556e-05  1.343791e+04  1.094119e+01
   214  8.507429e-01  8.418320e-01  2.022981e-01  3.999458e-04  3.267639e-02  1.306878e-05  1.383190e+04  1.115130e+01
   215  8.673623e-01  8.591321e-01  2.079790e-01  3.928208e-04  3.212162e-02  1.261804e-05  1.420388e+04  1.134873e+01
   216  8.828102e-01  8.751549e-01  2.137806e-01  3.863671e-04  3.160747e-02  1.221208e-05  1.455811e+04  1.153582e+01
   217  8.972572e-01  8.900938e-01  2.197041e-01  3.804511e-04  3.112784e-02  1.184262e-05  1.489795e+04  1.171438e+01
   218  9.108396e-01  9.041015e-01  2.257504e-01  3.749718e-04  3.067799e-02  1.150338e-05  1.522607e+04  1.188586e+01
   219  9.236677e-01  9.173010e-01  2.319208e-01  3.698514e-04  3.025408e-02  1.118951e-05  1.554464e+04  1.205140e+01
   220  9.358325e-01  9.297927e-01  2.382162e-01  3.650285e-04  2.985303e-02  1.089721e-05  1.585546e+04  1.221197e+01
   221  9.474093e-01  9.416595e-01  2.446377e-01  3.604546e-04  2.947229e-02  1.062342e-05  1.616004e+04  1.236833e+01
   222  9.584616e-01  9.529706e-01  2.511862e-01  3.560904e-04  2.910974e-02  1.036570e-05  1.645965e+04  1.252114e+01
   223  9.690433e-01  9.637847e-01  2.578626e-01  3.519036e-04  2.876358e-02  1.012201e-05  1.675540e+04  1.267097e+01
   224  9.792003e-01  9.741515e-01  2.646680e-01  3.478679e-04  2.843230e-02  9.890685e-06  1.704824e+04  1.281829e+01
   225  9.889723e-01  9.841138e-01  2.716031e-01  3.439613e-04  2.811459e-02  9.670330e-06  1.733902e+04  1.296351e+01
   226  9.983938e-01  9.937086e-01  2.786687e-01  3.401653e-04  2.780931e-02  9.459763e-06  1.762848e+04  1.310699e+01
   227  1.007495e+00  1.002968e+00  2.858656e-01  3.364644e-04  2.751549e-02  9.257981e-06  1.791729e+04  1.324906e+01
   228  1.016302e+00  1.011921e+00  2.931946e-01  3.328453e-04  2.723225e-02  9.064126e-06  1.820606e+04  1.338999e+01
   229  1.024838e+00  1.020591e+00  3.006563e-01  3.292966e-04  2.695885e-02  8.877457e-06  1.849533e+04  1.353004e+01
   230  1.033124e+00  1.029001e+00  3.082514e-01  3.258087e-04  2.669460e-02  8.697333e-06  1.878562e+04  1.366942e+01
   231  1.041179e+00  1.037170e+00  3.159805e-01  3.223733e-04  2.643890e-02  8.523196e-06  1.907740e+04  1.380836e+01
   232  1.049018e+00  1.045116e+00  3.238442e-01  3.189830e-04  2.619123e-02  8.354555e-06  1.937111e+04  1.394703e+01
   233  1.056658e+00  1.052855e+00  3.318430e-01  3.156316e-04  2.595108e-02  8.190981e-06  1.966717e+04  1.408560e+01
   234  1.064110e+00  1.060400e+00  3.399773e-01  3.123138e-04  2.571803e-02  8.032093e-06  1.996595e+04  1.422423e+01
   235  1.071389e+00  1.067765e+00  3.482476e-01  3.090246e-04  2.549167e-02  7.877554e-06  2.026785e+04  1.436308e+01
   236  1.078503e+00  1.074960e+00  3.566544e-01  3.057601e-04  2.527165e-02  7.727065e-06  2.057322e+04  1.450227e+01
   237  1.085464e+00  1.081998e+00  3.651978e-01  3.025167e-04  2.505764e-02  7.580356e-06  2.088241e+04  1.464193e+01
   238  1.092281e+00  1.088886e+00  3.738783e-01  2.992912e-04  2.484934e-02  7.437188e-06  2.119574e+04  1.478219e+01
   239  1.098962e+00  1.095634e+00  3.826961e-01  2.960810e-04  2.464645e-02  7.297347e-06  2.151356e+04  1.492316e+01
   240  1.105514e+00  1.102250e+00  3.916514e-01  2.928837e-04  2.444874e-02  7.160637e-06  2.183618e+04  1.506494e+01
   241  1.111946e+00  1.108742e+00  4.007443e-01  2.896973e-04  2.425595e-02  7.026885e-06  2.216391e+04  1.520764e+01
   242  1.118263e+00  1.115116e+00  4.099751e-01  2.865201e-04  2.406788e-02  6.895932e-06  2.249707e+04  1.535136e+01
   243  1.124472e+00  1.121379e+00  4.193438e-01  2.833507e-04  2.388430e-02  6.767633e-06  2.283597e+04  1.549619e+01
   244  1.130578e+00  1.127536e+00  4.288503e-01  2.801877e-04  2.370504e-02  6.641861e-06  2.318092e+04  1.564222e+01
   245  1.136586e+00  1.133592e+00  4.384948e-01  2.770302e-04  2.352990e-02  6.518494e-06  2.353221e+04  1.578954e+01
   246  1.142502e+00  1.139554e+00  4.482772e-01  2.738774e-04  2.335873e-02  6.397427e-06  2.389017e+04  1.593825e+01
   247  1.148330e+00  1.145426e+00  4.581974e-01  2.707285e-04  2.319135e-02  6.278559e-06  2.425510e+04  1.608842e+01
   248  1.154073e+00  1.151211e+00  4.682552e-01  2.675830e-04  2.302762e-02  6.161801e-06  2.462731e+04  1.624013e+01
   249  1.159737e+00  1.156915e+00  4.784506e-01  2.644406e-04  2.286740e-02  6.047070e-06  2.500710e+04  1.639346e+01
   250  1.165325e+00  1.162540e+00  4.887832e-01  2.613010e-04  2.271056e-02  5.934291e-06  2.539481e+04  1.654851e+01
   251  1.170840e+00  1.168091e+00  4.992529e-01  2.581640e-04  2.255695e-02  5.823394e-06  2.579075e+04  1.670533e+01
   252  1.176286e+00  1.173571e+00  5.098594e-01  2.550297e-04  2.240647e-02  5.714314e-06  2.619525e+04  1.686402e+01
   253  1.181665e+00  1.178984e+00  5.206023e-01  2.518980e-04  2.225899e-02  5.606994e-06  2.660864e+04  1.702465e+01
   254  1.186981e+00  1.184331e+00  5.314812e-01  2.487690e-04  2.211440e-02  5.501379e-06  2.703124e+04  1.718729e+01
   255  1.192236e+00  1.189617e+00  5.424959e-01  2.456431e-04  2.197260e-02  5.397419e-06  2.746342e+04  1.735203e+01
   256  1.197434e+00  1.194843e+00  5.536457e-01  2.425204e-04  2.183349e-02  5.295068e-06  2.790552e+04  1.751893e+01
   257  1.202575e+00  1.200012e+00  5.649304e-01  2.394014e-04  2.169696e-02  5.194282e-06  2.835789e+04  1.768807e+01
   258  1.207664e+00  1.205127e+00  5.763493e-01  2.362863e-04  2.156292e-02  5.095023e-06  2.882091e+04  1.785954e+01
   259  1.212701e+00  1.210190e+00  5.879020e-01  2.331757e-04  2.143128e-02  4.997254e-06  2.929494e+04  1.803340e+01
   260  1.217690e+00  1.215203e+00  5.995879e-01  2.300700e-04  2.130195e-02  4.900941e-06  2.978038e+04  1.820973e+01
   261  1.222632e+00  1.220168e+00  6.114063e-01  2.269698e-04  2.117485e-02  4.806051e-06  3.027762e+04  1.838862e+01
   262  1.227528e+00  1.225087e+00  6.233566e-01  2.238756e-04  2.104989e-02  4.712556e-06  3.078707e+04  1.857013e+01
   263  1.232382e+00  1.229962e+00  6.354383e-01  2.207880e-04  2.092699e-02  4.620429e-06  3.130914e+04  1.875435e+01
   264  1.237194e+00  1.234794e+00  6.476505e-01  2.177076e-04  2.080608e-02  4.529643e-06  3.184426e+04  1.894137e+01
   265  1.241966e+00  1.239586e+00  6.599927e-01  2.146351e-04  2.068708e-02  4.440174e-06  3.239288e+04  1.913125e+01
   266  1.246700e+00  1.244339e+00  6.724639e-01  2.115712e-04  2.056992e-02  4.352001e-06  3.295545e+04  1.932408e+01
   267  1.251397e+00  1.249055e+00  6.850636e-01  2.085164e-04  2.045452e-02  4.265103e-06  3.353244e+04  1.951994e+01
   268  1.256059e+00  1.253734e+00  6.977908e-01  2.054715e-04  2.034082e-02  4.179459e-06  3.412433e+04  1.971892e+01
   269  1.260687e+00  1.258379e+00  7.106448e-01  2.024373e-04  2.022874e-02  4.095051e-06  3.473163e+04  1.992111e+01
   270  1.265282e+00  1.262991e+00  7.236247e-01  1.994143e-04  2.011823e-02  4.011862e-06  3.535484e+04  2.012659e+01
   271  1.269846e+00  1.267570e+00  7.367296e-01  1.964033e-04  2.000921e-02  3.929876e-06  3.599451e+04  2.033545e+01
   272  1.274380e+00  1.272119e+00  7.499587e-01  1.934050e-04  1.990164e-02  3.849076e-06  3.665118e+04  2.054779e+01
   273  1.278886e+00  1.276639e+00  7.633112e-01  1.904201e-04  1.979543e-02  3.769448e-06  3.732542e+04  2.076368e+01
   274  1.283363e+00  1.281130e+00  7.767859e-01  1.874493e-04  1.969054e-02  3.690978e-06  3.801783e+04  2.098324e+01
   275  1.287814e+00  1.285594e+00  7.903821e-01  1.844933e-04  1.958690e-02  3.613653e-06  3.872901e+04  2.120655e+01
   276  1.292239e+00  1.290032e+00  8.040988e-01  1.815528e-04  1.948447e-02  3.537460e-06  3.945960e+04  2.143372e+01
   277  1.296640e+00  1.294445e+00  8.179349e-01  1.786285e-04  1.938317e-02  3.462387e-06  4.021026e+04  2.166484e+01
   278  1.301017e+00  1.298834e+00  8.318895e-01  1.757210e-04  1.928297e-02  3.388422e-06  4.098165e+04  2.190002e+01
   279  1.305371e+00  1.303199e+00  8.459616e-01  1.728309e-04  1.918380e-02  3.315554e-06  4.177449e+04  2.213937e+01
   280  1.309704e+00  1.307543e+00  8.601502e-01  1.699590e-04  1.908561e-02  3.243772e-06  4.258952e+04  2.238299e+01
   281  1.314016e+00  1.311865e+00  8.744542e-01  1.671058e-04  1.898836e-02  3.173066e-06  4.342748e+04  2.263100e+01
   282  1.318307e+00  1.316167e+00  8.888727e-01  1.642720e-04  1.889199e-02  3.103426e-06  4.428917e+04  2.288351e+01
   283  1.322580e+00  1.320449e+00  9.034045e-01  1.614581e-04  1.879646e-02  3.034841e-06  4.517541e+04  2.314064e+01
   284  1.326834e+00  1.324712e+00  9.180486e-01  1.586647e-04  1.870172e-02  2.967303e-06  4.608706e+04  2.340250e+01
   285  1.331071e+00  1.328958e+00  9.328039e-01  1.558923e-04  1.860772e-02  2.900801e-06  4.702498e+04  2.366924e+01
   286  1.335291e+00  1.333186e+00  9.476693e-01  1.531415e-04  1.851443e-02  2.835328e-06  4.799012e+04  2.394096e+01
   287  1.339495e+00  1.337398e+00  9.626437e-01  1.504128e-04  1.842179e-02  2.770874e-06  4.898343e+04  2.421781e+01
   288  1.343684e+00  1.341594e+00  9.777261e-01  1.477067e-04  1.832977e-02  2.707429e-06  5.000591e+04  2.449992e+01
   289  1.347858e+00  1.345776e+00  9.929154e-01  1.450236e-04  1.823832e-02  2.644987e-06  5.105861e+04  2.478743e+01
   290  1.352018e+00  1.349943e+00  1.008210e+00  1.423639e-04  1.814742e-02  2.583537e-06  5.214260e+04  2.508048e+01
   291  1.356165e+00  1.354096e+00  1.023610e+00  1.397281e-04  1.805701e-02  2.523072e-06  5.325903e+04  2.537923e+01
   292  1.360299e+00  1.358237e+00  1.039113e+00  1.371166e-04  1.796707e-02  2.463584e-06  5.440907e+04  2.568382e+01
   293  1.364421e+00  1.362365e+00  1.054718e+00  1.345297e-04  1.787756e-02  2.405063e-06  5.559396e+04  2.599441e+01
   294  1.368532e+00  1.366482e+00  1.070425e+00  1.319678e-04  1.778845e-02  2.347503e-06  5.681500e+04  2.631117e+01
   295  1.372633e+00  1.370587e+00  1.086232e+00  1.294311e-04  1.769971e-02  2.290893e-06  5.807352e+04  2.663427e+01
   296  1.376723e+00  1.374683e+00  1.102138e+00  1.269201e-04  1.761131e-02  2.235228e-06  5.937094e+04  2.696388e+01
   297  1.380804e+00  1.378768e+00  1.118142e+00  1.244348e-04  1.752321e-02  2.180498e-06  6.070873e+04  2.730017e+01
   298  1.384876e+00  1.382845e+00  1.134242e+00  1.219757e-04  1.743541e-02  2.126696e-06  6.208843e+04  2.764334e+01
   299  1.388940e+00  1.386913e+00  1.150438e+00  1.195428e-04  1.734786e-02  2.073813e-06  6.351166e+04  2.799358e+01
   300  1.392996e+00  1.390973e+00  1.166729e+00  1.171365e-04  1.726056e-02  2.021841e-06  6.498011e+04  2.835109e+01
   301  1.397045e+00  1.395025e+00  1.183113e+00  1.147568e-04  1.717347e-02  1.970773e-06  6.649554e+04  2.871607e+01
   302  1.401087e+00  1.399071e+00  1.199589e+00  1.124039e-04  1.708658e-02  1.920600e-06  6.805982e+04  2.908874e+01
   303  1.405124e+00  1.403110e+00  1.216156e+00  1.100780e-04  1.699988e-02  1.871314e-06  6.967491e+04  2.946931e+01
   304  1.409155e+00  1.407144e+00  1.232813e+00  1.077791e-04  1.691335e-02  1.822907e-06  7.134284e+04  2.985802e+01
   305  1.413181e+00  1.411173e+00  1.249559e+00  1.055074e-04  1.682698e-02  1.775371e-06  7.306578e+04  3.025511e+01
   306  1.417203e+00  1.415197e+00  1.266393e+00  1.032628e-04  1.674076e-02  1.728698e-06  7.484597e+04  3.066081e+01
   307  1.421221e+00  1.419217e+00  1.283313e+00  1.010455e-04  1.665468e-02  1.682880e-06  7.668580e+04  3.107540e+01
   308  1.425236e+00  1.423233e+00  1.300318e+00  9.885541e-05  1.656873e-02  1.637909e-06  7.858777e+04  3.149912e+01
   309  1.429248e+00  1.427247e+00  1.317409e+00  9.669256e-05  1.648292e-02  1.593776e-06  8.055451e+04  3.193226e+01
   310  1.433259e+00  1.431258e+00  1.334582e+00  9.455694e-05  1.639724e-02  1.550473e-06  8.258880e+04  3.237510e+01
   311  1.437267e+00  1.435268e+00  1.351837e+00  9.244852e-05  1.631170e-02  1.507993e-06  8.469356e+04  3.282794e+01
   312  1.441275e+00  1.439276e+00  1.369174e+00  9.036723e-05  1.622631e-02  1.466326e-06  8.687187e+04  3.329108e+01
   313  1.445283e+00  1.443284e+00  1.386590e+00  8.831302e-05  1.614106e-02  1.425466e-06  8.912699e+04  3.376485e+01
   314  1.449290e+00  1.447291e+00  1.404086e+00  8.628581e-05  1.605597e-02  1.385403e-06  9.146234e+04  3.424958e+01
   315  1.453299e+00  1.451299e+00  1.421659e+00  8.428549e-05  1.597106e-02  1.346129e-06  9.388156e+04  3.474561e+01
   316  1.457309e+00  1.455308e+00  1.439309e+00  8.231195e-05  1.588634e-02  1.307636e-06  9.638849e+04  3.525331e+01
   317  1.461321e+00  1.459319e+00  1.457034e+00  8.036509e-05  1.580183e-02  1.269915e-06  9.898717e+04  3.577304e+01
   318  1.465335e+00  1.463333e+00  1.474834e+00  7.844478e-05  1.571755e-02  1.232960e-06  1.016819e+05  3.630520e+01
   319  1.469353e+00  1.467349e+00  1.492708e+00  7.655088e-05  1.563353e-02  1.196760e-06  1.044772e+05  3.685019e+01
   320  1.473375e+00  1.471369e+00  1.510654e+00  7.468323e-05  1.554979e-02  1.161308e-06  1.073778e+05  3.740843e+01
   321  1.477402e+00  1.475393e+00  1.528672e+00  7.284170e-05  1.546637e-02  1.126596e-06  1.103890e+05  3.798036e+01
   322  1.481433e+00  1.479422e+00  1.546760e+00  7.102612e-05  1.538329e-02  1.092616e-06  1.135160e+05  3.856644e+01
   323  1.485471e+00  1.483457e+00  1.564917e+00  6.923635e-05  1.530061e-02  1.059358e-06  1.167647e+05  3.916714e+01
   324  1.489515e+00  1.487498e+00  1.583142e+00  6.747220e-05  1.521835e-02  1.026816e-06  1.201410e+05  3.978296e+01
   325  1.493567e+00  1.491546e+00  1.601435e+00  6.573353e-05  1.513656e-02  9.949794e-07  1.236515e+05  4.041441e+01
   326  1.497627e+00  1.495602e+00  1.619794e+00  6.402018e-05  1.505528e-02  9.638416e-07  1.273030e+05  4.106203e+01
   327  1.501696e+00  1.499666e+00  1.638218e+00  6.233198e-05  1.497456e-02  9.333940e-07  1.311028e+05  4.172638e+01
   328  1.505774e+00  1.503740e+00  1.656707e+00  6.066879e-05  1.489445e-02  9.036283e-07  1.350587e+05  4.240806e+01
   329  1.509863e+00  1.507824e+00  1.675259e+00  5.903046e-05  1.481500e-02  8.745363e-07  1.391788e+05  4.310765e+01
   330  1.513964e+00  1.511918e+00  1.693873e+00  5.741684e-05  1.473627e-02  8.461099e-07  1.434719e+05  4.382580e+01
   331  1.518076e+00  1.516025e+00  1.712548e+00  5.582781e-05  1.465830e-02  8.183406e-07  1.479475e+05  4.456318e+01
   332  1.522202e+00  1.520144e+00  1.731284e+00  5.426325e-05  1.458115e-02  7.912207e-07  1.526154e+05  4.532047e+01
   333  1.526342e+00  1.524277e+00  1.750080e+00  5.272305e-05  1.450489e-02  7.647420e-07  1.574861e+05  4.609839e+01
   334  1.530497e+00  1.528425e+00  1.768933e+00  5.120711e-05  1.442956e-02  7.388964e-07  1.625710e+05  4.689769e+01
   335  1.534668e+00  1.532588e+00  1.787844e+00  4.971539e-05  1.435523e-02  7.136759e-07  1.678820e+05  4.771915e+01
   336  1.538856e+00  1.536767e+00  1.806811e+00  4.824779e-05  1.428195e-02  6.890726e-07  1.734318e+05  4.856359e+01
   337  1.543063e+00  1.540965e+00  1.825834e+00  4.680428e-05  1.420978e-02  6.650784e-07  1.792342e+05  4.943185e+01
   338  1.547288e+00  1.545180e+00  1.844912e+00  4.538484e-05  1.413876e-02  6.416853e-07  1.853035e+05  5.032482e+01
   339  1.551533e+00  1.549416e+00  1.864043e+00  4.398946e-05  1.406895e-02  6.188853e-07  1.916552e+05  5.124343e+01
   340  1.555800e+00  1.553672e+00  1.883227e+00  4.261816e-05  1.400039e-02  5.966708e-07  1.983057e+05  5.218863e+01
   341  1.560090e+00  1.557950e+00  1.902463e+00  4.127097e-05  1.393313e-02  5.750337e-07  2.052726e+05  5.316142e+01
   342  1.564403e+00  1.562252e+00  1.921749e+00  3.994794e-05  1.386720e-02  5.539660e-07  2.125745e+05  5.416287e+01
   343  1.568741e+00  1.566577e+00  1.941086e+00  3.864915e-05  1.380264e-02  5.334601e-07  2.202313e+05  5.519405e+01
   344  1.573105e+00  1.570928e+00  1.960472e+00  3.737468e-05  1.373946e-02  5.135080e-07  2.282641e+05  5.625611e+01
   345  1.577497e+00  1.575307e+00  1.979907e+00  3.612464e-05  1.367769e-02  4.941014e-07  2.366956e+05  5.735024e+01
   346  1.581917e+00  1.579713e+00  1.999389e+00  3.489916e-05  1.361732e-02  4.752330e-07  2.455496e+05  5.847766e+01
   347  1.586367e+00  1.584148e+00  2.018916e+00  3.369842e-05  1.355836e-02  4.568955e-07  2.548513e+05  5.963962e+01
   348  1.590849e+00  1.588614e+00  2.038490e+00  3.252255e-05  1.350080e-02  4.390805e-07  2.646279e+05  6.083747e+01
   349  1.595363e+00  1.593112e+00  2.058108e+00  3.137171e-05  1.344461e-02  4.217803e-07  2.749083e+05  6.207263e+01
   350  1.599911e+00  1.597643e+00  2.077770e+00  3.024608e-05  1.338974e-02  4.049871e-07  2.857227e+05  6.334650e+01
   351  1.604494e+00  1.602209e+00  2.097475e+00  2.914582e-05  1.333615e-02  3.886931e-07  2.971039e+05  6.466062e+01
   352  1.609114e+00  1.606810e+00  2.117222e+00  2.807111e-05  1.328378e-02  3.728904e-07  3.090862e+05  6.601652e+01
   353  1.613771e+00  1.611448e+00  2.137010e+00  2.702212e-05  1.323254e-02  3.575713e-07  3.217059e+05  6.741584e+01
   354  1.618467e+00  1.616125e+00  2.156839e+00  2.599899e-05  1.318235e-02  3.427277e-07  3.350019e+05  6.886026e+01
   355  1.623203e+00  1.620842e+00  2.176706e+00  2.500185e-05  1.313309e-02  3.283515e-07  3.490153e+05  7.035156e+01
   356  1.627981e+00  1.625599e+00  2.196613e+00  2.403082e-05  1.308465e-02  3.144350e-07  3.637896e+05  7.189155e+01
   357  1.632801e+00  1.630398e+00  2.216557e+00  2.308600e-05  1.303691e-02  3.009700e-07  3.793709e+05  7.348211e+01
   358  1.637665e+00  1.635240e+00  2.236538e+00  2.216744e-05  1.298970e-02  2.879485e-07  3.958082e+05  7.512523e+01
   359  1.642573e+00  1.640126e+00  2.256555e+00  2.127516e-05  1.294289e-02  2.753622e-07  4.131535e+05  7.682297e+01
   360  1.647527e+00  1.645057e+00  2.276608e+00  2.040915e-05  1.289632e-02  2.632029e-07  4.314616e+05  7.857744e+01
   361  1.652528e+00  1.650034e+00  2.296694e+00  1.956935e-05  1.284981e-02  2.514625e-07  4.507909e+05  8.039086e+01
   362  1.657576e+00  1.655059e+00  2.316815e+00  1.875565e-05  1.280320e-02  2.401323e-07  4.712036e+05  8.226554e+01
   363  1.662672e+00  1.660131e+00  2.336968e+00  1.796790e-05  1.275631e-02  2.292042e-07  4.927652e+05  8.420386e+01
   364  1.667816e+00  1.665252e+00  2.357153e+00  1.720592e-05  1.270898e-02  2.186697e-07  5.155452e+05  8.620827e+01
   365  1.673011e+00  1.670421e+00  2.377369e+00  1.646944e-05  1.266103e-02  2.085201e-07  5.396181e+05  8.828141e+01
   366  1.678255e+00  1.675641e+00  2.397614e+00  1.575818e-05  1.261231e-02  1.987470e-07  5.650629e+05  9.042594e+01
   367  1.683550e+00  1.680911e+00  2.417890e+00  1.507178e-05  1.256265e-02  1.893416e-07  5.919632e+05  9.264463e+01
   368  1.688896e+00  1.686231e+00  2.438194e+00  1.440986e-05  1.251193e-02  1.802952e-07  6.204088e+05  9.494043e+01
   369  1.694293e+00  1.691603e+00  2.458525e+00  1.377200e-05  1.246000e-02  1.715991e-07  6.504950e+05  9.731633e+01
   370  1.699741e+00  1.697025e+00  2.478883e+00  1.315772e-05  1.240675e-02  1.632446e-07  6.823233e+05  9.977549e+01
   371  1.705241e+00  1.702500e+00  2.499268e+00  1.256653e-05  1.235208e-02  1.552228e-07  7.160025e+05  1.023212e+02
   372  1.710793e+00  1.708026e+00  2.519677e+00  1.199790e-05  1.229590e-02  1.475249e-07  7.516483e+05  1.049568e+02
   373  1.716396e+00  1.713604e+00  2.540110e+00  1.145127e-05  1.223813e-02  1.401422e-07  7.893847e+05  1.076859e+02
   374  1.722052e+00  1.719233e+00  2.560567e+00  1.092607e-05  1.217873e-02  1.330656e-07  8.293449e+05  1.105122e+02
   375  1.727759e+00  1.724915e+00  2.581047e+00  1.042171e-05  1.211764e-02  1.262865e-07  8.716698e+05  1.134396e+02
   376  1.733518e+00  1.730648e+00  2.601548e+00  9.937600e-06  1.205484e-02  1.197962e-07  9.165111e+05  1.164721e+02
   377  1.739328e+00  1.736433e+00  2.622070e+00  9.473130e-06  1.199031e-02  1.135858e-07  9.640316e+05  1.196138e+02
   378  1.745190e+00  1.742269e+00  2.642612e+00  9.027693e-06  1.192405e-02  1.076466e-07  1.014405e+06  1.228692e+02
   379  1.751103e+00  1.748157e+00  2.663173e+00  8.600692e-06  1.185605e-02  1.019702e-07  1.067816e+06  1.262428e+02
   380  1.757068e+00  1.754096e+00  2.683753e+00  8.191522e-06  1.178634e-02  9.654802e-08  1.124465e+06  1.297393e+02
   381  1.763083e+00  1.760086e+00  2.704349e+00  7.799583e-06  1.171492e-02  9.137148e-08  1.184565e+06  1.333638e+02
   382  1.769149e+00  1.766127e+00  2.724962e+00  7.424294e-06  1.164182e-02  8.643232e-08  1.248344e+06  1.371214e+02
   383  1.775265e+00  1.772218e+00  2.745591e+00  7.065072e-06  1.156708e-02  8.172226e-08  1.316047e+06  1.410175e+02
   384  1.781432e+00  1.778359e+00  2.766234e+00  6.721355e-06  1.149072e-02  7.723325e-08  1.387936e+06  1.450578e+02
   385  1.787648e+00  1.784551e+00  2.786890e+00  6.392590e-06  1.141279e-02  7.295730e-08  1.464290e+06  1.492481e+02
   386  1.793913e+00  1.790792e+00  2.807560e+00  6.078229e-06  1.133332e-02  6.888652e-08  1.545412e+06  1.535947e+02
   387  1.800228e+00  1.797082e+00  2.828242e+00  5.777742e-06  1.125235e-02  6.501320e-08  1.631624e+06  1.581039e+02
   388  1.806592e+00  1.803422e+00  2.848934e+00  5.490614e-06  1.116993e-02  6.132979e-08  1.723272e+06  1.627824e+02
   389  1.813004e+00  1.809810e+00  2.869636e+00  5.216341e-06  1.108610e-02  5.782889e-08  1.820726e+06  1.676374e+02
   390  1.819464e+00  1.816246e+00  2.890347e+00  4.954435e-06  1.100091e-02  5.450330e-08  1.924383e+06  1.726760e+02
   391  1.825972e+00  1.822731e+00  2.911066e+00  4.704419e-06  1.091440e-02  5.134591e-08  2.034670e+06  1.779059e+02
   392  1.832528e+00  1.829263e+00  2.931793e+00  4.465828e-06  1.082662e-02  4.834983e-08  2.152046e+06  1.833352e+02
   393  1.839131e+00  1.835842e+00  2.952525e+00  4.238216e-06  1.073762e-02  4.550834e-08  2.277000e+06  1.889721e+02
   394  1.845780e+00  1.842468e+00  2.973262e+00  4.021143e-06  1.064743e-02  4.281485e-08  2.410061e+06  1.948256e+02
   395  1.852476e+00  1.849141e+00  2.994003e+00  3.814190e-06  1.055612e-02  4.026304e-08  2.551794e+06  2.009047e+02
   396  1.859217e+00  1.855859e+00  3.014747e+00  3.616951e-06  1.046371e-02  3.784674e-08  2.702804e+06  2.072187e+02
   397  1.866004e+00  1.862624e+00  3.035493e+00  3.429024e-06  1.037027e-02  3.555990e-08  2.863746e+06  2.137780e+02
   398  1.872836e+00  1.869433e+00  3.056239e+00  3.250028e-06  1.027583e-02  3.339672e-08  3.035320e+06  2.205928e+02
   399  1.879712e+00  1.876288e+00  3.076985e+00  3.079592e-06  1.018043e-02  3.135158e-08  3.218279e+06  2.276741e+02
   400  1.886633e+00  1.883186e+00  3.097730e+00  2.917355e-06  1.008414e-02  2.941901e-08  3.413433e+06  2.350332e+02
   401  1.893597e+00  1.890129e+00  3.118471e+00  2.762969e-06  9.986985e-03  2.759373e-08  3.621653e+06  2.426823e+02
   402  1.900604e+00  1.897115e+00  3.139210e+00  2.616098e-06  9.889027e-03  2.587067e-08  3.843874e+06  2.506337e+02
   403  1.907655e+00  1.904144e+00  3.159943e+00  2.476416e-06  9.790314e-03  2.424489e-08  4.081107e+06  2.589006e+02
   404  1.914747e+00  1.911215e+00  3.180670e+00  2.343611e-06  9.690896e-03  2.271169e-08  4.334434e+06  2.674967e+02
   405  1.921881e+00  1.918329e+00  3.201389e+00  2.217380e-06  9.590825e-03  2.126650e-08  4.605024e+06  2.764364e+02
   406  1.929056e+00  1.925484e+00  3.222100e+00  2.097429e-06  9.490149e-03  1.990492e-08  4.894137e+06  2.857347e+02
   407  1.936273e+00  1.932679e+00  3.242801e+00  1.983482e-06  9.388918e-03  1.862275e-08  5.203121e+06  2.954074e+02
   408  1.943529e+00  1.939916e+00  3.263492e+00  1.875267e-06  9.287174e-03  1.741593e-08  5.533438e+06  3.054709e+02
   409  1.950826e+00  1.947193e+00  3.284169e+00  1.772526e-06  9.184964e-03  1.628058e-08  5.886657e+06  3.159427e+02
   410  1.958162e+00  1.954509e+00  3.304833e+00  1.675008e-06  9.082326e-03  1.521297e-08  6.264472e+06  3.268408e+02
   411  1.965536e+00  1.961864e+00  3.325481e+00  1.582479e-06  8.979303e-03  1.420956e-08  6.668691e+06  3.381839e+02
   412  1.972949e+00  1.969258e+00  3.346113e+00  1.494707e-06  8.875930e-03  1.326692e-08  7.101284e+06  3.499921e+02
   413  1.980400e+00  1.976690e+00  3.366726e+00  1.411468e-06  8.772246e-03  1.238175e-08  7.564381e+06  3.622866e+02
   414  1.987888e+00  1.984160e+00  3.387321e+00  1.332552e-06  8.668300e-03  1.155096e-08  8.060255e+06  3.750889e+02
   415  1.995413e+00  1.991666e+00  3.407894e+00  1.257751e-06  8.564140e-03  1.077156e-08  8.591390e+06  3.884222e+02
   416  2.002974e+00  1.999210e+00  3.428445e+00  1.186869e-06  8.459817e-03  1.004070e-08  9.160445e+06  4.023104e+02
   417  2.010570e+00  2.006789e+00  3.448972e+00  1.119720e-06  8.355369e-03  9.355676e-09  9.770295e+06  4.167789e+02
   418  2.018202e+00  2.014403e+00  3.469473e+00  1.056125e-06  8.250821e-03  8.713897e-09  1.042404e+07  4.318541e+02
   419  2.025869e+00  2.022053e+00  3.489947e+00  9.959126e-07  8.146201e-03  8.112904e-09  1.112503e+07  4.475639e+02
   420  2.033570e+00  2.029736e+00  3.510392e+00  9.389171e-07  8.041554e-03  7.550353e-09  1.187689e+07  4.639377e+02
   421  2.041304e+00  2.037454e+00  3.530806e+00  8.849779e-07  7.936948e-03  7.024023e-09  1.268355e+07  4.810058e+02
   422  2.049071e+00  2.045205e+00  3.551188e+00  8.339424e-07  7.832424e-03  6.531790e-09  1.354927e+07  4.988008e+02
   423  2.056871e+00  2.052989e+00  3.571535e+00  7.856735e-07  7.727956e-03  6.071650e-09  1.447857e+07  5.173565e+02
   424  2.064703e+00  2.060805e+00  3.591847e+00  7.400366e-07  7.623535e-03  5.641695e-09  1.547635e+07  5.367085e+02
   425  2.072566e+00  2.068653e+00  3.612121e+00  6.968940e-07  7.519243e-03  5.240116e-09  1.654803e+07  5.568944e+02
   426  2.080461e+00  2.076531e+00  3.632356e+00  6.561133e-07  7.415178e-03  4.865197e-09  1.769947e+07  5.779537e+02
   427  2.088385e+00  2.084441e+00  3.652549e+00  6.175708e-07  7.311418e-03  4.515319e-09  1.893705e+07  5.999279e+02
   428  2.096339e+00  2.092380e+00  3.672697e+00  5.811574e-07  7.207956e-03  4.188957e-09  2.026750e+07  6.228598e+02
   429  2.104323e+00  2.100350e+00  3.692801e+00  5.467657e-07  7.104785e-03  3.884653e-09  2.169818e+07  6.467957e+02
   430  2.112336e+00  2.108348e+00  3.712856e+00  5.142939e-07  7.001897e-03  3.601033e-09  2.323704e+07  6.717841e+02
   431  2.120376e+00  2.116374e+00  3.732862e+00  4.836384e-07  6.899386e-03  3.336808e-09  2.489281e+07  6.978750e+02
   432  2.128445e+00  2.124429e+00  3.752816e+00  4.547053e-07  6.797252e-03  3.090747e-09  2.667493e+07  7.251228e+02
   433  2.136540e+00  2.132511e+00  3.772715e+00  4.274083e-07  6.695462e-03  2.861696e-09  2.859347e+07  7.535838e+02
   434  2.144663e+00  2.140620e+00  3.792558e+00  4.016579e-07  6.594094e-03  2.648570e-09  3.065957e+07  7.833170e+02
   435  2.152811e+00  2.148756e+00  3.812342e+00  3.773686e-07  6.493242e-03  2.450346e-09  3.288542e+07  8.143846e+02
   436  2.160984e+00  2.156917e+00  3.832064e+00  3.544640e-07  6.392918e-03  2.266059e-09  3.528404e+07  8.468522e+02
   437  2.169183e+00  2.165103e+00  3.851724e+00  3.328819e-07  6.292894e-03  2.094791e-09  3.786907e+07  8.807912e+02
   438  2.177407e+00  2.173314e+00  3.871316e+00  3.125246e-07  6.193721e-03  1.935690e-09  4.065744e+07  9.162739e+02
   439  2.185654e+00  2.181550e+00  3.890841e+00  2.933467e-07  6.095031e-03  1.787957e-09  4.366473e+07  9.533770e+02
   440  2.193926e+00  2.189810e+00  3.910294e+00  2.752820e-07  5.996867e-03  1.650829e-09  4.690942e+07  9.921839e+02
   441  2.202220e+00  2.198092e+00  3.929672e+00  2.582614e-07  5.899464e-03  1.523604e-09  5.041203e+07  1.032779e+03
   442  2.210536e+00  2.206398e+00  3.948974e+00  2.422469e-07  5.802402e-03  1.405614e-09  5.419235e+07  1.075252e+03
   443  2.218874e+00  2.214725e+00  3.968197e+00  2.271689e-07  5.706011e-03  1.296228e-09  5.827534e+07  1.119702e+03
   444  2.227234e+00  2.223074e+00  3.987338e+00  2.129790e-07  5.610233e-03  1.194862e-09  6.268631e+07  1.166230e+03
   445  2.235614e+00  2.231444e+00  4.006394e+00  1.996250e-07  5.515159e-03  1.100964e-09  6.745374e+07  1.214945e+03
   446  2.244014e+00  2.239835e+00  4.025361e+00  1.870612e-07  5.420815e-03  1.014024e-09  7.260792e+07  1.265957e+03
   447  2.252434e+00  2.248245e+00  4.044236e+00  1.752388e-07  5.327368e-03  9.335613e-10  7.818321e+07  1.319386e+03
   448  2.260874e+00  2.256675e+00  4.063018e+00  1.641258e-07  5.234513e-03  8.591186e-10  8.421414e+07  1.375361e+03
   449  2.269331e+00  2.265123e+00  4.081701e+00  1.536799e-07  5.142359e-03  7.902772e-10  9.074062e+07  1.434014e+03
   450  2.277808e+00  2.273591e+00  4.100285e+00  1.438558e-07  5.051162e-03  7.266391e-10  9.780856e+07  1.495491e+03
   451  2.286302e+00  2.282076e+00  4.118764e+00  1.346302e-07  4.960521e-03  6.678360e-10  1.054615e+08  1.559942e+03
   452  2.294813e+00  2.290578e+00  4.137136e+00  1.259633e-07  4.870668e-03  6.135254e-10  1.137527e+08  1.627522e+03
   453  2.303340e+00  2.299097e+00  4.155398e+00  1.178242e-07  4.781554e-03  5.633829e-10  1.227385e+08  1.698406e+03
   454  2.311883e+00  2.307632e+00  4.173546e+00  1.101756e-07  4.693496e-03  5.171089e-10  1.324848e+08  1.772769e+03
   455  2.320442e+00  2.316183e+00  4.191575e+00  1.029957e-07  4.606245e-03  4.744233e-10  1.430565e+08  1.850803e+03
   456  2.329014e+00  2.324749e+00  4.209483e+00  9.626103e-08  4.519645e-03  4.350657e-10  1.545245e+08  1.932706e+03
   457  2.337601e+00  2.333329e+00  4.227266e+00  8.994256e-08  4.433846e-03  3.987915e-10  1.669723e+08  2.018693e+03
   458  2.346203e+00  2.341923e+00  4.244922e+00  8.401232e-08  4.349022e-03  3.653714e-10  1.804934e+08  2.108997e+03
   459  2.354817e+00  2.350531e+00  4.262445e+00  7.844874e-08  4.265147e-03  3.345954e-10  1.951853e+08  2.203856e+03
   460  2.363443e+00  2.359151e+00  4.279832e+00  7.323791e-08  4.181828e-03  3.062684e-10  2.111451e+08  2.303521e+03
   461  2.372081e+00  2.367783e+00  4.297077e+00  6.834393e-08  4.099961e-03  2.802075e-10  2.285126e+08  2.408260e+03
   462  2.380729e+00  2.376426e+00  4.314179e+00  6.376928e-08  4.018250e-03  2.562409e-10  2.473831e+08  2.518367e+03
   463  2.389389e+00  2.385081e+00  4.331132e+00  5.947000e-08  3.938285e-03  2.342098e-10  2.679467e+08  2.634151e+03
   464  2.398058e+00  2.393745e+00  4.347934e+00  5.545149e-08  3.858653e-03  2.139681e-10  2.903146e+08  2.755934e+03
   465  2.406735e+00  2.402418e+00  4.364577e+00  5.168774e-08  3.780001e-03  1.953797e-10  3.146781e+08  2.884055e+03
   466  2.415423e+00  2.411101e+00  4.381063e+00  4.816203e-08  3.702421e-03  1.783161e-10  3.412340e+08  3.018895e+03
   467  2.424117e+00  2.419792e+00  4.397382e+00  4.486050e-08  3.625900e-03  1.626597e-10  3.701928e+08  3.160846e+03
   468  2.432818e+00  2.428489e+00  4.413531e+00  4.177481e-08  3.550063e-03  1.483032e-10  4.017607e+08  3.310305e+03
   469  2.441526e+00  2.437194e+00  4.429508e+00  3.888517e-08  3.475464e-03  1.351440e-10  4.362241e+08  3.467727e+03
   470  2.450239e+00  2.445904e+00  4.445308e+00  3.618549e-08  3.401572e-03  1.230875e-10  4.738335e+08  3.633592e+03
   471  2.458955e+00  2.454619e+00  4.460922e+00  3.366110e-08  3.328727e-03  1.120486e-10  5.149115e+08  3.808378e+03
   472  2.467676e+00  2.463338e+00  4.476353e+00  3.130343e-08  3.256689e-03  1.019455e-10  5.597833e+08  3.992631e+03
   473  2.476399e+00  2.472059e+00  4.491590e+00  2.909706e-08  3.186017e-03  9.270371e-11  6.088733e+08  4.186920e+03
   474  2.485124e+00  2.480783e+00  4.506634e+00  2.704265e-08  3.115607e-03  8.425427e-11  6.624901e+08  4.391848e+03
   475  2.493849e+00  2.489508e+00  4.521475e+00  2.511634e-08  3.047154e-03  7.653336e-11  7.212676e+08  4.608057e+03
   476  2.502573e+00  2.498233e+00  4.536111e+00  2.332275e-08  2.979179e-03  6.948264e-11  7.855466e+08  4.836209e+03
   477  2.511296e+00  2.506957e+00  4.550538e+00  2.164801e-08  2.912370e-03  6.304704e-11  8.559702e+08  5.077044e+03
   478  2.520016e+00  2.515678e+00  4.564753e+00  2.008902e-08  2.846126e-03  5.717588e-11  9.330698e+08  5.331345e+03
   479  2.528731e+00  2.524396e+00  4.578744e+00  1.863018e-08  2.781694e-03  5.182345e-11  1.017720e+09  5.599898e+03
   480  2.537441e+00  2.533108e+00  4.592517e+00  1.727573e-08  2.717476e-03  4.694638e-11  1.110403e+09  5.883587e+03
   481  2.546146e+00  2.541816e+00  4.606062e+00  1.600905e-08  2.655025e-03  4.250443e-11  1.212272e+09  6.183383e+03
   482  2.554839e+00  2.550514e+00  4.619369e+00  1.483149e-08  2.593305e-03  3.846257e-11  1.324002e+09  6.500161e+03
   483  2.563523e+00  2.559202e+00  4.632443e+00  1.373576e-08  2.532556e-03  3.478659e-11  1.446664e+09  6.834981e+03
   484  2.572194e+00  2.567880e+00  4.645273e+00  1.271357e-08  2.473360e-03  3.144523e-11  1.581572e+09  7.188957e+03
   485  2.580851e+00  2.576544e+00  4.657858e+00  1.176599e-08  2.414601e-03  2.841016e-11  1.729613e+09  7.563214e+03
   486  2.589492e+00  2.585193e+00  4.670191e+00  1.088197e-08  2.357569e-03  2.565500e-11  1.892606e+09  7.958977e+03
   487  2.598115e+00  2.593825e+00  4.682273e+00  1.006491e-08  2.300605e-03  2.315539e-11  2.071424e+09  8.377554e+03
   488  2.606717e+00  2.602437e+00  4.694093e+00  9.300590e-09  2.246014e-03  2.088925e-11  2.268733e+09  8.820269e+03
   489  2.615293e+00  2.611026e+00  4.705648e+00  8.593409e-09  2.191996e-03  1.883672e-11  2.485505e+09  9.288395e+03
   490  2.623843e+00  2.619589e+00  4.716936e+00  7.937561e-09  2.139033e-03  1.697871e-11  2.723982e+09  9.783426e+03
   491  2.632364e+00  2.628124e+00  4.727955e+00  7.329040e-09  2.087273e-03  1.529770e-11  2.986506e+09  1.030695e+04
   492  2.640851e+00  2.636628e+00  4.738698e+00  6.765298e-09  2.036569e-03  1.377800e-11  3.275393e+09  1.086051e+04
   493  2.649302e+00  2.645097e+00  4.749160e+00  6.240630e-09  1.987833e-03  1.240533e-11  3.594029e+09  1.144561e+04
   494  2.657710e+00  2.653526e+00  4.759340e+00  5.757619e-09  1.939424e-03  1.116647e-11  3.943853e+09  1.206384e+04
   495  2.666073e+00  2.661911e+00  4.769233e+00  5.308866e-09  1.892909e-03  1.004920e-11  4.329457e+09  1.271679e+04
   496  2.674384e+00  2.670248e+00  4.778833e+00  4.893973e-09  1.847688e-03  9.042537e-12  4.753616e+09  1.340597e+04
   497  2.682643e+00  2.678533e+00  4.788149e+00  4.512903e-09  1.802788e-03  8.135806e-12  5.218813e+09  1.413328e+04
   498  2.690840e+00  2.686761e+00  4.797166e+00  4.158386e-09  1.760246e-03  7.319783e-12  5.731766e+09  1.490027e+04
   499  2.698970e+00  2.694924e+00  4.805881e+00  3.830176e-09  1.719639e-03  6.586520e-12  6.295970e+09  1.570780e+04
