     i         log_r      log_rmid             m           rho            v2             p        trelax            kn
     0  -2.055153e+00  -2.356183e+00  4.936543e-05  2.167719e+02  3.466404e-01  7.514190e+01  7.835332e-03  4.650527e-03
     1  -2.048923e+00  -2.052027e+00  5.153900e-05  2.170547e+02  3.461888e-01  7.514190e+01  7.830227e-03  4.650527e-03
     2  -2.042698e+00  -2.045799e+00  5.380601e-05  2.170111e+02  3.461756e-01  7.512394e+01  7.831949e-03  4.651083e-03
     3  -2.036466e+00  -2.039571e+00  5.617461e-05  2.169662e+02  3.461621e-01  7.510547e+01  7.833723e-03  4.651655e-03
     4  -2.030236e+00  -2.033340e+00  5.864622e-05  2.169200e+02  3.461482e-01  7.508646e+01  7.835549e-03  4.652244e-03
     5  -2.024014e+00  -2.027114e+00  6.122269e-05  2.168725e+02  3.461339e-01  7.506690e+01  7.837428e-03  4.652850e-03
     6  -2.017782e+00  -2.020887e+00  6.391625e-05  2.168236e+02  3.461191e-01  7.504679e+01  7.839362e-03  4.653473e-03
     7  -2.011549e+00  -2.014654e+00  6.672776e-05  2.167732e+02  3.461039e-01  7.502607e+01  7.841354e-03  4.654116e-03
     8  -2.005310e+00  -2.008418e+00  6.966511e-05  2.167214e+02  3.460883e-01  7.500474e+01  7.843407e-03  4.654777e-03
     9  -1.999082e+00  -2.002185e+00  7.272580e-05  2.166681e+02  3.460722e-01  7.498281e+01  7.845519e-03  4.655458e-03
    10  -1.992848e+00  -1.995954e+00  7.592335e-05  2.166133e+02  3.460557e-01  7.496025e+01  7.847692e-03  4.656158e-03
    11  -1.986617e+00  -1.989721e+00  7.925890e-05  2.165568e+02  3.460386e-01  7.493704e+01  7.849930e-03  4.656879e-03
    12  -1.980384e+00  -1.983489e+00  8.274157e-05  2.164988e+02  3.460211e-01  7.491316e+01  7.852233e-03  4.657622e-03
    13  -1.974155e+00  -1.977258e+00  8.637379e-05  2.164391e+02  3.460031e-01  7.488860e+01  7.854604e-03  4.658385e-03
    14  -1.967927e+00  -1.971030e+00  9.016405e-05  2.163777e+02  3.459845e-01  7.486334e+01  7.857044e-03  4.659171e-03
    15  -1.961689e+00  -1.964797e+00  9.412640e-05  2.163145e+02  3.459654e-01  7.483734e+01  7.859557e-03  4.659981e-03
    16  -1.955457e+00  -1.958562e+00  9.825814e-05  2.162494e+02  3.459458e-01  7.481058e+01  7.862145e-03  4.660814e-03
    17  -1.949218e+00  -1.952327e+00  1.025750e-04  2.161825e+02  3.459256e-01  7.478305e+01  7.864809e-03  4.661672e-03
    18  -1.942989e+00  -1.946092e+00  1.070736e-04  2.161136e+02  3.459047e-01  7.475473e+01  7.867551e-03  4.662554e-03
    19  -1.936755e+00  -1.939861e+00  1.117716e-04  2.160428e+02  3.458833e-01  7.472562e+01  7.870373e-03  4.663463e-03
    20  -1.930522e+00  -1.933627e+00  1.166741e-04  2.159700e+02  3.458613e-01  7.469566e+01  7.873278e-03  4.664398e-03
    21  -1.924289e+00  -1.927395e+00  1.217905e-04  2.158951e+02  3.458386e-01  7.466485e+01  7.876269e-03  4.665360e-03
    22  -1.918055e+00  -1.921161e+00  1.271309e-04  2.158180e+02  3.458153e-01  7.463315e+01  7.879348e-03  4.666351e-03
    23  -1.911826e+00  -1.914929e+00  1.327005e-04  2.157387e+02  3.457913e-01  7.460056e+01  7.882518e-03  4.667370e-03
    24  -1.905593e+00  -1.908698e+00  1.385159e-04  2.156571e+02  3.457666e-01  7.456704e+01  7.885780e-03  4.668419e-03
    25  -1.899360e+00  -1.902465e+00  1.445845e-04  2.155732e+02  3.457412e-01  7.453255e+01  7.889139e-03  4.669499e-03
    26  -1.893130e+00  -1.896234e+00  1.509149e-04  2.154870e+02  3.457150e-01  7.449708e+01  7.892596e-03  4.670610e-03
    27  -1.886892e+00  -1.890000e+00  1.575290e-04  2.153982e+02  3.456881e-01  7.446059e+01  7.896156e-03  4.671754e-03
    28  -1.880662e+00  -1.883766e+00  1.644237e-04  2.153069e+02  3.456604e-01  7.442306e+01  7.899822e-03  4.672932e-03
    29  -1.874432e+00  -1.877536e+00  1.716176e-04  2.152130e+02  3.456320e-01  7.438449e+01  7.903593e-03  4.674144e-03
    30  -1.868202e+00  -1.871306e+00  1.791246e-04  2.151164e+02  3.456027e-01  7.434482e+01  7.907475e-03  4.675391e-03
    31  -1.861969e+00  -1.865074e+00  1.869613e-04  2.150171e+02  3.455725e-01  7.430401e+01  7.911473e-03  4.676674e-03
    32  -1.855737e+00  -1.858842e+00  1.951388e-04  2.149150e+02  3.455415e-01  7.426204e+01  7.915589e-03  4.677996e-03
    33  -1.849508e+00  -1.852611e+00  2.036668e-04  2.148099e+02  3.455096e-01  7.421889e+01  7.919826e-03  4.679356e-03
    34  -1.843277e+00  -1.846381e+00  2.125676e-04  2.147019e+02  3.454768e-01  7.417452e+01  7.924186e-03  4.680755e-03
    35  -1.837046e+00  -1.840151e+00  2.218557e-04  2.145908e+02  3.454430e-01  7.412889e+01  7.928677e-03  4.682195e-03
    36  -1.830818e+00  -1.833921e+00  2.315430e-04  2.144766e+02  3.454082e-01  7.408198e+01  7.933298e-03  4.683677e-03
    37  -1.824589e+00  -1.827692e+00  2.416522e-04  2.143591e+02  3.453725e-01  7.403375e+01  7.938056e-03  4.685203e-03
    38  -1.818359e+00  -1.821463e+00  2.522004e-04  2.142383e+02  3.453357e-01  7.398415e+01  7.942955e-03  4.686773e-03
    39  -1.812128e+00  -1.815233e+00  2.632088e-04  2.141141e+02  3.452979e-01  7.393314e+01  7.947999e-03  4.688389e-03
    40  -1.805901e+00  -1.809003e+00  2.746873e-04  2.139864e+02  3.452590e-01  7.388071e+01  7.953191e-03  4.690053e-03
    41  -1.799673e+00  -1.802776e+00  2.866651e-04  2.138551e+02  3.452190e-01  7.382682e+01  7.958536e-03  4.691764e-03
    42  -1.793446e+00  -1.796548e+00  2.991578e-04  2.137201e+02  3.451778e-01  7.377141e+01  7.964038e-03  4.693526e-03
    43  -1.787220e+00  -1.790322e+00  3.121906e-04  2.135813e+02  3.451354e-01  7.371446e+01  7.969702e-03  4.695338e-03
    44  -1.780992e+00  -1.784095e+00  3.257907e-04  2.134386e+02  3.450919e-01  7.365591e+01  7.975534e-03  4.697204e-03
    45  -1.774766e+00  -1.777868e+00  3.399746e-04  2.132918e+02  3.450470e-01  7.359572e+01  7.981539e-03  4.699125e-03
    46  -1.768540e+00  -1.771642e+00  3.547724e-04  2.131410e+02  3.450009e-01  7.353385e+01  7.987720e-03  4.701101e-03
    47  -1.762315e+00  -1.765416e+00  3.702053e-04  2.129860e+02  3.449535e-01  7.347026e+01  7.994085e-03  4.703135e-03
    48  -1.756092e+00  -1.759192e+00  3.863001e-04  2.128266e+02  3.449048e-01  7.340491e+01  8.000636e-03  4.705228e-03
    49  -1.749866e+00  -1.752968e+00  4.030957e-04  2.126628e+02  3.448546e-01  7.333773e+01  8.007382e-03  4.707383e-03
    50  -1.743642e+00  -1.746743e+00  4.206106e-04  2.124943e+02  3.448030e-01  7.326869e+01  8.014328e-03  4.709600e-03
    51  -1.737418e+00  -1.740519e+00  4.388801e-04  2.123212e+02  3.447499e-01  7.319773e+01  8.021479e-03  4.711882e-03
    52  -1.731195e+00  -1.734295e+00  4.579325e-04  2.121433e+02  3.446954e-01  7.312482e+01  8.028842e-03  4.714231e-03
    53  -1.724969e+00  -1.728071e+00  4.778138e-04  2.119604e+02  3.446392e-01  7.304987e+01  8.036425e-03  4.716649e-03
    54  -1.718748e+00  -1.721848e+00  4.985347e-04  2.117725e+02  3.445815e-01  7.297287e+01  8.044232e-03  4.719137e-03
    55  -1.712526e+00  -1.715626e+00  5.201481e-04  2.115793e+02  3.445221e-01  7.289376e+01  8.052268e-03  4.721697e-03
    56  -1.706305e+00  -1.709404e+00  5.426885e-04  2.113808e+02  3.444611e-01  7.281247e+01  8.060543e-03  4.724332e-03
    57  -1.700083e+00  -1.703183e+00  5.661971e-04  2.111769e+02  3.443983e-01  7.272894e+01  8.069065e-03  4.727044e-03
    58  -1.693863e+00  -1.696962e+00  5.907064e-04  2.109672e+02  3.443337e-01  7.264313e+01  8.077839e-03  4.729835e-03
    59  -1.687643e+00  -1.690742e+00  6.162668e-04  2.107519e+02  3.442673e-01  7.255497e+01  8.086874e-03  4.732708e-03
    60  -1.681423e+00  -1.684522e+00  6.429189e-04  2.105306e+02  3.441990e-01  7.246441e+01  8.096178e-03  4.735664e-03
    61  -1.675204e+00  -1.678302e+00  6.707104e-04  2.103032e+02  3.441287e-01  7.237138e+01  8.105758e-03  4.738707e-03
    62  -1.668985e+00  -1.672083e+00  6.996861e-04  2.100696e+02  3.440565e-01  7.227581e+01  8.115624e-03  4.741839e-03
    63  -1.662767e+00  -1.665865e+00  7.298974e-04  2.098296e+02  3.439823e-01  7.217766e+01  8.125783e-03  4.745062e-03
    64  -1.656548e+00  -1.659646e+00  7.613962e-04  2.095830e+02  3.439059e-01  7.207684e+01  8.136246e-03  4.748379e-03
    65  -1.650331e+00  -1.653429e+00  7.942322e-04  2.093298e+02  3.438274e-01  7.197331e+01  8.147020e-03  4.751793e-03
    66  -1.644113e+00  -1.647211e+00  8.284723e-04  2.090696e+02  3.437467e-01  7.186697e+01  8.158117e-03  4.755307e-03
    67  -1.637896e+00  -1.640993e+00  8.641640e-04  2.088023e+02  3.436637e-01  7.175776e+01  8.169546e-03  4.758924e-03
    68  -1.631680e+00  -1.634777e+00  9.013664e-04  2.085278e+02  3.435783e-01  7.164564e+01  8.181316e-03  4.762647e-03
    69  -1.625464e+00  -1.628561e+00  9.401486e-04  2.082459e+02  3.434906e-01  7.153051e+01  8.193437e-03  4.766478e-03
    70  -1.619247e+00  -1.622344e+00  9.805784e-04  2.079564e+02  3.434004e-01  7.141229e+01  8.205923e-03  4.770422e-03
    71  -1.613031e+00  -1.616128e+00  1.022722e-03  2.076590e+02  3.433076e-01  7.129090e+01  8.218784e-03  4.774481e-03
    72  -1.606815e+00  -1.609912e+00  1.066645e-03  2.073536e+02  3.432122e-01  7.116629e+01  8.232032e-03  4.778660e-03
    73  -1.600600e+00  -1.603696e+00  1.112418e-03  2.070401e+02  3.431142e-01  7.103839e+01  8.245676e-03  4.782960e-03
    74  -1.594385e+00  -1.597481e+00  1.160127e-03  2.067181e+02  3.430134e-01  7.090709e+01  8.259731e-03  4.787386e-03
    75  -1.588170e+00  -1.591266e+00  1.209843e-03  2.063876e+02  3.429098e-01  7.077233e+01  8.274208e-03  4.791941e-03
    76  -1.581955e+00  -1.585052e+00  1.261660e-03  2.060482e+02  3.428033e-01  7.063402e+01  8.289123e-03  4.796631e-03
    77  -1.575741e+00  -1.578837e+00  1.315650e-03  2.056999e+02  3.426938e-01  7.049208e+01  8.304488e-03  4.801458e-03
    78  -1.569527e+00  -1.572623e+00  1.371910e-03  2.053423e+02  3.425813e-01  7.034642e+01  8.320316e-03  4.806426e-03
    79  -1.563313e+00  -1.566409e+00  1.430537e-03  2.049752e+02  3.424656e-01  7.019695e+01  8.336625e-03  4.811540e-03
    80  -1.557099e+00  -1.560195e+00  1.491613e-03  2.045984e+02  3.423467e-01  7.004359e+01  8.353427e-03  4.816805e-03
    81  -1.550885e+00  -1.553981e+00  1.555254e-03  2.042117e+02  3.422245e-01  6.988626e+01  8.370738e-03  4.822224e-03
    82  -1.544671e+00  -1.547767e+00  1.621555e-03  2.038149e+02  3.420989e-01  6.972485e+01  8.388577e-03  4.827802e-03
    83  -1.538457e+00  -1.541553e+00  1.690622e-03  2.034076e+02  3.419698e-01  6.955928e+01  8.406957e-03  4.833545e-03
    84  -1.532244e+00  -1.535339e+00  1.762572e-03  2.029898e+02  3.418372e-01  6.938946e+01  8.425897e-03  4.839456e-03
    85  -1.526030e+00  -1.529125e+00  1.837521e-03  2.025611e+02  3.417008e-01  6.921528e+01  8.445415e-03  4.845541e-03
    86  -1.519815e+00  -1.522911e+00  1.915590e-03  2.021212e+02  3.415607e-01  6.903666e+01  8.465530e-03  4.851805e-03
    87  -1.513601e+00  -1.516697e+00  1.996900e-03  2.016700e+02  3.414167e-01  6.885349e+01  8.486261e-03  4.858255e-03
    88  -1.507387e+00  -1.510483e+00  2.081586e-03  2.012071e+02  3.412687e-01  6.866569e+01  8.507627e-03  4.864894e-03
    89  -1.501172e+00  -1.504268e+00  2.169788e-03  2.007324e+02  3.411166e-01  6.847313e+01  8.529650e-03  4.871729e-03
    90  -1.494956e+00  -1.498053e+00  2.261641e-03  2.002454e+02  3.409603e-01  6.827573e+01  8.552352e-03  4.878767e-03
    91  -1.488741e+00  -1.491837e+00  2.357288e-03  1.997460e+02  3.407997e-01  6.807338e+01  8.575754e-03  4.886013e-03
    92  -1.482525e+00  -1.485622e+00  2.456877e-03  1.992339e+02  3.406347e-01  6.786599e+01  8.599877e-03  4.893472e-03
    93  -1.476308e+00  -1.479405e+00  2.560586e-03  1.987088e+02  3.404652e-01  6.765344e+01  8.624749e-03  4.901154e-03
    94  -1.470091e+00  -1.473188e+00  2.668544e-03  1.981705e+02  3.402910e-01  6.743564e+01  8.650392e-03  4.909062e-03
    95  -1.463873e+00  -1.466971e+00  2.780947e-03  1.976186e+02  3.401121e-01  6.721248e+01  8.676831e-03  4.917205e-03
    96  -1.457655e+00  -1.460753e+00  2.897949e-03  1.970529e+02  3.399282e-01  6.698384e+01  8.704093e-03  4.925590e-03
    97  -1.451436e+00  -1.454534e+00  3.019750e-03  1.964731e+02  3.397394e-01  6.674964e+01  8.732207e-03  4.934223e-03
    98  -1.445216e+00  -1.448314e+00  3.146529e-03  1.958788e+02  3.395453e-01  6.650974e+01  8.761201e-03  4.943114e-03
    99  -1.438995e+00  -1.442094e+00  3.278481e-03  1.952699e+02  3.393460e-01  6.626405e+01  8.791104e-03  4.952270e-03
   100  -1.432773e+00  -1.435873e+00  3.415810e-03  1.946459e+02  3.391413e-01  6.601245e+01  8.821948e-03  4.961698e-03
   101  -1.426550e+00  -1.429650e+00  3.558731e-03  1.940066e+02  3.389310e-01  6.575483e+01  8.853765e-03  4.971408e-03
   102  -1.420326e+00  -1.423427e+00  3.707443e-03  1.933516e+02  3.387149e-01  6.549108e+01  8.886587e-03  4.981409e-03
   103  -1.414100e+00  -1.417202e+00  3.862193e-03  1.926808e+02  3.384931e-01  6.522110e+01  8.920450e-03  4.991708e-03
   104  -1.407873e+00  -1.410976e+00  4.023197e-03  1.919937e+02  3.382652e-01  6.494477e+01  8.955389e-03  5.002317e-03
   105  -1.401645e+00  -1.404748e+00  4.190697e-03  1.912900e+02  3.380311e-01  6.466199e+01  8.991441e-03  5.013243e-03
   106  -1.395416e+00  -1.398519e+00  4.364955e-03  1.905695e+02  3.377908e-01  6.437263e+01  9.028647e-03  5.024498e-03
   107  -1.389184e+00  -1.392289e+00  4.546218e-03  1.898318e+02  3.375440e-01  6.407658e+01  9.067046e-03  5.036091e-03
   108  -1.382951e+00  -1.386056e+00  4.734748e-03  1.890766e+02  3.372905e-01  6.377375e+01  9.106680e-03  5.048034e-03
   109  -1.376716e+00  -1.379822e+00  4.930837e-03  1.883037e+02  3.370302e-01  6.346402e+01  9.147592e-03  5.060337e-03
   110  -1.370479e+00  -1.373586e+00  5.134764e-03  1.875125e+02  3.367629e-01  6.314727e+01  9.189831e-03  5.073013e-03
   111  -1.364239e+00  -1.367348e+00  5.346829e-03  1.867030e+02  3.364885e-01  6.282340e+01  9.233442e-03  5.086072e-03
   112  -1.357998e+00  -1.361107e+00  5.567324e-03  1.858747e+02  3.362067e-01  6.249231e+01  9.278476e-03  5.099528e-03
   113  -1.351754e+00  -1.354865e+00  5.796581e-03  1.850273e+02  3.359175e-01  6.215388e+01  9.324982e-03  5.113392e-03
   114  -1.345507e+00  -1.348619e+00  6.034915e-03  1.841605e+02  3.356205e-01  6.180802e+01  9.373017e-03  5.127679e-03
   115  -1.339258e+00  -1.342372e+00  6.282676e-03  1.832740e+02  3.353156e-01  6.145461e+01  9.422635e-03  5.142402e-03
   116  -1.333006e+00  -1.336121e+00  6.540210e-03  1.823674e+02  3.350026e-01  6.109356e+01  9.473897e-03  5.157575e-03
   117  -1.326751e+00  -1.329867e+00  6.807874e-03  1.814405e+02  3.346813e-01  6.072475e+01  9.526864e-03  5.173213e-03
   118  -1.320492e+00  -1.323610e+00  7.086044e-03  1.804930e+02  3.343515e-01  6.034811e+01  9.581598e-03  5.189331e-03
   119  -1.314231e+00  -1.317350e+00  7.375103e-03  1.795246e+02  3.340130e-01  5.996353e+01  9.638167e-03  5.205946e-03
   120  -1.307965e+00  -1.311087e+00  7.675455e-03  1.785348e+02  3.336656e-01  5.957092e+01  9.696642e-03  5.223073e-03
   121  -1.301696e+00  -1.304819e+00  7.987504e-03  1.775235e+02  3.333090e-01  5.917019e+01  9.757095e-03  5.240730e-03
   122  -1.295423e+00  -1.298548e+00  8.311671e-03  1.764904e+02  3.329430e-01  5.876126e+01  9.819602e-03  5.258934e-03
   123  -1.289145e+00  -1.292273e+00  8.648426e-03  1.754351e+02  3.325675e-01  5.834402e+01  9.884246e-03  5.277705e-03
   124  -1.282864e+00  -1.285993e+00  8.998165e-03  1.743574e+02  3.321821e-01  5.791841e+01  9.951109e-03  5.297061e-03
   125  -1.276577e+00  -1.279709e+00  9.361386e-03  1.732570e+02  3.317867e-01  5.748437e+01  1.002028e-02  5.317021e-03
   126  -1.270286e+00  -1.273421e+00  9.738557e-03  1.721337e+02  3.313809e-01  5.704182e+01  1.009184e-02  5.337607e-03
   127  -1.263990e+00  -1.267127e+00  1.013019e-02  1.709871e+02  3.309646e-01  5.659068e+01  1.016590e-02  5.358840e-03
   128  -1.257689e+00  -1.260828e+00  1.053678e-02  1.698170e+02  3.305375e-01  5.613089e+01  1.024256e-02  5.380744e-03
   129  -1.251382e+00  -1.254524e+00  1.095886e-02  1.686232e+02  3.300993e-01  5.566240e+01  1.032192e-02  5.403340e-03
   130  -1.245069e+00  -1.248214e+00  1.139696e-02  1.674054e+02  3.296498e-01  5.518516e+01  1.040409e-02  5.426654e-03
   131  -1.238750e+00  -1.241898e+00  1.185164e-02  1.661635e+02  3.291886e-01  5.469912e+01  1.048919e-02  5.450710e-03
   132  -1.232424e+00  -1.235575e+00  1.232348e-02  1.648971e+02  3.287156e-01  5.420426e+01  1.057735e-02  5.475535e-03
   133  -1.226092e+00  -1.229246e+00  1.281308e-02  1.636061e+02  3.282305e-01  5.370051e+01  1.066869e-02  5.501157e-03
   134  -1.219753e+00  -1.222911e+00  1.332102e-02  1.622903e+02  3.277328e-01  5.318788e+01  1.076335e-02  5.527604e-03
   135  -1.213406e+00  -1.216568e+00  1.384795e-02  1.609496e+02  3.272225e-01  5.266634e+01  1.086147e-02  5.554906e-03
   136  -1.207051e+00  -1.210217e+00  1.439450e-02  1.595838e+02  3.266991e-01  5.213587e+01  1.096320e-02  5.583094e-03
   137  -1.200689e+00  -1.203859e+00  1.496132e-02  1.581926e+02  3.261624e-01  5.159648e+01  1.106871e-02  5.612201e-03
   138  -1.194318e+00  -1.197492e+00  1.554911e-02  1.567761e+02  3.256120e-01  5.104818e+01  1.117815e-02  5.642261e-03
   139  -1.187938e+00  -1.191117e+00  1.615855e-02  1.553341e+02  3.250477e-01  5.049098e+01  1.129171e-02  5.673308e-03
   140  -1.181549e+00  -1.184732e+00  1.679038e-02  1.538664e+02  3.244691e-01  4.992489e+01  1.140958e-02  5.705381e-03
   141  -1.175151e+00  -1.178338e+00  1.744530e-02  1.523731e+02  3.238758e-01  4.934997e+01  1.153194e-02  5.738519e-03
   142  -1.168742e+00  -1.171935e+00  1.812408e-02  1.508541e+02  3.232676e-01  4.876626e+01  1.165901e-02  5.772761e-03
   143  -1.162323e+00  -1.165521e+00  1.882751e-02  1.493094e+02  3.226442e-01  4.817380e+01  1.179101e-02  5.808150e-03
   144  -1.155893e+00  -1.159096e+00  1.955637e-02  1.477389e+02  3.220050e-01  4.757266e+01  1.192817e-02  5.844731e-03
   145  -1.149451e+00  -1.152660e+00  2.031146e-02  1.461427e+02  3.213499e-01  4.696293e+01  1.207074e-02  5.882550e-03
   146  -1.142998e+00  -1.146213e+00  2.109364e-02  1.445208e+02  3.206784e-01  4.634469e+01  1.221898e-02  5.921657e-03
   147  -1.136532e+00  -1.139753e+00  2.190376e-02  1.428733e+02  3.199902e-01  4.571804e+01  1.237316e-02  5.962103e-03
   148  -1.130053e+00  -1.133280e+00  2.274267e-02  1.412002e+02  3.192849e-01  4.508310e+01  1.253359e-02  6.003940e-03
   149  -1.123560e+00  -1.126794e+00  2.361129e-02  1.395018e+02  3.185621e-01  4.444000e+01  1.270056e-02  6.047227e-03
   150  -1.117053e+00  -1.120295e+00  2.451054e-02  1.377782e+02  3.178214e-01  4.378887e+01  1.287443e-02  6.092021e-03
   151  -1.110532e+00  -1.113780e+00  2.544136e-02  1.360295e+02  3.170625e-01  4.312986e+01  1.305553e-02  6.138387e-03
   152  -1.103995e+00  -1.107251e+00  2.640469e-02  1.342560e+02  3.162848e-01  4.246314e+01  1.324424e-02  6.186389e-03
   153  -1.097442e+00  -1.100706e+00  2.740152e-02  1.324580e+02  3.154880e-01  4.178891e+01  1.344096e-02  6.236095e-03
   154  -1.090872e+00  -1.094144e+00  2.843287e-02  1.306356e+02  3.146718e-01  4.110734e+01  1.364613e-02  6.287581e-03
   155  -1.084284e+00  -1.087566e+00  2.949974e-02  1.287893e+02  3.138355e-01  4.041867e+01  1.386019e-02  6.340920e-03
   156  -1.077679e+00  -1.080969e+00  3.060319e-02  1.269194e+02  3.129789e-01  3.972310e+01  1.408362e-02  6.396195e-03
   157  -1.071054e+00  -1.074354e+00  3.174428e-02  1.250263e+02  3.121014e-01  3.902089e+01  1.431696e-02  6.453491e-03
   158  -1.064410e+00  -1.067719e+00  3.292412e-02  1.231104e+02  3.112026e-01  3.831229e+01  1.456074e-02  6.512897e-03
   159  -1.057744e+00  -1.061064e+00  3.414379e-02  1.211722e+02  3.102821e-01  3.759758e+01  1.481557e-02  6.574509e-03
   160  -1.051057e+00  -1.054388e+00  3.540444e-02  1.192123e+02  3.093393e-01  3.687704e+01  1.508209e-02  6.638428e-03
   161  -1.044348e+00  -1.047690e+00  3.670722e-02  1.172311e+02  3.083738e-01  3.615099e+01  1.536097e-02  6.704759e-03
   162  -1.037615e+00  -1.040969e+00  3.805332e-02  1.152293e+02  3.073850e-01  3.541975e+01  1.565294e-02  6.773616e-03
   163  -1.030858e+00  -1.034223e+00  3.944390e-02  1.132074e+02  3.063725e-01  3.468365e+01  1.595880e-02  6.845117e-03
   164  -1.024075e+00  -1.027453e+00  4.088021e-02  1.111663e+02  3.053358e-01  3.394306e+01  1.627938e-02  6.919389e-03
   165  -1.017265e+00  -1.020657e+00  4.236348e-02  1.091066e+02  3.042743e-01  3.319835e+01  1.661560e-02  6.996567e-03
   166  -1.010428e+00  -1.013833e+00  4.389496e-02  1.070292e+02  3.031876e-01  3.244991e+01  1.696845e-02  7.076793e-03
   167  -1.003561e+00  -1.006981e+00  4.547592e-02  1.049347e+02  3.020749e-01  3.169814e+01  1.733898e-02  7.160220e-03
   168  -9.966646e-01  -1.000099e+00  4.710768e-02  1.028242e+02  3.009359e-01  3.094348e+01  1.772833e-02  7.247007e-03
   169  -9.897362e-01  -9.931866e-01  4.879156e-02  1.006984e+02  2.997698e-01  3.018635e+01  1.813775e-02  7.337329e-03
   170  -9.827749e-01  -9.862416e-01  5.052886e-02  9.855845e+01  2.985762e-01  2.942721e+01  1.856857e-02  7.431367e-03
   171  -9.757792e-01  -9.792630e-01  5.232095e-02  9.640530e+01  2.973545e-01  2.866655e+01  1.902225e-02  7.529317e-03
   172  -9.687475e-01  -9.722491e-01  5.416922e-02  9.424001e+01  2.961039e-01  2.790484e+01  1.950036e-02  7.631387e-03
   173  -9.616783e-01  -9.651985e-01  5.607503e-02  9.206370e+01  2.948240e-01  2.714259e+01  2.000461e-02  7.737802e-03
   174  -9.545698e-01  -9.581095e-01  5.803982e-02  8.987752e+01  2.935140e-01  2.638032e+01  2.053688e-02  7.848800e-03
   175  -9.474203e-01  -9.509804e-01  6.006498e-02  8.768268e+01  2.921734e-01  2.561855e+01  2.109919e-02  7.964637e-03
   176  -9.402281e-01  -9.438093e-01  6.215198e-02  8.548045e+01  2.908014e-01  2.485783e+01  2.169377e-02  8.085588e-03
   177  -9.329910e-01  -9.365945e-01  6.430225e-02  8.327211e+01  2.893974e-01  2.409873e+01  2.232303e-02  8.211948e-03
   178  -9.257072e-01  -9.293338e-01  6.651726e-02  8.105905e+01  2.879606e-01  2.334181e+01  2.298963e-02  8.344032e-03
   179  -9.183743e-01  -9.220253e-01  6.879851e-02  7.884265e+01  2.864904e-01  2.258766e+01  2.369648e-02  8.482183e-03
   180  -9.109903e-01  -9.146666e-01  7.114747e-02  7.662435e+01  2.849860e-01  2.183686e+01  2.444677e-02  8.626768e-03
   181  -9.035527e-01  -9.072556e-01  7.356565e-02  7.440568e+01  2.834466e-01  2.109004e+01  2.524401e-02  8.778182e-03
   182  -8.960590e-01  -8.997897e-01  7.605458e-02  7.218815e+01  2.818715e-01  2.034778e+01  2.609207e-02  8.936855e-03
   183  -8.885064e-01  -8.922662e-01  7.861579e-02  6.997334e+01  2.802599e-01  1.961072e+01  2.699522e-02  9.103250e-03
   184  -8.808922e-01  -8.846826e-01  8.125079e-02  6.776289e+01  2.786109e-01  1.887948e+01  2.795819e-02  9.277869e-03
   185  -8.732135e-01  -8.770359e-01  8.396115e-02  6.555846e+01  2.769238e-01  1.815470e+01  2.898619e-02  9.461255e-03
   186  -8.654670e-01  -8.693230e-01  8.674840e-02  6.336175e+01  2.751976e-01  1.743700e+01  3.008503e-02  9.654001e-03
   187  -8.576495e-01  -8.615407e-01  8.961413e-02  6.117450e+01  2.734315e-01  1.672703e+01  3.126118e-02  9.856751e-03
   188  -8.497573e-01  -8.536855e-01  9.255987e-02  5.899849e+01  2.716245e-01  1.602543e+01  3.252181e-02  1.007021e-02
   189  -8.417868e-01  -8.457538e-01  9.558720e-02  5.683554e+01  2.697756e-01  1.533284e+01  3.387495e-02  1.029513e-02
   190  -8.337340e-01  -8.377418e-01  9.869768e-02  5.468747e+01  2.678840e-01  1.464990e+01  3.532960e-02  1.053237e-02
   191  -8.255946e-01  -8.296452e-01  1.018929e-01  5.255617e+01  2.659485e-01  1.397724e+01  3.689584e-02  1.078283e-02
   192  -8.173640e-01  -8.214598e-01  1.051744e-01  5.044352e+01  2.639682e-01  1.331549e+01  3.858503e-02  1.104752e-02
   193  -8.090374e-01  -8.131807e-01  1.085438e-01  4.835143e+01  2.619419e-01  1.266527e+01  4.040994e-02  1.132755e-02
   194  -8.006097e-01  -8.048031e-01  1.120026e-01  4.628183e+01  2.598686e-01  1.202719e+01  4.238504e-02  1.162415e-02
   195  -7.920753e-01  -7.963215e-01  1.155524e-01  4.423666e+01  2.577470e-01  1.140187e+01  4.452674e-02  1.193865e-02
   196  -7.834283e-01  -7.877303e-01  1.191948e-01  4.221789e+01  2.555759e-01  1.078987e+01  4.685366e-02  1.227256e-02
   197  -7.746625e-01  -7.790233e-01  1.229312e-01  4.022748e+01  2.533541e-01  1.019180e+01  4.938706e-02  1.262751e-02
   198  -7.657709e-01  -7.701940e-01  1.267634e-01  3.826740e+01  2.510803e-01  9.608188e+00  5.215126e-02  1.300536e-02
   199  -7.567463e-01  -7.612352e-01  1.306927e-01  3.633959e+01  2.487530e-01  9.039583e+00  5.517417e-02  1.340816e-02
   200  -7.475808e-01  -7.521394e-01  1.347208e-01  3.444602e+01  2.463710e-01  8.486499e+00  5.848792e-02  1.383818e-02
   201  -7.382658e-01  -7.428983e-01  1.388490e-01  3.258864e+01  2.439326e-01  7.949431e+00  6.212965e-02  1.429800e-02
   202  -7.287922e-01  -7.335032e-01  1.430790e-01  3.076936e+01  2.414363e-01  7.428842e+00  6.614244e-02  1.479049e-02
   203  -7.191498e-01  -7.239442e-01  1.474123e-01  2.899008e+01  2.388806e-01  6.925169e+00  7.057649e-02  1.531892e-02
   204  -7.093280e-01  -7.142112e-01  1.518502e-01  2.725268e+01  2.362637e-01  6.438819e+00  7.549050e-02  1.588694e-02
   205  -6.993150e-01  -7.042927e-01  1.563943e-01  2.555899e+01  2.335838e-01  5.970166e+00  8.095338e-02  1.649871e-02
   206  -6.890979e-01  -6.941764e-01  1.610460e-01  2.391080e+01  2.308391e-01  5.519547e+00  8.704647e-02  1.715898e-02
   207  -6.786626e-01  -6.838489e-01  1.658067e-01  2.230986e+01  2.280275e-01  5.087263e+00  9.386625e-02  1.787315e-02
   208  -6.679938e-01  -6.732954e-01  1.706778e-01  2.075785e+01  2.251471e-01  4.673570e+00  1.015277e-01  1.864743e-02
   209  -6.570746e-01  -6.624999e-01  1.756607e-01  1.925638e+01  2.221957e-01  4.278684e+00  1.101685e-01  1.948894e-02
   210  -6.458865e-01  -6.514445e-01  1.807567e-01  1.780700e+01  2.191710e-01  3.902779e+00  1.199548e-01  2.040593e-02
   211  -6.344090e-01  -6.401098e-01  1.859671e-01  1.641119e+01  2.160705e-01  3.545975e+00  1.310877e-01  2.140797e-02
   212  -6.226193e-01  -6.284741e-01  1.912933e-01  1.507031e+01  2.128918e-01  3.208347e+00  1.438130e-01  2.250622e-02
   213  -6.104923e-01  -6.165135e-01  1.967366e-01  1.378564e+01  2.096323e-01  2.889915e+00  1.584324e-01  2.371378e-02
   214  -5.979999e-01  -6.042012e-01  2.022981e-01  1.255834e+01  2.062889e-01  2.590647e+00  1.753193e-01  2.504604e-02
   215  -5.851107e-01  -5.915075e-01  2.079790e-01  1.138946e+01  2.028590e-01  2.310454e+00  1.949395e-01  2.652129e-02
   216  -5.717895e-01  -5.783990e-01  2.137806e-01  1.027990e+01  1.993393e-01  2.049187e+00  2.178787e-01  2.816128e-02
   217  -5.579968e-01  -5.648384e-01  2.197041e-01  9.230426e+00  1.957266e-01  1.806640e+00  2.448800e-01  2.999214e-02
   218  -5.436876e-01  -5.507833e-01  2.257504e-01  8.241658e+00  1.920175e-01  1.582542e+00  2.768950e-01  3.204539e-02
   219  -5.288113e-01  -5.361858e-01  2.319208e-01  7.314031e+00  1.882085e-01  1.376563e+00  3.151546e-01  3.435938e-02
   220  -5.133099e-01  -5.209915e-01  2.382162e-01  6.447800e+00  1.842959e-01  1.188303e+00  3.612689e-01  3.698108e-02
   221  -4.971171e-01  -5.051381e-01  2.446377e-01  5.643021e+00  1.802762e-01  1.017302e+00  4.173681e-01  3.996854e-02
   222  -4.801568e-01  -4.885542e-01  2.511862e-01  4.899530e+00  1.761454e-01  8.630294e-01  4.863064e-01  4.339408e-02
   223  -4.623409e-01  -4.711575e-01  2.578626e-01  4.216930e+00  1.718999e-01  7.248899e-01  5.719601e-01  4.734861e-02
   224  -4.435674e-01  -4.528527e-01  2.646680e-01  3.594573e+00  1.675362e-01  6.022213e-01  6.796703e-01  5.194757e-02
   225  -4.237174e-01  -4.335290e-01  2.716031e-01  3.031534e+00  1.630512e-01  4.942953e-01  8.169125e-01  5.733899e-02
   226  -4.026520e-01  -4.130570e-01  2.786687e-01  2.526593e+00  1.584423e-01  4.003192e-01  9.943268e-01  6.371476e-02
   227  -3.802082e-01  -3.912852e-01  2.858656e-01  2.078211e+00  1.537080e-01  3.194375e-01  1.227332e+00  7.132640e-02
   228  -3.561944e-01  -3.680353e-01  2.931946e-01  1.684506e+00  1.488481e-01  2.507355e-01  1.538706e+00  8.050731e-02
   229  -3.303856e-01  -3.430983e-01  3.006563e-01  1.343230e+00  1.438650e-01  1.932438e-01  1.962782e+00  9.170446e-02
   230  -3.025183e-01  -3.162285e-01  3.082514e-01  1.051745e+00  1.387642e-01  1.459446e-01  2.552412e+00  1.055235e-01
   231  -2.722870e-01  -2.871397e-01  3.159805e-01  8.070043e-01  1.335560e-01  1.077803e-01  3.390724e+00  1.227930e-01
   232  -2.393430e-01  -2.555027e-01  3.238442e-01  6.055384e-01  1.282574e-01  7.766478e-02  4.611233e+00  1.446543e-01
   233  -2.033016e-01  -2.209485e-01  3.318430e-01  4.434578e-01  1.228943e-01  5.449842e-02  6.432531e+00  1.726837e-01
   234  -1.637636e-01  -1.830828e-01  3.399773e-01  3.164764e-01  1.175039e-01  3.718723e-02  9.217909e+00  2.090482e-01
   235  -1.203620e-01  -1.415209e-01  3.482476e-01  2.199702e-01  1.121371e-01  2.466683e-02  1.357567e+01  2.566768e-01
   236  -7.284618e-02  -9.595459e-02  3.566544e-01  1.490862e-01  1.068576e-01  1.593099e-02  2.051918e+01  3.193904e-01
   237  -2.121172e-02  -4.626204e-02  3.651978e-01  9.891570e-02  1.017379e-01  1.006347e-02  3.169520e+01  4.018550e-01
   238  3.414591e-02  7.348520e-03  3.738783e-01  6.473010e-02  9.684855e-02  6.269016e-03  4.964176e+01  5.091474e-01
   239  9.231757e-02  6.420499e-02  3.826961e-01  4.224935e-02  9.224341e-02  3.897224e-03  7.793137e+01  6.457517e-01
   240  1.519059e-01  1.231329e-01  3.916514e-01  2.788081e-02  8.794748e-02  2.452047e-03  1.209436e+02  8.141021e-01
   241  2.112511e-01  1.825914e-01  4.007443e-01  1.885087e-02  8.395773e-02  1.582677e-03  1.830789e+02  1.013321e+00
   242  2.687780e-01  2.409664e-01  4.099751e-01  1.319026e-02  8.025645e-02  1.058604e-03  2.676126e+02  1.239015e+00
   243  3.232923e-01  2.968899e-01  4.193438e-01  9.600270e-03  7.682603e-02  7.375506e-04  3.758048e+02  1.484388e+00
   244  3.740983e-01  3.494378e-01  4.288503e-01  7.270782e-03  7.365469e-02  5.355272e-04  5.067791e+02  1.742017e+00
   245  4.209489e-01  3.981551e-01  4.384948e-01  5.713254e-03  7.073377e-02  4.041200e-04  6.581170e+02  2.005340e+00
   246  4.639140e-01  4.429626e-01  4.482772e-01  4.636883e-03  6.805322e-02  3.155548e-04  8.267030e+02  2.269373e+00
   247  5.032462e-01  4.840252e-01  4.581974e-01  3.867954e-03  6.559943e-02  2.537356e-04  1.009412e+03  2.530769e+00
   248  5.392806e-01  5.216370e-01  4.682552e-01  3.301115e-03  6.335552e-02  2.091438e-04  1.203503e+03  2.787538e+00
   249  5.723725e-01  5.561416e-01  4.784506e-01  2.871045e-03  6.130276e-02  1.760030e-04  1.406760e+03  3.038668e+00
   250  6.028624e-01  5.878850e-01  4.887832e-01  2.536204e-03  5.942210e-02  1.507066e-04  1.617491e+03  3.283804e+00
   251  6.310609e-01  6.171905e-01  4.992529e-01  2.269459e-03  5.769519e-02  1.309368e-04  1.834459e+03  3.522997e+00
   252  6.572426e-01  6.443490e-01  5.098594e-01  2.052621e-03  5.610506e-02  1.151624e-04  2.056791e+03  3.756539e+00
   253  6.816474e-01  6.696164e-01  5.206023e-01  1.873189e-03  5.463641e-02  1.023443e-04  2.283901e+03  3.984845e+00
   254  7.044824e-01  6.932150e-01  5.314812e-01  1.722366e-03  5.327562e-02  9.176014e-05  2.515418e+03  4.208392e+00
   255  7.259262e-01  7.153367e-01  5.424959e-01  1.593829e-03  5.201074e-02  8.289625e-05  2.751133e+03  4.427676e+00
   256  7.461327e-01  7.361470e-01  5.536457e-01  1.482941e-03  5.083129e-02  7.537981e-05  2.990960e+03  4.643182e+00
   257  7.652343e-01  7.557885e-01  5.649304e-01  1.386239e-03  4.972815e-02  6.893508e-05  3.234900e+03  4.855379e+00
   258  7.833455e-01  7.743843e-01  5.763493e-01  1.301093e-03  4.869334e-02  6.335458e-05  3.483026e+03  5.064706e+00
   259  8.005657e-01  7.920409e-01  5.879020e-01  1.225480e-03  4.771991e-02  5.847978e-05  3.735460e+03  5.271575e+00
   260  8.169812e-01  8.088510e-01  5.995879e-01  1.157814e-03  4.680179e-02  5.418776e-05  3.992363e+03  5.476369e+00
   261  8.326672e-01  8.248950e-01  6.114063e-01  1.096843e-03  4.593364e-02  5.038199e-05  4.253928e+03  5.679441e+00
   262  8.476899e-01  8.402435e-01  6.233566e-01  1.041564e-03  4.511079e-02  4.698578e-05  4.520368e+03  5.881120e+00
   263  8.621074e-01  8.549585e-01  6.354383e-01  9.911651e-04  4.432911e-02  4.393747e-05  4.791919e+03  6.081711e+00
   264  8.759709e-01  8.690945e-01  6.476505e-01  9.449824e-04  4.358496e-02  4.118702e-05  5.068833e+03  6.281496e+00
   265  8.893259e-01  8.826997e-01  6.599927e-01  9.024690e-04  4.287510e-02  3.869345e-05  5.351372e+03  6.480739e+00
   266  9.022127e-01  8.958171e-01  6.724639e-01  8.631698e-04  4.219667e-02  3.642289e-05  5.639812e+03  6.679686e+00
   267  9.146676e-01  9.084848e-01  6.850636e-01  8.267035e-04  4.154710e-02  3.434713e-05  5.934442e+03  6.878568e+00
   268  9.267227e-01  9.207370e-01  6.977908e-01  7.927480e-04  4.092410e-02  3.244250e-05  6.235558e+03  7.077602e+00
   269  9.384071e-01  9.326042e-01  7.106448e-01  7.610298e-04  4.032560e-02  3.068899e-05  6.543467e+03  7.276993e+00
   270  9.497470e-01  9.441141e-01  7.236247e-01  7.313150e-04  3.974977e-02  2.906960e-05  6.858486e+03  7.476937e+00
   271  9.607660e-01  9.552915e-01  7.367296e-01  7.034022e-04  3.919491e-02  2.756979e-05  7.180942e+03  7.677619e+00
   272  9.714855e-01  9.661588e-01  7.499587e-01  6.771173e-04  3.865953e-02  2.617704e-05  7.511173e+03  7.879216e+00
   273  9.819251e-01  9.767367e-01  7.633112e-01  6.523090e-04  3.814225e-02  2.488054e-05  7.849526e+03  8.081899e+00
   274  9.921023e-01  9.870435e-01  7.767859e-01  6.288449e-04  3.764183e-02  2.367087e-05  8.196362e+03  8.285833e+00
   275  1.002034e+00  9.970963e-01  7.903821e-01  6.066090e-04  3.715711e-02  2.253984e-05  8.552049e+03  8.491176e+00
   276  1.011734e+00  1.006911e+00  8.040988e-01  5.854989e-04  3.668708e-02  2.148024e-05  8.916971e+03  8.698085e+00
   277  1.021216e+00  1.016501e+00  8.179349e-01  5.654241e-04  3.623077e-02  2.048575e-05  9.291524e+03  8.906711e+00
   278  1.030494e+00  1.025880e+00  8.318895e-01  5.463040e-04  3.578731e-02  1.955075e-05  9.676116e+03  9.117201e+00
   279  1.039578e+00  1.035059e+00  8.459616e-01  5.280669e-04  3.535591e-02  1.867029e-05  1.007117e+04  9.329702e+00
   280  1.048479e+00  1.044051e+00  8.601502e-01  5.106486e-04  3.493582e-02  1.783993e-05  1.047713e+04  9.544357e+00
   281  1.057207e+00  1.052865e+00  8.744542e-01  4.939913e-04  3.452637e-02  1.705573e-05  1.089445e+04  9.761311e+00
   282  1.065772e+00  1.061510e+00  8.888727e-01  4.780431e-04  3.412693e-02  1.631414e-05  1.132360e+04  9.980704e+00
   283  1.074181e+00  1.069997e+00  9.034045e-01  4.627569e-04  3.373691e-02  1.561199e-05  1.176507e+04  1.020268e+01
   284  1.082443e+00  1.078332e+00  9.180486e-01  4.480903e-04  3.335578e-02  1.494640e-05  1.221937e+04  1.042737e+01
   285  1.090565e+00  1.086523e+00  9.328039e-01  4.340046e-04  3.298304e-02  1.431479e-05  1.268704e+04  1.065493e+01
   286  1.098554e+00  1.094578e+00  9.476693e-01  4.204645e-04  3.261823e-02  1.371481e-05  1.316863e+04  1.088550e+01
   287  1.106417e+00  1.102503e+00  9.626437e-01  4.074378e-04  3.226092e-02  1.314432e-05  1.366471e+04  1.111922e+01
   288  1.114159e+00  1.110305e+00  9.777261e-01  3.948950e-04  3.191072e-02  1.260138e-05  1.417588e+04  1.135623e+01
   289  1.121786e+00  1.117989e+00  9.929154e-01  3.828091e-04  3.156724e-02  1.208423e-05  1.470278e+04  1.159668e+01
   290  1.129304e+00  1.125561e+00  1.008210e+00  3.711552e-04  3.123014e-02  1.159123e-05  1.524605e+04  1.184073e+01
   291  1.136717e+00  1.133026e+00  1.023610e+00  3.599103e-04  3.089912e-02  1.112091e-05  1.580639e+04  1.208852e+01
   292  1.144031e+00  1.140390e+00  1.039113e+00  3.490532e-04  3.057385e-02  1.067190e-05  1.638450e+04  1.234021e+01
   293  1.151250e+00  1.147655e+00  1.054718e+00  3.385642e-04  3.025408e-02  1.024295e-05  1.698115e+04  1.259595e+01
   294  1.158377e+00  1.154828e+00  1.070425e+00  3.284250e-04  2.993953e-02  9.832893e-06  1.759710e+04  1.285590e+01
   295  1.165418e+00  1.161912e+00  1.086232e+00  3.186189e-04  2.962998e-02  9.440670e-06  1.823320e+04  1.312024e+01
   296  1.172376e+00  1.168911e+00  1.102138e+00  3.091299e-04  2.932519e-02  9.065292e-06  1.889029e+04  1.338913e+01
   297  1.179254e+00  1.175829e+00  1.118142e+00  2.999433e-04  2.902496e-02  8.705843e-06  1.956929e+04  1.366274e+01
   298  1.186057e+00  1.182669e+00  1.134242e+00  2.910455e-04  2.872910e-02  8.361475e-06  2.027114e+04  1.394125e+01
   299  1.192786e+00  1.189434e+00  1.150438e+00  2.824234e-04  2.843743e-02  8.031398e-06  2.099685e+04  1.422485e+01
   300  1.199446e+00  1.196129e+00  1.166729e+00  2.740651e-04  2.814980e-02  7.714878e-06  2.174746e+04  1.451372e+01
   301  1.206040e+00  1.202756e+00  1.183113e+00  2.659593e-04  2.786604e-02  7.411231e-06  2.252409e+04  1.480806e+01
   302  1.212570e+00  1.209317e+00  1.199589e+00  2.580951e-04  2.758603e-02  7.119819e-06  2.332790e+04  1.510806e+01
   303  1.219039e+00  1.215816e+00  1.216156e+00  2.504627e-04  2.730963e-02  6.840044e-06  2.416012e+04  1.541395e+01
   304  1.225450e+00  1.222256e+00  1.232813e+00  2.430526e-04  2.703673e-02  6.571347e-06  2.502204e+04  1.572592e+01
   305  1.231805e+00  1.228639e+00  1.249559e+00  2.358557e-04  2.676724e-02  6.313208e-06  2.591503e+04  1.604421e+01
   306  1.238107e+00  1.234967e+00  1.266393e+00  2.288638e-04  2.650106e-02  6.065134e-06  2.684054e+04  1.636903e+01
   307  1.244358e+00  1.241244e+00  1.283313e+00  2.220688e-04  2.623811e-02  5.826666e-06  2.780009e+04  1.670064e+01
   308  1.250561e+00  1.247471e+00  1.300318e+00  2.154632e-04  2.597831e-02  5.597369e-06  2.879529e+04  1.703928e+01
   309  1.256718e+00  1.253650e+00  1.317409e+00  2.090397e-04  2.572161e-02  5.376838e-06  2.982787e+04  1.738520e+01
   310  1.262831e+00  1.259785e+00  1.334582e+00  2.027916e-04  2.546796e-02  5.164688e-06  3.089961e+04  1.773868e+01
   311  1.268901e+00  1.265877e+00  1.351837e+00  1.967125e-04  2.521730e-02  4.960558e-06  3.201244e+04  1.809998e+01
   312  1.274932e+00  1.271927e+00  1.369174e+00  1.907961e-04  2.496961e-02  4.764106e-06  3.316840e+04  1.846939e+01
   313  1.280926e+00  1.277939e+00  1.386590e+00  1.850368e-04  2.472487e-02  4.575011e-06  3.436963e+04  1.884722e+01
   314  1.286883e+00  1.283915e+00  1.404086e+00  1.794289e-04  2.448305e-02  4.392967e-06  3.561843e+04  1.923376e+01
   315  1.292807e+00  1.289855e+00  1.421659e+00  1.739672e-04  2.424414e-02  4.217685e-06  3.691724e+04  1.962936e+01
   316  1.298699e+00  1.295763e+00  1.439309e+00  1.686466e-04  2.400815e-02  4.048894e-06  3.826864e+04  2.003434e+01
   317  1.304561e+00  1.301640e+00  1.457034e+00  1.634625e-04  2.377508e-02  3.886333e-06  3.967537e+04  2.044906e+01
   318  1.310395e+00  1.307488e+00  1.474834e+00  1.584102e-04  2.354494e-02  3.729758e-06  4.114036e+04  2.087387e+01
   319  1.316203e+00  1.313309e+00  1.492708e+00  1.534855e-04  2.331776e-02  3.578937e-06  4.266673e+04  2.130916e+01
   320  1.321986e+00  1.319104e+00  1.510654e+00  1.486842e-04  2.309355e-02  3.433645e-06  4.425781e+04  2.175532e+01
   321  1.327747e+00  1.324876e+00  1.528672e+00  1.440024e-04  2.287236e-02  3.293676e-06  4.591712e+04  2.221278e+01
   322  1.333487e+00  1.330626e+00  1.546760e+00  1.394366e-04  2.265421e-02  3.158826e-06  4.764844e+04  2.268195e+01
   323  1.339208e+00  1.336357e+00  1.564917e+00  1.349831e-04  2.243916e-02  3.028907e-06  4.945581e+04  2.316329e+01
   324  1.344912e+00  1.342069e+00  1.583142e+00  1.306386e-04  2.222724e-02  2.903737e-06  5.134351e+04  2.365727e+01
   325  1.350601e+00  1.347766e+00  1.601435e+00  1.264001e-04  2.201851e-02  2.783142e-06  5.331613e+04  2.416438e+01
   326  1.356276e+00  1.353448e+00  1.619794e+00  1.222645e-04  2.181302e-02  2.666958e-06  5.537858e+04  2.468512e+01
   327  1.361940e+00  1.359117e+00  1.638218e+00  1.182290e-04  2.161083e-02  2.555027e-06  5.753608e+04  2.522003e+01
   328  1.367594e+00  1.364776e+00  1.656707e+00  1.142910e-04  2.141198e-02  2.447198e-06  5.979424e+04  2.576966e+01
   329  1.373240e+00  1.370426e+00  1.675259e+00  1.104482e-04  2.121654e-02  2.343328e-06  6.215902e+04  2.633460e+01
   330  1.378880e+00  1.376069e+00  1.693873e+00  1.066980e-04  2.102456e-02  2.243280e-06  6.463683e+04  2.691544e+01
   331  1.384515e+00  1.381706e+00  1.712548e+00  1.030385e-04  2.083610e-02  2.146921e-06  6.723450e+04  2.751283e+01
   332  1.390148e+00  1.387341e+00  1.731284e+00  9.946761e-05  2.065120e-02  2.054125e-06  6.995934e+04  2.812741e+01
   333  1.395781e+00  1.392974e+00  1.750080e+00  9.598349e-05  2.046991e-02  1.964773e-06  7.281914e+04  2.875988e+01
   334  1.401415e+00  1.398607e+00  1.768933e+00  9.258446e-05  2.029226e-02  1.878748e-06  7.582225e+04  2.941095e+01
   335  1.407052e+00  1.404243e+00  1.787844e+00  8.926897e-05  2.011830e-02  1.795940e-06  7.897758e+04  3.008135e+01
   336  1.412695e+00  1.409883e+00  1.806811e+00  8.603558e-05  1.994804e-02  1.716241e-06  8.229468e+04  3.077188e+01
   337  1.418344e+00  1.415529e+00  1.825834e+00  8.288303e-05  1.978150e-02  1.639551e-06  8.578370e+04  3.148334e+01
   338  1.424003e+00  1.421183e+00  1.844912e+00  7.981009e-05  1.961868e-02  1.565768e-06  8.945556e+04  3.221658e+01
   339  1.429672e+00  1.426847e+00  1.864043e+00  7.681572e-05  1.945956e-02  1.494800e-06  9.332186e+04  3.297249e+01
   340  1.435354e+00  1.432522e+00  1.883227e+00  7.389898e-05  1.930412e-02  1.426555e-06  9.739497e+04  3.375196e+01
   341  1.441051e+00  1.438212e+00  1.902463e+00  7.105899e-05  1.915232e-02  1.360945e-06  1.016881e+05  3.455596e+01
   342  1.446765e+00  1.443917e+00  1.921749e+00  6.829496e-05  1.900410e-02  1.297884e-06  1.062155e+05  3.538550e+01
   343  1.452496e+00  1.449640e+00  1.941086e+00  6.560619e-05  1.885937e-02  1.237291e-06  1.109920e+05  3.624159e+01
   344  1.458249e+00  1.455382e+00  1.960472e+00  6.299202e-05  1.871804e-02  1.179087e-06  1.160338e+05  3.712533e+01
   345  1.464023e+00  1.461146e+00  1.979907e+00  6.045179e-05  1.857998e-02  1.123193e-06  1.213579e+05  3.803785e+01
   346  1.469822e+00  1.466932e+00  1.999389e+00  5.798500e-05  1.844507e-02  1.069538e-06  1.269826e+05  3.898031e+01
   347  1.475645e+00  1.472743e+00  2.018916e+00  5.559113e-05  1.831315e-02  1.018049e-06  1.329269e+05  3.995388e+01
   348  1.481496e+00  1.478581e+00  2.038490e+00  5.326959e-05  1.818404e-02  9.686566e-07  1.392116e+05  4.095985e+01
   349  1.487376e+00  1.484446e+00  2.058108e+00  5.101980e-05  1.805755e-02  9.212923e-07  1.458586e+05  4.199954e+01
   350  1.493286e+00  1.490341e+00  2.077770e+00  4.884120e-05  1.793345e-02  8.758913e-07  1.528909e+05  4.307429e+01
   351  1.499228e+00  1.496268e+00  2.097475e+00  4.673313e-05  1.781154e-02  8.323889e-07  1.603336e+05  4.418554e+01
   352  1.505204e+00  1.502226e+00  2.117222e+00  4.469492e-05  1.769156e-02  7.907231e-07  1.682127e+05  4.533473e+01
   353  1.511213e+00  1.508219e+00  2.137010e+00  4.272585e-05  1.757328e-02  7.508333e-07  1.765562e+05  4.652340e+01
   354  1.517258e+00  1.514246e+00  2.156839e+00  4.082507e-05  1.745644e-02  7.126603e-07  1.853938e+05  4.775315e+01
   355  1.523340e+00  1.520310e+00  2.176706e+00  3.899168e-05  1.734077e-02  6.761460e-07  1.947573e+05  4.902561e+01
   356  1.529460e+00  1.526411e+00  2.196613e+00  3.722472e-05  1.722604e-02  6.412344e-07  2.046802e+05  5.034251e+01
   357  1.535618e+00  1.532550e+00  2.216557e+00  3.552311e-05  1.711198e-02  6.078706e-07  2.151984e+05  5.170561e+01
   358  1.541815e+00  1.538727e+00  2.236538e+00  3.388568e-05  1.699835e-02  5.760007e-07  2.263499e+05  5.311678e+01
   359  1.548052e+00  1.544945e+00  2.256555e+00  3.231119e-05  1.688492e-02  5.455720e-07  2.381757e+05  5.457795e+01
   360  1.554330e+00  1.551203e+00  2.276608e+00  3.079832e-05  1.677148e-02  5.165335e-07  2.507190e+05  5.609111e+01
   361  1.560649e+00  1.557501e+00  2.296694e+00  2.934567e-05  1.665782e-02  4.888349e-07  2.640261e+05  5.765834e+01
   362  1.567010e+00  1.563841e+00  2.316815e+00  2.795173e-05  1.654377e-02  4.624270e-07  2.781468e+05  5.928184e+01
   363  1.573412e+00  1.570223e+00  2.336968e+00  2.661501e-05  1.642916e-02  4.372621e-07  2.931337e+05  6.096384e+01
   364  1.579856e+00  1.576646e+00  2.357153e+00  2.533392e-05  1.631385e-02  4.132938e-07  3.090433e+05  6.270668e+01
   365  1.586342e+00  1.583111e+00  2.377369e+00  2.410683e-05  1.619773e-02  3.904760e-07  3.259364e+05  6.451283e+01
   366  1.592871e+00  1.589619e+00  2.397614e+00  2.293209e-05  1.608071e-02  3.687643e-07  3.438775e+05  6.638483e+01
   367  1.599442e+00  1.596169e+00  2.417890e+00  2.180805e-05  1.596270e-02  3.481153e-07  3.629359e+05  6.832532e+01
   368  1.606055e+00  1.602761e+00  2.438194e+00  2.073303e-05  1.584364e-02  3.284866e-07  3.831861e+05  7.033709e+01
   369  1.612711e+00  1.609396e+00  2.458525e+00  1.970535e-05  1.572350e-02  3.098370e-07  4.047076e+05  7.242302e+01
   370  1.619408e+00  1.616073e+00  2.478883e+00  1.872335e-05  1.560224e-02  2.921264e-07  4.275853e+05  7.458610e+01
   371  1.626148e+00  1.622791e+00  2.499268e+00  1.778540e-05  1.547987e-02  2.753156e-07  4.519109e+05  7.682947e+01
   372  1.632930e+00  1.629552e+00  2.519677e+00  1.688986e-05  1.535636e-02  2.593668e-07  4.777819e+05  7.915640e+01
   373  1.639753e+00  1.636355e+00  2.540110e+00  1.603515e-05  1.523174e-02  2.442432e-07  5.053034e+05  8.157029e+01
   374  1.646618e+00  1.643199e+00  2.560567e+00  1.521969e-05  1.510601e-02  2.299087e-07  5.345883e+05  8.407474e+01
   375  1.653524e+00  1.650084e+00  2.581047e+00  1.444196e-05  1.497919e-02  2.163289e-07  5.657566e+05  8.667342e+01
   376  1.660471e+00  1.657011e+00  2.601548e+00  1.370048e-05  1.485133e-02  2.034703e-07  5.989376e+05  8.937020e+01
   377  1.667458e+00  1.663978e+00  2.622070e+00  1.299379e-05  1.472244e-02  1.913002e-07  6.342702e+05  9.216913e+01
   378  1.674487e+00  1.670987e+00  2.642612e+00  1.232047e-05  1.459256e-02  1.797872e-07  6.719035e+05  9.507446e+01
   379  1.681555e+00  1.678035e+00  2.663173e+00  1.167918e-05  1.446172e-02  1.689011e-07  7.119961e+05  9.809053e+01
   380  1.688663e+00  1.685123e+00  2.683753e+00  1.106857e-05  1.432998e-02  1.586124e-07  7.547196e+05  1.012219e+02
   381  1.695810e+00  1.692251e+00  2.704349e+00  1.048736e-05  1.419736e-02  1.488929e-07  8.002579e+05  1.044735e+02
   382  1.702997e+00  1.699419e+00  2.724962e+00  9.934302e-06  1.406392e-02  1.397152e-07  8.488079e+05  1.078503e+02
   383  1.710223e+00  1.706625e+00  2.745591e+00  9.408190e-06  1.392969e-02  1.310532e-07  9.005817e+05  1.113575e+02
   384  1.717487e+00  1.713870e+00  2.766234e+00  8.907865e-06  1.379473e-02  1.228816e-07  9.558060e+05  1.150005e+02
   385  1.724789e+00  1.721153e+00  2.786890e+00  8.432204e-06  1.365908e-02  1.151762e-07  1.014725e+06  1.187851e+02
   386  1.732129e+00  1.728474e+00  2.807560e+00  7.980116e-06  1.352279e-02  1.079134e-07  1.077600e+06  1.227172e+02
   387  1.739506e+00  1.735833e+00  2.828242e+00  7.550553e-06  1.338591e-02  1.010710e-07  1.144715e+06  1.268031e+02
   388  1.746920e+00  1.743229e+00  2.848934e+00  7.142509e-06  1.324849e-02  9.462747e-08  1.216371e+06  1.310493e+02
   389  1.754370e+00  1.750661e+00  2.869636e+00  6.755010e-06  1.311058e-02  8.856213e-08  1.292894e+06  1.354625e+02
   390  1.761857e+00  1.758130e+00  2.890347e+00  6.387127e-06  1.297224e-02  8.285536e-08  1.374633e+06  1.400499e+02
   391  1.769380e+00  1.765635e+00  2.911066e+00  6.037959e-06  1.283351e-02  7.748822e-08  1.461965e+06  1.448190e+02
   392  1.776937e+00  1.773175e+00  2.931793e+00  5.706642e-06  1.269444e-02  7.244263e-08  1.555294e+06  1.497774e+02
   393  1.784530e+00  1.780750e+00  2.952525e+00  5.392349e-06  1.255507e-02  6.770134e-08  1.655055e+06  1.549332e+02
   394  1.792158e+00  1.788361e+00  2.973262e+00  5.094279e-06  1.241546e-02  6.324780e-08  1.761716e+06  1.602952e+02
   395  1.799819e+00  1.796005e+00  2.994003e+00  4.811674e-06  1.227563e-02  5.906635e-08  1.875780e+06  1.658720e+02
   396  1.807514e+00  1.803683e+00  3.014747e+00  4.543804e-06  1.213565e-02  5.514201e-08  1.997786e+06  1.716730e+02
   397  1.815242e+00  1.811395e+00  3.035493e+00  4.289962e-06  1.199554e-02  5.146040e-08  2.128319e+06  1.777079e+02
   398  1.823003e+00  1.819140e+00  3.056239e+00  4.049477e-06  1.185534e-02  4.800794e-08  2.268005e+06  1.839868e+02
   399  1.830796e+00  1.826917e+00  3.076985e+00  3.821702e-06  1.171511e-02  4.477166e-08  2.417519e+06  1.905205e+02
   400  1.838621e+00  1.834726e+00  3.097730e+00  3.606020e-06  1.157488e-02  4.173924e-08  2.577589e+06  1.973200e+02
   401  1.846477e+00  1.842567e+00  3.118471e+00  3.401836e-06  1.143469e-02  3.889893e-08  2.748998e+06  2.043970e+02
   402  1.854364e+00  1.850439e+00  3.139210e+00  3.208582e-06  1.129459e-02  3.623961e-08  2.932592e+06  2.117637e+02
   403  1.862282e+00  1.858341e+00  3.159943e+00  3.025710e-06  1.115464e-02  3.375070e-08  3.129284e+06  2.194330e+02
   404  1.870230e+00  1.866274e+00  3.180670e+00  2.852704e-06  1.101488e-02  3.142219e-08  3.340053e+06  2.274181e+02
   405  1.878207e+00  1.874237e+00  3.201389e+00  2.689066e-06  1.087536e-02  2.924456e-08  3.565962e+06  2.357332e+02
   406  1.886213e+00  1.882229e+00  3.222100e+00  2.534321e-06  1.073613e-02  2.720879e-08  3.808155e+06  2.443929e+02
   407  1.894249e+00  1.890250e+00  3.242801e+00  2.388022e-06  1.059721e-02  2.530637e-08  4.067859e+06  2.534127e+02
   408  1.902312e+00  1.898299e+00  3.263492e+00  2.249736e-06  1.045865e-02  2.352920e-08  4.346409e+06  2.628087e+02
   409  1.910403e+00  1.906376e+00  3.284169e+00  2.119054e-06  1.032048e-02  2.186966e-08  4.645238e+06  2.725977e+02
   410  1.918522e+00  1.914481e+00  3.304833e+00  1.995585e-06  1.018273e-02  2.032050e-08  4.965897e+06  2.827978e+02
   411  1.926667e+00  1.922613e+00  3.325481e+00  1.878959e-06  1.004544e-02  1.887497e-08  5.310045e+06  2.934270e+02
   412  1.934839e+00  1.930772e+00  3.346113e+00  1.768822e-06  9.908618e-03  1.752658e-08  5.679489e+06  3.045051e+02
   413  1.943037e+00  1.938957e+00  3.366726e+00  1.664836e-06  9.772269e-03  1.626923e-08  6.076182e+06  3.160529e+02
   414  1.951260e+00  1.947168e+00  3.387321e+00  1.566678e-06  9.636451e-03  1.509722e-08  6.502221e+06  3.280914e+02
   415  1.959509e+00  1.955404e+00  3.407894e+00  1.474032e-06  9.501223e-03  1.400510e-08  6.959906e+06  3.406435e+02
   416  1.967781e+00  1.963665e+00  3.428445e+00  1.386604e-06  9.366644e-03  1.298783e-08  7.451703e+06  3.537326e+02
   417  1.976079e+00  1.971950e+00  3.448972e+00  1.304116e-06  9.232749e-03  1.204058e-08  7.980283e+06  3.673835e+02
   418  1.984400e+00  1.980259e+00  3.469473e+00  1.226314e-06  9.099491e-03  1.115883e-08  8.548499e+06  3.816225e+02
   419  1.992745e+00  1.988592e+00  3.489947e+00  1.152948e-06  8.966883e-03  1.033835e-08  9.159457e+06  3.964768e+02
   420  2.001112e+00  1.996948e+00  3.510392e+00  1.083782e-06  8.834917e-03  9.575121e-09  9.816507e+06  4.119753e+02
   421  2.009501e+00  2.005327e+00  3.530806e+00  1.018575e-06  8.703738e-03  8.865409e-09  1.052335e+07  4.281479e+02
   422  2.017913e+00  2.013728e+00  3.551188e+00  9.570903e-07  8.573557e-03  8.205668e-09  1.128409e+07  4.450269e+02
   423  2.026347e+00  2.022150e+00  3.571535e+00  8.991664e-07  8.444033e-03  7.592590e-09  1.210278e+07  4.626454e+02
   424  2.034801e+00  2.030594e+00  3.591847e+00  8.446200e-07  8.315057e-03  7.023064e-09  1.298393e+07  4.810386e+02
   425  2.043276e+00  2.039059e+00  3.612121e+00  7.932327e-07  8.186961e-03  6.494166e-09  1.393279e+07  5.002436e+02
   426  2.051772e+00  2.047545e+00  3.632356e+00  7.448334e-07  8.059730e-03  6.003156e-09  1.495480e+07  5.202996e+02
   427  2.060287e+00  2.056050e+00  3.652549e+00  6.992373e-07  7.933602e-03  5.547470e-09  1.605611e+07  5.412473e+02
   428  2.068822e+00  2.064576e+00  3.672697e+00  6.563147e-07  7.808328e-03  5.124720e-09  1.724284e+07  5.631294e+02
   429  2.077376e+00  2.073120e+00  3.692801e+00  6.159076e-07  7.684017e-03  4.732645e-09  1.852210e+07  5.859915e+02
   430  2.085949e+00  2.081684e+00  3.712856e+00  5.778937e-07  7.560446e-03  4.369134e-09  1.990116e+07  6.098817e+02
   431  2.094540e+00  2.090266e+00  3.732862e+00  5.421136e-07  7.437971e-03  4.032225e-09  2.138861e+07  6.348496e+02
   432  2.103149e+00  2.098866e+00  3.752816e+00  5.084507e-07  7.316466e-03  3.720062e-09  2.299326e+07  6.609493e+02
   433  2.111776e+00  2.107484e+00  3.772715e+00  4.767971e-07  7.195771e-03  3.430923e-09  2.472451e+07  6.882366e+02
   434  2.120420e+00  2.116119e+00  3.792558e+00  4.470280e-07  7.076066e-03  3.163199e-09  2.659312e+07  7.167703e+02
   435  2.129080e+00  2.124771e+00  3.812342e+00  4.190318e-07  6.957438e-03  2.915388e-09  2.861069e+07  7.466122e+02
   436  2.137757e+00  2.133440e+00  3.832064e+00  3.926988e-07  6.840065e-03  2.686085e-09  3.079005e+07  7.778277e+02
   437  2.146449e+00  2.142125e+00  3.851724e+00  3.679864e-07  6.722978e-03  2.473965e-09  3.314266e+07  8.104879e+02
   438  2.155158e+00  2.150825e+00  3.871316e+00  3.447134e-07  6.607835e-03  2.277809e-09  3.568718e+07  8.446652e+02
   439  2.163882e+00  2.159542e+00  3.890841e+00  3.228646e-07  6.493375e-03  2.096481e-09  3.843654e+07  8.804360e+02
   440  2.172621e+00  2.168273e+00  3.910294e+00  3.023432e-07  6.379855e-03  1.928905e-09  4.140897e+07  9.178840e+02
   441  2.181374e+00  2.177020e+00  3.929672e+00  2.830481e-07  6.267839e-03  1.774100e-09  4.462527e+07  9.570932e+02
   442  2.190142e+00  2.185780e+00  3.948974e+00  2.649548e-07  6.156287e-03  1.631138e-09  4.810263e+07  9.981549e+02
   443  2.198923e+00  2.194554e+00  3.968197e+00  2.479569e-07  6.046016e-03  1.499151e-09  5.186677e+07  1.041167e+03
   444  2.207718e+00  2.203343e+00  3.987338e+00  2.320035e-07  5.936716e-03  1.377339e-09  5.594128e+07  1.086233e+03
   445  2.216526e+00  2.212144e+00  4.006394e+00  2.170264e-07  5.828563e-03  1.264952e-09  6.035409e+07  1.133460e+03
   446  2.225346e+00  2.220958e+00  4.025361e+00  2.029718e-07  5.721500e-03  1.161303e-09  6.513426e+07  1.182961e+03
   447  2.234178e+00  2.229784e+00  4.044236e+00  1.897750e-07  5.615837e-03  1.065745e-09  7.031594e+07  1.234857e+03
   448  2.243023e+00  2.238623e+00  4.063018e+00  1.774024e-07  5.511045e-03  9.776726e-10  7.593177e+07  1.289278e+03
   449  2.251879e+00  2.247473e+00  4.081701e+00  1.658002e-07  5.407292e-03  8.965304e-10  8.202097e+07  1.346359e+03
   450  2.260747e+00  2.256336e+00  4.100285e+00  1.549103e-07  5.304976e-03  8.217957e-10  8.862941e+07  1.406246e+03
   451  2.269626e+00  2.265209e+00  4.118764e+00  1.447097e-07  5.203436e-03  7.529878e-10  9.579816e+07  1.469093e+03
   452  2.278515e+00  2.274093e+00  4.137136e+00  1.351465e-07  5.103065e-03  6.896615e-10  1.035809e+08  1.535060e+03
   453  2.287414e+00  2.282987e+00  4.155398e+00  1.261864e-07  5.003700e-03  6.313988e-10  1.120320e+08  1.604321e+03
   454  2.296323e+00  2.291892e+00  4.173546e+00  1.177824e-07  4.905783e-03  5.778150e-10  1.212175e+08  1.677061e+03
   455  2.305242e+00  2.300806e+00  4.191575e+00  1.099102e-07  4.808953e-03  5.285529e-10  1.312009e+08  1.753473e+03
   456  2.314170e+00  2.309729e+00  4.209483e+00  1.025419e-07  4.713021e-03  4.832821e-10  1.420525e+08  1.833762e+03
   457  2.323106e+00  2.318661e+00  4.227266e+00  9.564269e-08  4.618168e-03  4.416940e-10  1.538556e+08  1.918150e+03
   458  2.332052e+00  2.327602e+00  4.244922e+00  8.917983e-08  4.524580e-03  4.035013e-10  1.667033e+08  2.006877e+03
   459  2.341005e+00  2.336552e+00  4.262445e+00  8.312781e-08  4.432229e-03  3.684415e-10  1.806935e+08  2.100192e+03
   460  2.349966e+00  2.345509e+00  4.279832e+00  7.747189e-08  4.340572e-03  3.362723e-10  1.959216e+08  2.198354e+03
   461  2.358934e+00  2.354473e+00  4.297077e+00  7.216734e-08  4.250782e-03  3.067677e-10  2.125323e+08  2.301646e+03
   462  2.367908e+00  2.363444e+00  4.314179e+00  6.722085e-08  4.161158e-03  2.797165e-10  2.306157e+08  2.410373e+03
   463  2.376889e+00  2.372422e+00  4.331132e+00  6.257788e-08  4.073714e-03  2.549244e-10  2.503709e+08  2.524862e+03
   464  2.385877e+00  2.381406e+00  4.347934e+00  5.824745e-08  3.986669e-03  2.322133e-10  2.719055e+08  2.645451e+03
   465  2.394869e+00  2.390396e+00  4.364577e+00  5.419813e-08  3.900842e-03  2.114183e-10  2.954177e+08  2.772502e+03
   466  2.403868e+00  2.399391e+00  4.381063e+00  5.041142e-08  3.816287e-03  1.923845e-10  3.211075e+08  2.906419e+03
   467  2.412871e+00  2.408393e+00  4.397382e+00  4.687133e-08  3.732991e-03  1.749702e-10  3.491920e+08  3.047623e+03
   468  2.421878e+00  2.417398e+00  4.413531e+00  4.356856e-08  3.650506e-03  1.590473e-10  3.798834e+08  3.196540e+03
   469  2.430889e+00  2.426407e+00  4.429508e+00  4.048030e-08  3.569473e-03  1.444933e-10  4.134797e+08  3.353663e+03
   470  2.439905e+00  2.435421e+00  4.445308e+00  3.759999e-08  3.489265e-03  1.311963e-10  4.502413e+08  3.519512e+03
   471  2.448921e+00  2.444436e+00  4.460922e+00  3.491081e-08  3.410271e-03  1.190553e-10  4.905075e+08  3.694612e+03
   472  2.457942e+00  2.453455e+00  4.476353e+00  3.240336e-08  3.332196e-03  1.079743e-10  5.346194e+08  3.879564e+03
   473  2.466963e+00  2.462476e+00  4.491590e+00  3.006014e-08  3.255669e-03  9.786587e-11  5.830272e+08  4.075000e+03
   474  2.475985e+00  2.471497e+00  4.506634e+00  2.788209e-08  3.179441e-03  8.864948e-11  6.360616e+08  4.281591e+03
   475  2.485008e+00  2.480520e+00  4.521475e+00  2.584254e-08  3.105377e-03  8.025082e-11  6.943967e+08  4.500062e+03
   476  2.494031e+00  2.489543e+00  4.536111e+00  2.394663e-08  3.031835e-03  7.260223e-11  7.584079e+08  4.731167e+03
   477  2.503054e+00  2.498566e+00  4.550538e+00  2.217882e-08  2.959584e-03  6.564007e-11  8.287934e+08  4.975752e+03
   478  2.512074e+00  2.507587e+00  4.564753e+00  2.053573e-08  2.887944e-03  5.930605e-11  9.061402e+08  5.234724e+03
   479  2.521092e+00  2.516606e+00  4.578744e+00  1.900028e-08  2.818253e-03  5.354761e-11  9.914024e+08  5.509006e+03
   480  2.530107e+00  2.525623e+00  4.592517e+00  1.757693e-08  2.748787e-03  4.831522e-11  1.085142e+09  5.799644e+03
   481  2.539120e+00  2.534637e+00  4.606062e+00  1.624763e-08  2.681193e-03  4.356301e-11  1.188628e+09  6.107793e+03
   482  2.548124e+00  2.543645e+00  4.619369e+00  1.501367e-08  2.614359e-03  3.925112e-11  1.302658e+09  6.434536e+03
   483  2.557125e+00  2.552648e+00  4.632443e+00  1.386710e-08  2.548536e-03  3.534081e-11  1.428463e+09  6.781176e+03
   484  2.566117e+00  2.561644e+00  4.645273e+00  1.279899e-08  2.484319e-03  3.179678e-11  1.567547e+09  7.149105e+03
   485  2.575102e+00  2.570633e+00  4.657858e+00  1.181026e-08  2.420535e-03  2.858715e-11  1.721015e+09  7.539765e+03
   486  2.584076e+00  2.579612e+00  4.670191e+00  1.088915e-08  2.358521e-03  2.568230e-11  1.890976e+09  7.954745e+03
   487  2.593040e+00  2.588581e+00  4.682273e+00  1.003899e-08  2.296544e-03  2.305498e-11  2.078608e+09  8.395777e+03
   488  2.601992e+00  2.597539e+00  4.694093e+00  9.244913e-09  2.236965e-03  2.068055e-11  2.287007e+09  8.864664e+03
   489  2.610927e+00  2.606482e+00  4.705648e+00  8.511242e-09  2.177925e-03  1.853684e-11  2.517594e+09  9.363223e+03
   490  2.619846e+00  2.615409e+00  4.716936e+00  7.831782e-09  2.119916e-03  1.660272e-11  2.773193e+09  9.893585e+03
   491  2.628748e+00  2.624320e+00  4.727955e+00  7.202274e-09  2.063071e-03  1.485880e-11  3.056844e+09  1.045807e+04
   492  2.637628e+00  2.633211e+00  4.738698e+00  6.619950e-09  2.007228e-03  1.328775e-11  3.371685e+09  1.105904e+04
   493  2.646487e+00  2.642080e+00  4.749160e+00  6.078891e-09  1.953291e-03  1.187384e-11  3.722136e+09  1.169897e+04
   494  2.655317e+00  2.650924e+00  4.759340e+00  5.581452e-09  1.899604e-03  1.060255e-11  4.110752e+09  1.238050e+04
   495  2.664120e+00  2.659741e+00  4.769233e+00  5.120090e-09  1.847720e-03  9.460496e-12  4.543643e+09  1.310649e+04
   496  2.672888e+00  2.668526e+00  4.778833e+00  4.694227e-09  1.797030e-03  8.435665e-12  5.025257e+09  1.387981e+04
   497  2.681625e+00  2.677278e+00  4.788149e+00  4.303584e-09  1.746557e-03  7.516456e-12  5.560045e+09  1.470404e+04
   498  2.690320e+00  2.685994e+00  4.797166e+00  3.940922e-09  1.698292e-03  6.692837e-12  6.157380e+09  1.558254e+04
   499  2.698970e+00  2.694666e+00  4.805881e+00  3.606167e-09  1.651655e-03  5.956143e-12  6.823300e+09  1.651812e+04
