     i         log_r      log_rmid             m           rho            v2             p        trelax            kn
     0  -2.124141e+00  -2.425171e+00  4.936543e-05  3.491138e+02  3.944349e-01  1.377027e+02  4.560845e-03  3.435359e-03
     1  -2.117912e+00  -2.121015e+00  5.153900e-05  3.496052e+02  3.938806e-01  1.377027e+02  4.557639e-03  3.435359e-03
     2  -2.111687e+00  -2.114788e+00  5.380601e-05  3.495334e+02  3.938644e-01  1.376688e+02  4.558667e-03  3.435781e-03
     3  -2.105456e+00  -2.108561e+00  5.617461e-05  3.494596e+02  3.938478e-01  1.376339e+02  4.559726e-03  3.436217e-03
     4  -2.099227e+00  -2.102330e+00  5.864622e-05  3.493836e+02  3.938307e-01  1.375980e+02  4.560817e-03  3.436665e-03
     5  -2.093005e+00  -2.096105e+00  6.122269e-05  3.493055e+02  3.938131e-01  1.375611e+02  4.561939e-03  3.437126e-03
     6  -2.086773e+00  -2.089878e+00  6.391625e-05  3.492251e+02  3.937950e-01  1.375231e+02  4.563094e-03  3.437600e-03
     7  -2.080540e+00  -2.083645e+00  6.672776e-05  3.491423e+02  3.937764e-01  1.374840e+02  4.564284e-03  3.438089e-03
     8  -2.074302e+00  -2.077410e+00  6.966511e-05  3.490571e+02  3.937572e-01  1.374438e+02  4.565510e-03  3.438593e-03
     9  -2.068074e+00  -2.071177e+00  7.272580e-05  3.489694e+02  3.937375e-01  1.374023e+02  4.566771e-03  3.439111e-03
    10  -2.061840e+00  -2.064946e+00  7.592335e-05  3.488793e+02  3.937172e-01  1.373598e+02  4.568069e-03  3.439644e-03
    11  -2.055609e+00  -2.058713e+00  7.925890e-05  3.487865e+02  3.936963e-01  1.373159e+02  4.569406e-03  3.440193e-03
    12  -2.049376e+00  -2.052482e+00  8.274157e-05  3.486910e+02  3.936748e-01  1.372709e+02  4.570781e-03  3.440758e-03
    13  -2.043148e+00  -2.046251e+00  8.637379e-05  3.485928e+02  3.936526e-01  1.372245e+02  4.572197e-03  3.441339e-03
    14  -2.036920e+00  -2.040023e+00  9.016405e-05  3.484919e+02  3.936299e-01  1.371768e+02  4.573654e-03  3.441937e-03
    15  -2.030682e+00  -2.033790e+00  9.412640e-05  3.483879e+02  3.936064e-01  1.371277e+02  4.575155e-03  3.442553e-03
    16  -2.024450e+00  -2.027555e+00  9.825814e-05  3.482809e+02  3.935823e-01  1.370772e+02  4.576701e-03  3.443187e-03
    17  -2.018211e+00  -2.021319e+00  1.025750e-04  3.481708e+02  3.935574e-01  1.370252e+02  4.578293e-03  3.443840e-03
    18  -2.011981e+00  -2.015085e+00  1.070736e-04  3.480576e+02  3.935319e-01  1.369718e+02  4.579931e-03  3.444512e-03
    19  -2.005747e+00  -2.008853e+00  1.117716e-04  3.479412e+02  3.935056e-01  1.369168e+02  4.581616e-03  3.445204e-03
    20  -1.999514e+00  -2.002620e+00  1.166741e-04  3.478214e+02  3.934786e-01  1.368603e+02  4.583352e-03  3.445915e-03
    21  -1.993281e+00  -1.996386e+00  1.217905e-04  3.476981e+02  3.934507e-01  1.368021e+02  4.585139e-03  3.446648e-03
    22  -1.987047e+00  -1.990153e+00  1.271309e-04  3.475713e+02  3.934221e-01  1.367422e+02  4.586978e-03  3.447402e-03
    23  -1.980817e+00  -1.983921e+00  1.327005e-04  3.474410e+02  3.933926e-01  1.366807e+02  4.588871e-03  3.448178e-03
    24  -1.974584e+00  -1.977689e+00  1.385159e-04  3.473068e+02  3.933623e-01  1.366174e+02  4.590820e-03  3.448976e-03
    25  -1.968351e+00  -1.971456e+00  1.445845e-04  3.471689e+02  3.933311e-01  1.365523e+02  4.592827e-03  3.449798e-03
    26  -1.962120e+00  -1.965224e+00  1.509149e-04  3.470270e+02  3.932990e-01  1.364854e+02  4.594892e-03  3.450644e-03
    27  -1.955882e+00  -1.958990e+00  1.575290e-04  3.468810e+02  3.932660e-01  1.364165e+02  4.597019e-03  3.451516e-03
    28  -1.949651e+00  -1.952755e+00  1.644237e-04  3.467308e+02  3.932320e-01  1.363456e+02  4.599210e-03  3.452412e-03
    29  -1.943420e+00  -1.946524e+00  1.716176e-04  3.465764e+02  3.931970e-01  1.362728e+02  4.601463e-03  3.453335e-03
    30  -1.937190e+00  -1.940294e+00  1.791246e-04  3.464176e+02  3.931611e-01  1.361979e+02  4.603782e-03  3.454284e-03
    31  -1.930957e+00  -1.934062e+00  1.869613e-04  3.462543e+02  3.931241e-01  1.361209e+02  4.606171e-03  3.455261e-03
    32  -1.924723e+00  -1.927829e+00  1.951388e-04  3.460862e+02  3.930860e-01  1.360416e+02  4.608631e-03  3.456267e-03
    33  -1.918494e+00  -1.921597e+00  2.036668e-04  3.459135e+02  3.930468e-01  1.359602e+02  4.611162e-03  3.457303e-03
    34  -1.912263e+00  -1.915367e+00  2.125676e-04  3.457358e+02  3.930065e-01  1.358764e+02  4.613768e-03  3.458368e-03
    35  -1.906031e+00  -1.909136e+00  2.218557e-04  3.455531e+02  3.929651e-01  1.357903e+02  4.616451e-03  3.459465e-03
    36  -1.899802e+00  -1.902905e+00  2.315430e-04  3.453652e+02  3.929224e-01  1.357017e+02  4.619213e-03  3.460593e-03
    37  -1.893572e+00  -1.896676e+00  2.416522e-04  3.451721e+02  3.928785e-01  1.356107e+02  4.622056e-03  3.461755e-03
    38  -1.887342e+00  -1.890446e+00  2.522004e-04  3.449734e+02  3.928334e-01  1.355171e+02  4.624984e-03  3.462950e-03
    39  -1.881110e+00  -1.884214e+00  2.632088e-04  3.447691e+02  3.927869e-01  1.354208e+02  4.627998e-03  3.464181e-03
    40  -1.874881e+00  -1.877984e+00  2.746873e-04  3.445590e+02  3.927392e-01  1.353218e+02  4.631101e-03  3.465448e-03
    41  -1.868652e+00  -1.871756e+00  2.866651e-04  3.443431e+02  3.926900e-01  1.352201e+02  4.634296e-03  3.466751e-03
    42  -1.862425e+00  -1.865527e+00  2.991578e-04  3.441210e+02  3.926395e-01  1.351155e+02  4.637584e-03  3.468092e-03
    43  -1.856197e+00  -1.859300e+00  3.121906e-04  3.438928e+02  3.925875e-01  1.350080e+02  4.640970e-03  3.469473e-03
    44  -1.849968e+00  -1.853072e+00  3.257907e-04  3.436581e+02  3.925340e-01  1.348975e+02  4.644456e-03  3.470894e-03
    45  -1.843741e+00  -1.846844e+00  3.399746e-04  3.434167e+02  3.924790e-01  1.347839e+02  4.648045e-03  3.472357e-03
    46  -1.837514e+00  -1.840616e+00  3.547724e-04  3.431687e+02  3.924224e-01  1.346671e+02  4.651740e-03  3.473862e-03
    47  -1.831288e+00  -1.834389e+00  3.702053e-04  3.429137e+02  3.923642e-01  1.345470e+02  4.655545e-03  3.475411e-03
    48  -1.825063e+00  -1.828164e+00  3.863001e-04  3.426516e+02  3.923043e-01  1.344237e+02  4.659461e-03  3.477005e-03
    49  -1.818836e+00  -1.821938e+00  4.030957e-04  3.423821e+02  3.922428e-01  1.342969e+02  4.663494e-03  3.478646e-03
    50  -1.812610e+00  -1.815712e+00  4.206106e-04  3.421051e+02  3.921794e-01  1.341666e+02  4.667647e-03  3.480335e-03
    51  -1.806385e+00  -1.809487e+00  4.388801e-04  3.418204e+02  3.921143e-01  1.340327e+02  4.671923e-03  3.482074e-03
    52  -1.800161e+00  -1.803262e+00  4.579325e-04  3.415278e+02  3.920473e-01  1.338950e+02  4.676325e-03  3.483863e-03
    53  -1.793933e+00  -1.797036e+00  4.778138e-04  3.412270e+02  3.919783e-01  1.337536e+02  4.680859e-03  3.485704e-03
    54  -1.787711e+00  -1.790811e+00  4.985347e-04  3.409179e+02  3.919074e-01  1.336082e+02  4.685528e-03  3.487600e-03
    55  -1.781487e+00  -1.784588e+00  5.201481e-04  3.406002e+02  3.918346e-01  1.334589e+02  4.690333e-03  3.489550e-03
    56  -1.775264e+00  -1.778365e+00  5.426885e-04  3.402738e+02  3.917596e-01  1.333055e+02  4.695282e-03  3.491557e-03
    57  -1.769041e+00  -1.772141e+00  5.661971e-04  3.399383e+02  3.916825e-01  1.331479e+02  4.700379e-03  3.493624e-03
    58  -1.762819e+00  -1.765919e+00  5.907064e-04  3.395935e+02  3.916032e-01  1.329859e+02  4.705626e-03  3.495750e-03
    59  -1.756597e+00  -1.759697e+00  6.162668e-04  3.392393e+02  3.915217e-01  1.328196e+02  4.711030e-03  3.497939e-03
    60  -1.750375e+00  -1.753475e+00  6.429189e-04  3.388754e+02  3.914379e-01  1.326487e+02  4.716595e-03  3.500192e-03
    61  -1.744154e+00  -1.747253e+00  6.707104e-04  3.385014e+02  3.913516e-01  1.324731e+02  4.722326e-03  3.502510e-03
    62  -1.737933e+00  -1.741032e+00  6.996861e-04  3.381172e+02  3.912630e-01  1.322927e+02  4.728227e-03  3.504897e-03
    63  -1.731712e+00  -1.734812e+00  7.298974e-04  3.377225e+02  3.911718e-01  1.321075e+02  4.734305e-03  3.507353e-03
    64  -1.725492e+00  -1.728591e+00  7.613962e-04  3.373170e+02  3.910781e-01  1.319173e+02  4.740565e-03  3.509881e-03
    65  -1.719273e+00  -1.722371e+00  7.942322e-04  3.369004e+02  3.909817e-01  1.317219e+02  4.747011e-03  3.512483e-03
    66  -1.713052e+00  -1.716151e+00  8.284723e-04  3.364725e+02  3.908826e-01  1.315212e+02  4.753651e-03  3.515162e-03
    67  -1.706833e+00  -1.709931e+00  8.641640e-04  3.360329e+02  3.907807e-01  1.313152e+02  4.760489e-03  3.517919e-03
    68  -1.700614e+00  -1.703712e+00  9.013664e-04  3.355815e+02  3.906759e-01  1.311036e+02  4.767533e-03  3.520756e-03
    69  -1.694395e+00  -1.697494e+00  9.401486e-04  3.351179e+02  3.905682e-01  1.308864e+02  4.774787e-03  3.523677e-03
    70  -1.688176e+00  -1.691275e+00  9.805784e-04  3.346417e+02  3.904574e-01  1.306633e+02  4.782260e-03  3.526683e-03
    71  -1.681957e+00  -1.685055e+00  1.022722e-03  3.341526e+02  3.903435e-01  1.304343e+02  4.789958e-03  3.529778e-03
    72  -1.675738e+00  -1.678837e+00  1.066645e-03  3.336503e+02  3.902265e-01  1.301992e+02  4.797888e-03  3.532963e-03
    73  -1.669521e+00  -1.672618e+00  1.112418e-03  3.331347e+02  3.901061e-01  1.299579e+02  4.806055e-03  3.536242e-03
    74  -1.663303e+00  -1.666400e+00  1.160127e-03  3.326052e+02  3.899824e-01  1.297102e+02  4.814470e-03  3.539617e-03
    75  -1.657085e+00  -1.660183e+00  1.209843e-03  3.320616e+02  3.898552e-01  1.294559e+02  4.823138e-03  3.543091e-03
    76  -1.650867e+00  -1.653965e+00  1.261660e-03  3.315035e+02  3.897244e-01  1.291950e+02  4.832068e-03  3.546667e-03
    77  -1.644650e+00  -1.647747e+00  1.315650e-03  3.309305e+02  3.895900e-01  1.289272e+02  4.841269e-03  3.550348e-03
    78  -1.638432e+00  -1.641530e+00  1.371910e-03  3.303424e+02  3.894519e-01  1.286525e+02  4.850748e-03  3.554137e-03
    79  -1.632214e+00  -1.635312e+00  1.430537e-03  3.297387e+02  3.893099e-01  1.283705e+02  4.860516e-03  3.558038e-03
    80  -1.625997e+00  -1.629095e+00  1.491613e-03  3.291191e+02  3.891639e-01  1.280813e+02  4.870580e-03  3.562054e-03
    81  -1.619779e+00  -1.622877e+00  1.555254e-03  3.284831e+02  3.890139e-01  1.277845e+02  4.880950e-03  3.566188e-03
    82  -1.613562e+00  -1.616659e+00  1.621555e-03  3.278305e+02  3.888597e-01  1.274800e+02  4.891637e-03  3.570443e-03
    83  -1.607344e+00  -1.610442e+00  1.690622e-03  3.271608e+02  3.887012e-01  1.271678e+02  4.902650e-03  3.574825e-03
    84  -1.601126e+00  -1.604224e+00  1.762572e-03  3.264736e+02  3.885383e-01  1.268475e+02  4.913999e-03  3.579335e-03
    85  -1.594908e+00  -1.598006e+00  1.837521e-03  3.257685e+02  3.883709e-01  1.265190e+02  4.925696e-03  3.583979e-03
    86  -1.588690e+00  -1.591788e+00  1.915590e-03  3.250451e+02  3.881988e-01  1.261821e+02  4.937752e-03  3.588759e-03
    87  -1.582471e+00  -1.585569e+00  1.996900e-03  3.243030e+02  3.880220e-01  1.258367e+02  4.950178e-03  3.593681e-03
    88  -1.576252e+00  -1.579351e+00  2.081586e-03  3.235418e+02  3.878403e-01  1.254826e+02  4.962986e-03  3.598749e-03
    89  -1.570032e+00  -1.573131e+00  2.169788e-03  3.227610e+02  3.876536e-01  1.251195e+02  4.976190e-03  3.603967e-03
    90  -1.563812e+00  -1.566911e+00  2.261641e-03  3.219602e+02  3.874617e-01  1.247473e+02  4.989803e-03  3.609340e-03
    91  -1.557592e+00  -1.560691e+00  2.357288e-03  3.211389e+02  3.872646e-01  1.243657e+02  5.003837e-03  3.614872e-03
    92  -1.551371e+00  -1.554470e+00  2.456877e-03  3.202968e+02  3.870620e-01  1.239747e+02  5.018306e-03  3.620568e-03
    93  -1.545148e+00  -1.548248e+00  2.560586e-03  3.194333e+02  3.868539e-01  1.235740e+02  5.033225e-03  3.626433e-03
    94  -1.538926e+00  -1.542026e+00  2.668544e-03  3.185480e+02  3.866400e-01  1.231634e+02  5.048609e-03  3.632473e-03
    95  -1.532702e+00  -1.535803e+00  2.780947e-03  3.176404e+02  3.864203e-01  1.227427e+02  5.064474e-03  3.638693e-03
    96  -1.526479e+00  -1.529579e+00  2.897949e-03  3.167101e+02  3.861946e-01  1.223117e+02  5.080834e-03  3.645098e-03
    97  -1.520254e+00  -1.523355e+00  3.019750e-03  3.157566e+02  3.859627e-01  1.218703e+02  5.097708e-03  3.651694e-03
    98  -1.514027e+00  -1.517129e+00  3.146529e-03  3.147793e+02  3.857245e-01  1.214181e+02  5.115113e-03  3.658487e-03
    99  -1.507800e+00  -1.510903e+00  3.278481e-03  3.137779e+02  3.854798e-01  1.209550e+02  5.133066e-03  3.665484e-03
   100  -1.501572e+00  -1.504675e+00  3.415810e-03  3.127518e+02  3.852284e-01  1.204809e+02  5.151587e-03  3.672690e-03
   101  -1.495342e+00  -1.498446e+00  3.558731e-03  3.117005e+02  3.849702e-01  1.199954e+02  5.170696e-03  3.680112e-03
   102  -1.489111e+00  -1.492216e+00  3.707443e-03  3.106235e+02  3.847049e-01  1.194984e+02  5.190412e-03  3.687757e-03
   103  -1.482879e+00  -1.485984e+00  3.862193e-03  3.095203e+02  3.844325e-01  1.189897e+02  5.210757e-03  3.695631e-03
   104  -1.476645e+00  -1.479750e+00  4.023197e-03  3.083904e+02  3.841527e-01  1.184690e+02  5.231752e-03  3.703743e-03
   105  -1.470409e+00  -1.473516e+00  4.190697e-03  3.072334e+02  3.838653e-01  1.179362e+02  5.253420e-03  3.712099e-03
   106  -1.464171e+00  -1.467279e+00  4.364955e-03  3.060486e+02  3.835702e-01  1.173911e+02  5.275786e-03  3.720708e-03
   107  -1.457932e+00  -1.461040e+00  4.546218e-03  3.048356e+02  3.832671e-01  1.168335e+02  5.298874e-03  3.729578e-03
   108  -1.451691e+00  -1.454800e+00  4.734748e-03  3.035938e+02  3.829559e-01  1.162630e+02  5.322709e-03  3.738715e-03
   109  -1.445447e+00  -1.448558e+00  4.930837e-03  3.023228e+02  3.826363e-01  1.156797e+02  5.347318e-03  3.748131e-03
   110  -1.439201e+00  -1.442313e+00  5.134764e-03  3.010219e+02  3.823082e-01  1.150831e+02  5.372731e-03  3.757832e-03
   111  -1.432952e+00  -1.436065e+00  5.346829e-03  2.996908e+02  3.819712e-01  1.144732e+02  5.398975e-03  3.767830e-03
   112  -1.426702e+00  -1.429816e+00  5.567324e-03  2.983288e+02  3.816252e-01  1.138498e+02  5.426082e-03  3.778132e-03
   113  -1.420448e+00  -1.423564e+00  5.796581e-03  2.969355e+02  3.812700e-01  1.132126e+02  5.454081e-03  3.788750e-03
   114  -1.414192e+00  -1.417309e+00  6.034915e-03  2.955103e+02  3.809053e-01  1.125614e+02  5.483008e-03  3.799693e-03
   115  -1.407932e+00  -1.411051e+00  6.282676e-03  2.940527e+02  3.805309e-01  1.118961e+02  5.512897e-03  3.810972e-03
   116  -1.401669e+00  -1.404789e+00  6.540210e-03  2.925622e+02  3.801466e-01  1.112165e+02  5.543784e-03  3.822598e-03
   117  -1.395403e+00  -1.398525e+00  6.807874e-03  2.910382e+02  3.797521e-01  1.105224e+02  5.575706e-03  3.834583e-03
   118  -1.389133e+00  -1.392257e+00  7.086044e-03  2.894804e+02  3.793471e-01  1.098136e+02  5.608703e-03  3.846939e-03
   119  -1.382860e+00  -1.385985e+00  7.375103e-03  2.878882e+02  3.789314e-01  1.090899e+02  5.642816e-03  3.859678e-03
   120  -1.376583e+00  -1.379710e+00  7.675455e-03  2.862610e+02  3.785048e-01  1.083512e+02  5.678089e-03  3.872813e-03
   121  -1.370301e+00  -1.373430e+00  7.987504e-03  2.845984e+02  3.780669e-01  1.075972e+02  5.714566e-03  3.886357e-03
   122  -1.364015e+00  -1.367147e+00  8.311671e-03  2.828999e+02  3.776175e-01  1.068280e+02  5.752294e-03  3.900325e-03
   123  -1.357724e+00  -1.360858e+00  8.648426e-03  2.811651e+02  3.771563e-01  1.060432e+02  5.791325e-03  3.914731e-03
   124  -1.351429e+00  -1.354565e+00  8.998165e-03  2.793934e+02  3.766831e-01  1.052427e+02  5.831709e-03  3.929589e-03
   125  -1.345129e+00  -1.348268e+00  9.361386e-03  2.775844e+02  3.761974e-01  1.044266e+02  5.873500e-03  3.944916e-03
   126  -1.338823e+00  -1.341965e+00  9.738557e-03  2.757378e+02  3.756992e-01  1.035945e+02  5.916755e-03  3.960728e-03
   127  -1.332512e+00  -1.335656e+00  1.013019e-02  2.738531e+02  3.751879e-01  1.027463e+02  5.961534e-03  3.977041e-03
   128  -1.326195e+00  -1.329342e+00  1.053678e-02  2.719297e+02  3.746633e-01  1.018821e+02  6.007901e-03  3.993874e-03
   129  -1.319872e+00  -1.323022e+00  1.095886e-02  2.699674e+02  3.741252e-01  1.010016e+02  6.055921e-03  4.011245e-03
   130  -1.313542e+00  -1.316696e+00  1.139696e-02  2.679658e+02  3.735731e-01  1.001048e+02  6.105664e-03  4.029172e-03
   131  -1.307206e+00  -1.310363e+00  1.185164e-02  2.659244e+02  3.730067e-01  9.919160e+01  6.157202e-03  4.047677e-03
   132  -1.300863e+00  -1.304023e+00  1.232348e-02  2.638431e+02  3.724258e-01  9.826196e+01  6.210613e-03  4.066779e-03
   133  -1.294513e+00  -1.297676e+00  1.281308e-02  2.617213e+02  3.718298e-01  9.731579e+01  6.265977e-03  4.086501e-03
   134  -1.288155e+00  -1.291322e+00  1.332102e-02  2.595589e+02  3.712186e-01  9.635309e+01  6.323379e-03  4.106865e-03
   135  -1.281788e+00  -1.284960e+00  1.384795e-02  2.573555e+02  3.705918e-01  9.537384e+01  6.382909e-03  4.127895e-03
   136  -1.275414e+00  -1.278589e+00  1.439450e-02  2.551109e+02  3.699489e-01  9.437801e+01  6.444661e-03  4.149616e-03
   137  -1.269030e+00  -1.272210e+00  1.496132e-02  2.528249e+02  3.692896e-01  9.336561e+01  6.508735e-03  4.172053e-03
   138  -1.262638e+00  -1.265822e+00  1.554911e-02  2.504973e+02  3.686135e-01  9.233668e+01  6.575236e-03  4.195233e-03
   139  -1.256236e+00  -1.259425e+00  1.615855e-02  2.481278e+02  3.679203e-01  9.129126e+01  6.644276e-03  4.219186e-03
   140  -1.249824e+00  -1.253018e+00  1.679038e-02  2.457164e+02  3.672095e-01  9.022940e+01  6.715972e-03  4.243940e-03
   141  -1.243401e+00  -1.246601e+00  1.744530e-02  2.432630e+02  3.664807e-01  8.915118e+01  6.790448e-03  4.269526e-03
   142  -1.236968e+00  -1.240173e+00  1.812408e-02  2.407674e+02  3.657335e-01  8.805672e+01  6.867835e-03  4.295978e-03
   143  -1.230523e+00  -1.233734e+00  1.882751e-02  2.382297e+02  3.649675e-01  8.694611e+01  6.948274e-03  4.323328e-03
   144  -1.224067e+00  -1.227283e+00  1.955637e-02  2.356499e+02  3.641823e-01  8.581951e+01  7.031911e-03  4.351613e-03
   145  -1.217598e+00  -1.220820e+00  2.031146e-02  2.330279e+02  3.633773e-01  8.467707e+01  7.118903e-03  4.380870e-03
   146  -1.211116e+00  -1.214345e+00  2.109364e-02  2.303640e+02  3.625523e-01  8.351899e+01  7.209416e-03  4.411138e-03
   147  -1.204620e+00  -1.207856e+00  2.190376e-02  2.276582e+02  3.617066e-01  8.234546e+01  7.303627e-03  4.442459e-03
   148  -1.198111e+00  -1.201353e+00  2.274267e-02  2.249106e+02  3.608399e-01  8.115672e+01  7.401722e-03  4.474876e-03
   149  -1.191586e+00  -1.194836e+00  2.361129e-02  2.221216e+02  3.599517e-01  7.995304e+01  7.503901e-03  4.508434e-03
   150  -1.185047e+00  -1.188304e+00  2.451054e-02  2.192914e+02  3.590414e-01  7.873469e+01  7.610376e-03  4.543183e-03
   151  -1.178491e+00  -1.181756e+00  2.544136e-02  2.164203e+02  3.581086e-01  7.750198e+01  7.721374e-03  4.579171e-03
   152  -1.171919e+00  -1.175192e+00  2.640469e-02  2.135087e+02  3.571528e-01  7.625524e+01  7.837135e-03  4.616453e-03
   153  -1.165329e+00  -1.168611e+00  2.740152e-02  2.105571e+02  3.561735e-01  7.499485e+01  7.957916e-03  4.655084e-03
   154  -1.158721e+00  -1.162012e+00  2.843287e-02  2.075659e+02  3.551701e-01  7.372119e+01  8.083991e-03  4.695124e-03
   155  -1.152094e+00  -1.155395e+00  2.949974e-02  2.045357e+02  3.541421e-01  7.243469e+01  8.215654e-03  4.736635e-03
   156  -1.145447e+00  -1.148758e+00  3.060319e-02  2.014671e+02  3.530890e-01  7.113580e+01  8.353219e-03  4.779684e-03
   157  -1.138780e+00  -1.142101e+00  3.174428e-02  1.983607e+02  3.520101e-01  6.982499e+01  8.497021e-03  4.824339e-03
   158  -1.132091e+00  -1.135423e+00  3.292412e-02  1.952174e+02  3.509050e-01  6.850277e+01  8.647422e-03  4.870675e-03
   159  -1.125380e+00  -1.128722e+00  3.414379e-02  1.920379e+02  3.497731e-01  6.716970e+01  8.804806e-03  4.918771e-03
   160  -1.118645e+00  -1.121999e+00  3.540444e-02  1.888232e+02  3.486136e-01  6.582633e+01  8.969589e-03  4.968708e-03
   161  -1.111886e+00  -1.115252e+00  3.670722e-02  1.855740e+02  3.474262e-01  6.447328e+01  9.142217e-03  5.020574e-03
   162  -1.105101e+00  -1.108480e+00  3.805332e-02  1.822916e+02  3.462100e-01  6.311117e+01  9.323170e-03  5.074464e-03
   163  -1.098290e+00  -1.101682e+00  3.944390e-02  1.789769e+02  3.449646e-01  6.174069e+01  9.512963e-03  5.130475e-03
   164  -1.091450e+00  -1.094857e+00  4.088021e-02  1.756311e+02  3.436892e-01  6.036252e+01  9.712155e-03  5.188712e-03
   165  -1.084582e+00  -1.088003e+00  4.236348e-02  1.722555e+02  3.423832e-01  5.897740e+01  9.921347e-03  5.249289e-03
   166  -1.077684e+00  -1.081119e+00  4.389496e-02  1.688514e+02  3.410459e-01  5.758609e+01  1.014119e-02  5.312323e-03
   167  -1.070754e+00  -1.074205e+00  4.547592e-02  1.654202e+02  3.396767e-01  5.618938e+01  1.037238e-02  5.377942e-03
   168  -1.063791e+00  -1.067258e+00  4.710768e-02  1.619634e+02  3.382747e-01  5.478811e+01  1.061570e-02  5.446282e-03
   169  -1.056793e+00  -1.060278e+00  4.879156e-02  1.584824e+02  3.368394e-01  5.338312e+01  1.087195e-02  5.517487e-03
   170  -1.049760e+00  -1.053262e+00  5.052886e-02  1.549791e+02  3.353699e-01  5.197531e+01  1.114205e-02  5.591711e-03
   171  -1.042689e+00  -1.046210e+00  5.232095e-02  1.514550e+02  3.338655e-01  5.056560e+01  1.142696e-02  5.669120e-03
   172  -1.035578e+00  -1.039119e+00  5.416922e-02  1.479121e+02  3.323255e-01  4.915494e+01  1.172775e-02  5.749892e-03
   173  -1.028426e+00  -1.031988e+00  5.607503e-02  1.443521e+02  3.307489e-01  4.774430e+01  1.204558e-02  5.834216e-03
   174  -1.021232e+00  -1.024814e+00  5.803982e-02  1.407771e+02  3.291352e-01  4.633469e+01  1.238172e-02  5.922296e-03
   175  -1.013992e+00  -1.017597e+00  6.006498e-02  1.371891e+02  3.274833e-01  4.492713e+01  1.273755e-02  6.014353e-03
   176  -1.006705e+00  -1.010334e+00  6.215198e-02  1.335902e+02  3.257924e-01  4.352269e+01  1.311459e-02  6.110622e-03
   177  -9.993695e-01  -1.003022e+00  6.430225e-02  1.299828e+02  3.240617e-01  4.212244e+01  1.351451e-02  6.211357e-03
   178  -9.919820e-01  -9.956600e-01  6.651726e-02  1.263690e+02  3.222902e-01  4.072749e+01  1.393914e-02  6.316834e-03
   179  -9.845404e-01  -9.882452e-01  6.879851e-02  1.227512e+02  3.204771e-01  3.933896e+01  1.439049e-02  6.427348e-03
   180  -9.770422e-01  -9.807751e-01  7.114747e-02  1.191320e+02  3.186213e-01  3.795801e+01  1.487079e-02  6.543221e-03
   181  -9.694846e-01  -9.732470e-01  7.356565e-02  1.155139e+02  3.167220e-01  3.658579e+01  1.538249e-02  6.664799e-03
   182  -9.618649e-01  -9.656580e-01  7.605458e-02  1.118995e+02  3.147780e-01  3.522349e+01  1.592831e-02  6.792460e-03
   183  -9.541797e-01  -9.580053e-01  7.861579e-02  1.082914e+02  3.127883e-01  3.387228e+01  1.651128e-02  6.926615e-03
   184  -9.464261e-01  -9.502856e-01  8.125079e-02  1.046925e+02  3.107520e-01  3.253339e+01  1.713474e-02  7.067708e-03
   185  -9.386004e-01  -9.424956e-01  8.396115e-02  1.011056e+02  3.086677e-01  3.120802e+01  1.780243e-02  7.216226e-03
   186  -9.306990e-01  -9.346317e-01  8.674840e-02  9.753354e+01  3.065345e-01  2.989739e+01  1.851852e-02  7.372701e-03
   187  -9.227180e-01  -9.266902e-01  8.961413e-02  9.397938e+01  3.043510e-01  2.860272e+01  1.928768e-02  7.537713e-03
   188  -9.146533e-01  -9.186669e-01  9.255987e-02  9.044613e+01  3.021162e-01  2.732524e+01  2.011514e-02  7.711898e-03
   189  -9.065004e-01  -9.105577e-01  9.558720e-02  8.693688e+01  2.998286e-01  2.606616e+01  2.100678e-02  7.895956e-03
   190  -8.982545e-01  -9.023579e-01  9.869768e-02  8.345478e+01  2.974870e-01  2.482671e+01  2.196923e-02  8.090654e-03
   191  -8.899107e-01  -8.940626e-01  1.018929e-01  8.000302e+01  2.950901e-01  2.360810e+01  2.300999e-02  8.296841e-03
   192  -8.814635e-01  -8.856666e-01  1.051744e-01  7.658483e+01  2.926363e-01  2.241150e+01  2.413755e-02  8.515454e-03
   193  -8.729070e-01  -8.771642e-01  1.085438e-01  7.320348e+01  2.901242e-01  2.123810e+01  2.536158e-02  8.747530e-03
   194  -8.642351e-01  -8.685494e-01  1.120026e-01  6.986229e+01  2.875522e-01  2.008905e+01  2.669309e-02  8.994220e-03
   195  -8.554409e-01  -8.598157e-01  1.155524e-01  6.656460e+01  2.849187e-01  1.896550e+01  2.814467e-02  9.256805e-03
   196  -8.465173e-01  -8.509562e-01  1.191948e-01  6.331375e+01  2.822220e-01  1.786853e+01  2.973079e-02  9.536715e-03
   197  -8.374566e-01  -8.419633e-01  1.229312e-01  6.011314e+01  2.794604e-01  1.679924e+01  3.146810e-02  9.835545e-03
   198  -8.282500e-01  -8.328289e-01  1.267634e-01  5.696612e+01  2.766319e-01  1.575865e+01  3.337584e-02  1.015509e-02
   199  -8.188887e-01  -8.235441e-01  1.306927e-01  5.387607e+01  2.737347e-01  1.474775e+01  3.547637e-02  1.049737e-02
   200  -8.093625e-01  -8.140995e-01  1.347208e-01  5.084635e+01  2.707666e-01  1.376749e+01  3.779573e-02  1.086465e-02
   201  -7.996608e-01  -8.044846e-01  1.388490e-01  4.788031e+01  2.677255e-01  1.281878e+01  4.036437e-02  1.125952e-02
   202  -7.897716e-01  -7.946881e-01  1.430790e-01  4.498126e+01  2.646091e-01  1.190245e+01  4.321813e-02  1.168490e-02
   203  -7.796821e-01  -7.846976e-01  1.474123e-01  4.215247e+01  2.614151e-01  1.101929e+01  4.639933e-02  1.214413e-02
   204  -7.693783e-01  -7.744997e-01  1.518502e-01  3.939717e+01  2.581407e-01  1.017001e+01  4.995820e-02  1.264103e-02
   205  -7.588445e-01  -7.640794e-01  1.563943e-01  3.671851e+01  2.547835e-01  9.355270e+00  5.395470e-02  1.317999e-02
   206  -7.480636e-01  -7.534206e-01  1.610460e-01  3.411960e+01  2.513404e-01  8.575634e+00  5.846082e-02  1.376608e-02
   207  -7.370169e-01  -7.425051e-01  1.658067e-01  3.160343e+01  2.478084e-01  7.831596e+00  6.356349e-02  1.440516e-02
   208  -7.256832e-01  -7.313131e-01  1.706778e-01  2.917289e+01  2.441843e-01  7.123563e+00  6.936839e-02  1.510409e-02
   209  -7.140393e-01  -7.198222e-01  1.756607e-01  2.683078e+01  2.404646e-01  6.451853e+00  7.600482e-02  1.587088e-02
   210  -7.020592e-01  -7.080079e-01  1.807567e-01  2.457974e+01  2.366457e-01  5.816689e+00  8.363218e-02  1.671496e-02
   211  -6.897137e-01  -6.958426e-01  1.859671e-01  2.242229e+01  2.327234e-01  5.218192e+00  9.244853e-02  1.764750e-02
   212  -6.769701e-01  -6.832952e-01  1.912933e-01  2.036076e+01  2.286937e-01  4.656376e+00  1.027020e-01  1.868182e-02
   213  -6.637912e-01  -6.703307e-01  1.967366e-01  1.839731e+01  2.245519e-01  4.131150e+00  1.147063e-01  1.983388e-02
   214  -6.501351e-01  -6.569095e-01  2.022981e-01  1.653389e+01  2.202931e-01  3.642302e+00  1.288619e-01  2.112299e-02
   215  -6.359537e-01  -6.429865e-01  2.079790e-01  1.477222e+01  2.159121e-01  3.189502e+00  1.456853e-01  2.257261e-02
   216  -6.211920e-01  -6.285101e-01  2.137806e-01  1.311378e+01  2.114033e-01  2.772297e+00  1.658503e-01  2.421159e-02
   217  -6.057866e-01  -6.134210e-01  2.197041e-01  1.155975e+01  2.067607e-01  2.390102e+00  1.902469e-01  2.607565e-02
   218  -5.896640e-01  -5.976505e-01  2.257504e-01  1.011102e+01  2.019776e-01  2.042200e+00  2.200662e-01  2.820942e-02
   219  -5.727384e-01  -5.811188e-01  2.319208e-01  8.768143e+00  1.970472e-01  1.727738e+00  2.569255e-01  3.066933e-02
   220  -5.549091e-01  -5.637323e-01  2.382162e-01  7.531280e+00  1.919622e-01  1.445721e+00  3.030563e-01  3.352749e-02
   221  -5.360566e-01  -5.453806e-01  2.446377e-01  6.400190e+00  1.867148e-01  1.195010e+00  3.615912e-01  3.687716e-02
   222  -5.160390e-01  -5.259325e-01  2.511862e-01  5.374168e+00  1.812969e-01  9.743197e-01  4.370123e-01  4.084064e-02
   223  -4.946855e-01  -5.052310e-01  2.578626e-01  4.452001e+00  1.757003e-01  7.822177e-01  5.358689e-01  4.558054e-02
   224  -4.717895e-01  -4.830866e-01  2.646680e-01  3.631912e+00  1.699169e-01  6.171234e-01  6.679537e-01  5.131653e-02
   225  -4.470992e-01  -4.592689e-01  2.716031e-01  2.911493e+00  1.639395e-01  4.773088e-01  8.482862e-01  5.835036e-02
   226  -4.203054e-01  -4.334957e-01  2.786687e-01  2.287635e+00  1.577622e-01  3.609022e-01  1.100555e+00  6.710401e-02
   227  -3.910265e-01  -4.054193e-01  2.858656e-01  1.756447e+00  1.513818e-01  2.658941e-01  1.463282e+00  7.817878e-02
   228  -3.587909e-01  -3.746097e-01  2.931946e-01  1.313167e+00  1.448006e-01  1.901475e-01  2.001219e+00  9.244810e-02
   229  -3.230175e-01  -3.405360e-01  3.006563e-01  9.520760e-01  1.380292e-01  1.314143e-01  2.827111e+00  1.112044e-01
   230  -2.830021e-01  -3.025491e-01  3.082514e-01  6.664077e-01  1.310921e-01  8.736078e-02  4.144496e+00  1.363908e-01
   231  -2.379225e-01  -2.598777e-01  3.159805e-01  4.482977e-01  1.240352e-01  5.560469e-02  6.333752e+00  1.709573e-01
   232  -1.868952e-01  -2.116598e-01  3.238442e-01  2.887937e-01  1.169354e-01  3.377022e-02  1.012603e+01  2.193695e-01
   233  -1.291449e-01  -1.570608e-01  3.318430e-01  1.780074e-01  1.099092e-01  1.956465e-02  1.694513e+01  2.882088e-01
   234  -6.435761e-02  -9.554426e-02  3.399773e-01  1.055001e-01  1.031108e-01  1.087819e-02  2.951857e+01  3.865137e-01
   235  6.787200e-03  -2.732999e-02  3.482476e-01  6.097576e-02  9.670657e-02  5.896756e-03  5.273693e+01  5.249726e-01
   236  8.217701e-02  4.611593e-02  3.566544e-01  3.521727e-02  9.082150e-02  3.198485e-03  9.422149e+01  7.128055e-01
   237  1.584583e-01  1.219903e-01  3.651978e-01  2.094274e-02  8.549362e-02  1.790471e-03  1.633050e+02  9.527075e-01
   238  2.320641e-01  1.968187e-01  3.738783e-01  1.315118e-02  8.068871e-02  1.061152e-03  2.676880e+02  1.237526e+00
   239  3.003727e-01  2.675600e-01  3.826961e-01  8.830649e-03  7.635767e-02  6.742878e-04  4.098086e+02  1.552461e+00
   240  3.621568e-01  3.323625e-01  3.916514e-01  6.337254e-03  7.246767e-02  4.592461e-04  5.861742e+02  1.881138e+00
   241  4.173119e-01  3.906093e-01  4.007443e-01  4.820342e-03  6.899375e-02  3.325735e-04  7.898002e+02  2.210545e+00
   242  4.663562e-01  4.425260e-01  4.099751e-01  3.844645e-03  6.590517e-02  2.533820e-04  1.013174e+03  2.532535e+00
   243  5.100432e-01  4.887488e-01  4.193438e-01  3.183202e-03  6.316315e-02  2.010610e-04  1.249983e+03  2.843016e+00
   244  5.491454e-01  5.300342e-01  4.288503e-01  2.713338e-03  6.072520e-02  1.647680e-04  1.495587e+03  3.140558e+00
   245  5.843623e-01  5.671107e-01  4.384948e-01  2.365820e-03  5.854990e-02  1.385185e-04  1.746848e+03  3.425227e+00
   246  6.162916e-01  6.006203e-01  4.482772e-01  2.099803e-03  5.659967e-02  1.188481e-04  2.001772e+03  3.697831e+00
   247  6.454316e-01  6.311060e-01  4.581974e-01  1.890149e-03  5.484184e-02  1.036593e-04  2.259165e+03  3.959490e+00
   248  6.721930e-01  6.590184e-01  4.682552e-01  1.720778e-03  5.324870e-02  9.162918e-05  2.518377e+03  4.211399e+00
   249  6.969135e-01  6.847292e-01  4.784506e-01  1.581035e-03  5.179697e-02  8.189283e-05  2.779113e+03  4.454719e+00
   250  7.198713e-01  7.085441e-01  4.887832e-01  1.463639e-03  5.046723e-02  7.386579e-05  3.041315e+03  4.690526e+00
   251  7.412965e-01  7.307160e-01  4.992529e-01  1.363470e-03  4.924329e-02  6.714175e-05  3.305072e+03  4.919794e+00
   252  7.613807e-01  7.514547e-01  5.098594e-01  1.276843e-03  4.811159e-02  6.143097e-05  3.570569e+03  5.143391e+00
   253  7.802841e-01  7.709352e-01  5.206023e-01  1.201045e-03  4.706075e-02  5.652210e-05  3.838055e+03  5.362090e+00
   254  7.981419e-01  7.893048e-01  5.314812e-01  1.134038e-03  4.608116e-02  5.225779e-05  4.107813e+03  5.576577e+00
   255  8.150689e-01  8.066879e-01  5.424959e-01  1.074265e-03  4.516467e-02  4.851883e-05  4.380151e+03  5.787461e+00
   256  8.311628e-01  8.231904e-01  5.536457e-01  1.020518e-03  4.430436e-02  4.521338e-05  4.655392e+03  5.995284e+00
   257  8.465078e-01  8.389031e-01  5.649304e-01  9.718445e-04  4.349426e-02  4.226965e-05  4.933865e+03  6.200532e+00
   258  8.611765e-01  8.539041e-01  5.763493e-01  9.274873e-04  4.272923e-02  3.963082e-05  5.215903e+03  6.403637e+00
   259  8.752318e-01  8.682610e-01  5.879020e-01  8.868339e-04  4.200485e-02  3.725133e-05  5.501840e+03  6.604994e+00
   260  8.887290e-01  8.820328e-01  5.995879e-01  8.493853e-04  4.131723e-02  3.509425e-05  5.792015e+03  6.804955e+00
   261  9.017162e-01  8.952711e-01  6.114063e-01  8.147305e-04  4.066300e-02  3.312939e-05  6.086762e+03  7.003846e+00
   262  9.142361e-01  9.080212e-01  6.233566e-01  7.825283e-04  4.003917e-02  3.133178e-05  6.386419e+03  7.201960e+00
   263  9.263264e-01  9.203233e-01  6.354383e-01  7.524925e-04  3.944312e-02  2.968066e-05  6.691325e+03  7.399570e+00
   264  9.380207e-01  9.322129e-01  6.476505e-01  7.243820e-04  3.887253e-02  2.815856e-05  7.001820e+03  7.596929e+00
   265  9.493489e-01  9.437217e-01  6.599927e-01  6.979915e-04  3.832532e-02  2.675074e-05  7.318246e+03  7.794268e+00
   266  9.603377e-01  9.548780e-01  6.724639e-01  6.731456e-04  3.779963e-02  2.544466e-05  7.640947e+03  7.991806e+00
   267  9.710113e-01  9.657073e-01  6.850636e-01  6.496933e-04  3.729383e-02  2.422955e-05  7.970272e+03  8.189749e+00
   268  9.813915e-01  9.762324e-01  6.977908e-01  6.275038e-04  3.680640e-02  2.309616e-05  8.306575e+03  8.388289e+00
   269  9.914979e-01  9.864741e-01  7.106448e-01  6.064632e-04  3.633602e-02  2.203646e-05  8.650214e+03  8.587611e+00
   270  1.001348e+00  9.964510e-01  7.236247e-01  5.864722e-04  3.588146e-02  2.104348e-05  9.001554e+03  8.787888e+00
   271  1.010959e+00  1.006180e+00  7.367296e-01  5.674433e-04  3.544161e-02  2.011111e-05  9.360968e+03  8.989288e+00
   272  1.020345e+00  1.015677e+00  7.499587e-01  5.492994e-04  3.501548e-02  1.923398e-05  9.728836e+03  9.191972e+00
   273  1.029519e+00  1.024956e+00  7.633112e-01  5.319719e-04  3.460215e-02  1.840737e-05  1.010555e+04  9.396095e+00
   274  1.038495e+00  1.034031e+00  7.767859e-01  5.154001e-04  3.420077e-02  1.762708e-05  1.049150e+04  9.601809e+00
   275  1.047284e+00  1.042912e+00  7.903821e-01  4.995297e-04  3.381058e-02  1.688939e-05  1.088710e+04  9.809260e+00
   276  1.055895e+00  1.051611e+00  8.040988e-01  4.843120e-04  3.343089e-02  1.619098e-05  1.129278e+04  1.001859e+01
   277  1.064339e+00  1.060138e+00  8.179349e-01  4.697031e-04  3.306103e-02  1.552887e-05  1.170896e+04  1.022995e+01
   278  1.072625e+00  1.068502e+00  8.318895e-01  4.556635e-04  3.270040e-02  1.490038e-05  1.213610e+04  1.044346e+01
   279  1.080762e+00  1.076713e+00  8.459616e-01  4.421576e-04  3.234847e-02  1.430312e-05  1.257465e+04  1.065928e+01
   280  1.088756e+00  1.084777e+00  8.601502e-01  4.291528e-04  3.200471e-02  1.373491e-05  1.302510e+04  1.087753e+01
   281  1.096615e+00  1.092703e+00  8.744542e-01  4.166195e-04  3.166866e-02  1.319378e-05  1.348794e+04  1.109836e+01
   282  1.104347e+00  1.100498e+00  8.888727e-01  4.045309e-04  3.133987e-02  1.267795e-05  1.396367e+04  1.132189e+01
   283  1.111956e+00  1.108168e+00  9.034045e-01  3.928622e-04  3.101794e-02  1.218578e-05  1.445284e+04  1.154826e+01
   284  1.119450e+00  1.115719e+00  9.180486e-01  3.815908e-04  3.070248e-02  1.171579e-05  1.495600e+04  1.177762e+01
   285  1.126833e+00  1.123157e+00  9.328039e-01  3.706960e-04  3.039315e-02  1.126662e-05  1.547370e+04  1.201010e+01
   286  1.134111e+00  1.130487e+00  9.476693e-01  3.601584e-04  3.008962e-02  1.083703e-05  1.600656e+04  1.224583e+01
   287  1.141288e+00  1.137715e+00  9.626437e-01  3.499604e-04  2.979158e-02  1.042587e-05  1.655520e+04  1.248496e+01
   288  1.148370e+00  1.144844e+00  9.777261e-01  3.400855e-04  2.949874e-02  1.003209e-05  1.712025e+04  1.272763e+01
   289  1.155360e+00  1.151879e+00  9.929154e-01  3.305185e-04  2.921084e-02  9.654725e-06  1.770240e+04  1.297398e+01
   290  1.162263e+00  1.158825e+00  1.008210e+00  3.212453e-04  2.892764e-02  9.292869e-06  1.830234e+04  1.322417e+01
   291  1.169082e+00  1.165686e+00  1.023610e+00  3.122527e-04  2.864889e-02  8.945693e-06  1.892082e+04  1.347834e+01
   292  1.175821e+00  1.172465e+00  1.039113e+00  3.035283e-04  2.837439e-02  8.612429e-06  1.955859e+04  1.373664e+01
   293  1.182484e+00  1.179166e+00  1.054718e+00  2.950606e-04  2.810392e-02  8.292361e-06  2.021647e+04  1.399923e+01
   294  1.189074e+00  1.185791e+00  1.070425e+00  2.868389e-04  2.783732e-02  7.984824e-06  2.089529e+04  1.426627e+01
   295  1.195593e+00  1.192346e+00  1.086232e+00  2.788529e-04  2.757439e-02  7.689199e-06  2.159593e+04  1.453793e+01
   296  1.202046e+00  1.198831e+00  1.102138e+00  2.710933e-04  2.731498e-02  7.404908e-06  2.231931e+04  1.481438e+01
   297  1.208434e+00  1.205252e+00  1.118142e+00  2.635511e-04  2.705894e-02  7.131412e-06  2.306640e+04  1.509578e+01
   298  1.214761e+00  1.211609e+00  1.134242e+00  2.562177e-04  2.680612e-02  6.868204e-06  2.383822e+04  1.538231e+01
   299  1.221029e+00  1.217906e+00  1.150438e+00  2.490853e-04  2.655641e-02  6.614812e-06  2.463583e+04  1.567417e+01
   300  1.227240e+00  1.224146e+00  1.166729e+00  2.421463e-04  2.630968e-02  6.370792e-06  2.546035e+04  1.597153e+01
   301  1.233398e+00  1.230330e+00  1.183113e+00  2.353935e-04  2.606583e-02  6.135727e-06  2.631296e+04  1.627460e+01
   302  1.239504e+00  1.236462e+00  1.199589e+00  2.288202e-04  2.582475e-02  5.909225e-06  2.719490e+04  1.658357e+01
   303  1.245561e+00  1.242543e+00  1.216156e+00  2.224200e-04  2.558636e-02  5.690918e-06  2.810748e+04  1.689865e+01
   304  1.251570e+00  1.248576e+00  1.232813e+00  2.161867e-04  2.535058e-02  5.480458e-06  2.905207e+04  1.722007e+01
   305  1.257534e+00  1.254562e+00  1.249559e+00  2.101146e-04  2.511732e-02  5.277517e-06  3.003012e+04  1.754803e+01
   306  1.263455e+00  1.260505e+00  1.266393e+00  2.041981e-04  2.488655e-02  5.081786e-06  3.104316e+04  1.788278e+01
   307  1.269335e+00  1.266405e+00  1.283313e+00  1.984320e-04  2.465818e-02  4.892971e-06  3.209282e+04  1.822455e+01
   308  1.275176e+00  1.272265e+00  1.300318e+00  1.928111e-04  2.443219e-02  4.710797e-06  3.318080e+04  1.857360e+01
   309  1.280979e+00  1.278087e+00  1.317409e+00  1.873308e-04  2.420852e-02  4.535000e-06  3.430890e+04  1.893017e+01
   310  1.286746e+00  1.283872e+00  1.334582e+00  1.819863e-04  2.398715e-02  4.365333e-06  3.547905e+04  1.929455e+01
   311  1.292480e+00  1.289622e+00  1.351837e+00  1.767734e-04  2.376806e-02  4.201560e-06  3.669325e+04  1.966699e+01
   312  1.298181e+00  1.295340e+00  1.369174e+00  1.716878e-04  2.355122e-02  4.043457e-06  3.795368e+04  2.004781e+01
   313  1.303852e+00  1.301026e+00  1.386590e+00  1.667255e-04  2.333662e-02  3.890811e-06  3.926258e+04  2.043728e+01
   314  1.309495e+00  1.306683e+00  1.404086e+00  1.618828e-04  2.312427e-02  3.743421e-06  4.062238e+04  2.083574e+01
   315  1.315110e+00  1.312311e+00  1.421659e+00  1.571557e-04  2.291417e-02  3.601093e-06  4.203564e+04  2.124350e+01
   316  1.320700e+00  1.317914e+00  1.439309e+00  1.525410e-04  2.270632e-02  3.463645e-06  4.350509e+04  2.166090e+01
   317  1.326266e+00  1.323492e+00  1.457034e+00  1.480351e-04  2.250075e-02  3.330902e-06  4.503361e+04  2.208830e+01
   318  1.331810e+00  1.329047e+00  1.474834e+00  1.436350e-04  2.229748e-02  3.202697e-06  4.662426e+04  2.252606e+01
   319  1.337333e+00  1.334580e+00  1.492708e+00  1.393374e-04  2.209653e-02  3.078873e-06  4.828033e+04  2.297457e+01
   320  1.342837e+00  1.340094e+00  1.510654e+00  1.351395e-04  2.189794e-02  2.959276e-06  5.000530e+04  2.343422e+01
   321  1.348324e+00  1.345589e+00  1.528672e+00  1.310385e-04  2.170174e-02  2.843763e-06  5.180287e+04  2.390543e+01
   322  1.353795e+00  1.351068e+00  1.546760e+00  1.270316e-04  2.150800e-02  2.732195e-06  5.367700e+04  2.438863e+01
   323  1.359251e+00  1.356531e+00  1.564917e+00  1.231163e-04  2.131674e-02  2.624439e-06  5.563190e+04  2.488428e+01
   324  1.364695e+00  1.361982e+00  1.583142e+00  1.192903e-04  2.112802e-02  2.520368e-06  5.767207e+04  2.539284e+01
   325  1.370128e+00  1.367420e+00  1.601435e+00  1.155511e-04  2.094191e-02  2.419860e-06  5.980229e+04  2.591481e+01
   326  1.375551e+00  1.372848e+00  1.619794e+00  1.118966e-04  2.075846e-02  2.322801e-06  6.202769e+04  2.645071e+01
   327  1.380967e+00  1.378268e+00  1.638218e+00  1.083248e-04  2.057772e-02  2.229077e-06  6.435372e+04  2.700106e+01
   328  1.386376e+00  1.383680e+00  1.656707e+00  1.048336e-04  2.039976e-02  2.138581e-06  6.678622e+04  2.756642e+01
   329  1.391781e+00  1.389087e+00  1.675259e+00  1.014214e-04  2.022465e-02  2.051212e-06  6.933141e+04  2.814738e+01
   330  1.397183e+00  1.394490e+00  1.693873e+00  9.808627e-05  2.005244e-02  1.966869e-06  7.199596e+04  2.874455e+01
   331  1.402584e+00  1.399892e+00  1.712548e+00  9.482672e-05  1.988320e-02  1.885459e-06  7.478700e+04  2.935856e+01
   332  1.407985e+00  1.405293e+00  1.731284e+00  9.164127e-05  1.971699e-02  1.806890e-06  7.771210e+04  2.999007e+01
   333  1.413388e+00  1.410695e+00  1.750080e+00  8.852854e-05  1.955385e-02  1.731074e-06  8.077939e+04  3.063977e+01
   334  1.418795e+00  1.416100e+00  1.768933e+00  8.548728e-05  1.939384e-02  1.657927e-06  8.399754e+04  3.130838e+01
   335  1.424208e+00  1.421510e+00  1.787844e+00  8.251635e-05  1.923701e-02  1.587368e-06  8.737580e+04  3.199665e+01
   336  1.429629e+00  1.426927e+00  1.806811e+00  7.961469e-05  1.908339e-02  1.519318e-06  9.092411e+04  3.270536e+01
   337  1.435058e+00  1.432352e+00  1.825834e+00  7.678137e-05  1.893301e-02  1.453702e-06  9.465299e+04  3.343532e+01
   338  1.440498e+00  1.437787e+00  1.844912e+00  7.401552e-05  1.878588e-02  1.390447e-06  9.857378e+04  3.418740e+01
   339  1.445951e+00  1.443233e+00  1.864043e+00  7.131639e-05  1.864202e-02  1.329481e-06  1.026985e+05  3.496247e+01
   340  1.451419e+00  1.448694e+00  1.883227e+00  6.868332e-05  1.850141e-02  1.270738e-06  1.070400e+05  3.576145e+01
   341  1.456903e+00  1.454169e+00  1.902463e+00  6.611571e-05  1.836404e-02  1.214152e-06  1.116121e+05  3.658531e+01
   342  1.462404e+00  1.459662e+00  1.921749e+00  6.361302e-05  1.822987e-02  1.159657e-06  1.164293e+05  3.743506e+01
   343  1.467926e+00  1.465174e+00  1.941086e+00  6.117481e-05  1.809883e-02  1.107193e-06  1.215072e+05  3.831172e+01
   344  1.473469e+00  1.470707e+00  1.960472e+00  5.880063e-05  1.797087e-02  1.056699e-06  1.268625e+05  3.921639e+01
   345  1.479036e+00  1.476262e+00  1.979907e+00  5.649009e-05  1.784589e-02  1.008116e-06  1.325130e+05  4.015022e+01
   346  1.484628e+00  1.481841e+00  1.999389e+00  5.424289e-05  1.772379e-02  9.613893e-07  1.384774e+05  4.111437e+01
   347  1.490246e+00  1.487446e+00  2.018916e+00  5.205875e-05  1.760442e-02  9.164643e-07  1.447756e+05  4.211002e+01
   348  1.495893e+00  1.493079e+00  2.038490e+00  4.993732e-05  1.748766e-02  8.732868e-07  1.514290e+05  4.313848e+01
   349  1.501570e+00  1.498741e+00  2.058108e+00  4.787824e-05  1.737332e-02  8.318041e-07  1.584603e+05  4.420106e+01
   350  1.507277e+00  1.504433e+00  2.077770e+00  4.588121e-05  1.726124e-02  7.919664e-07  1.658934e+05  4.529913e+01
   351  1.513018e+00  1.510157e+00  2.097475e+00  4.394583e-05  1.715120e-02  7.537235e-07  1.737541e+05  4.643412e+01
   352  1.518793e+00  1.515915e+00  2.117222e+00  4.207167e-05  1.704299e-02  7.170271e-07  1.820696e+05  4.760751e+01
   353  1.524604e+00  1.521708e+00  2.137010e+00  4.025828e-05  1.693640e-02  6.818302e-07  1.908685e+05  4.882083e+01
   354  1.530451e+00  1.527537e+00  2.156839e+00  3.850510e-05  1.683118e-02  6.480861e-07  2.001818e+05  5.007569e+01
   355  1.536336e+00  1.533403e+00  2.176706e+00  3.681151e-05  1.672709e-02  6.157495e-07  2.100420e+05  5.137375e+01
   356  1.542260e+00  1.539308e+00  2.196613e+00  3.517683e-05  1.662390e-02  5.847760e-07  2.204839e+05  5.271673e+01
   357  1.548223e+00  1.545251e+00  2.216557e+00  3.360028e-05  1.652136e-02  5.551224e-07  2.315443e+05  5.410643e+01
   358  1.554227e+00  1.551235e+00  2.236538e+00  3.208102e-05  1.641923e-02  5.267457e-07  2.432626e+05  5.554471e+01
   359  1.560273e+00  1.557260e+00  2.256555e+00  3.061807e-05  1.631729e-02  4.996041e-07  2.556808e+05  5.703353e+01
   360  1.566360e+00  1.563327e+00  2.276608e+00  2.921044e-05  1.621532e-02  4.736565e-07  2.688433e+05  5.857489e+01
   361  1.572490e+00  1.569436e+00  2.296694e+00  2.785700e-05  1.611311e-02  4.488629e-07  2.827977e+05  6.017089e+01
   362  1.578663e+00  1.575587e+00  2.316815e+00  2.655658e-05  1.601047e-02  4.251833e-07  2.975951e+05  6.182372e+01
   363  1.584879e+00  1.581782e+00  2.336968e+00  2.530794e-05  1.590723e-02  4.025794e-07  3.132895e+05  6.353566e+01
   364  1.591139e+00  1.588020e+00  2.357153e+00  2.410980e-05  1.580325e-02  3.810133e-07  3.299386e+05  6.530903e+01
   365  1.597442e+00  1.594302e+00  2.377369e+00  2.296078e-05  1.569840e-02  3.604474e-07  3.476048e+05  6.714633e+01
   366  1.603790e+00  1.600627e+00  2.397614e+00  2.185950e-05  1.559256e-02  3.408456e-07  3.663541e+05  6.905012e+01
   367  1.610181e+00  1.606997e+00  2.417890e+00  2.080456e-05  1.548565e-02  3.221721e-07  3.862574e+05  7.102305e+01
   368  1.616617e+00  1.613411e+00  2.438194e+00  1.979450e-05  1.537760e-02  3.043919e-07  4.073908e+05  7.306792e+01
   369  1.623096e+00  1.619868e+00  2.458525e+00  1.882789e-05  1.526835e-02  2.874708e-07  4.298355e+05  7.518763e+01
   370  1.629620e+00  1.626370e+00  2.478883e+00  1.790329e-05  1.515787e-02  2.713757e-07  4.536784e+05  7.738518e+01
   371  1.636187e+00  1.632916e+00  2.499268e+00  1.701925e-05  1.504613e-02  2.560738e-07  4.790129e+05  7.966373e+01
   372  1.642798e+00  1.639505e+00  2.519677e+00  1.617434e-05  1.493313e-02  2.415335e-07  5.059389e+05  8.202657e+01
   373  1.649453e+00  1.646138e+00  2.540110e+00  1.536715e-05  1.481887e-02  2.277238e-07  5.345633e+05  8.447711e+01
   374  1.656151e+00  1.652815e+00  2.560567e+00  1.459628e-05  1.470336e-02  2.146143e-07  5.650014e+05  8.701896e+01
   375  1.662892e+00  1.659534e+00  2.581047e+00  1.386038e-05  1.458661e-02  2.021760e-07  5.973758e+05  8.965582e+01
   376  1.669676e+00  1.666297e+00  2.601548e+00  1.315812e-05  1.446866e-02  1.903803e-07  6.318182e+05  9.239155e+01
   377  1.676502e+00  1.673102e+00  2.622070e+00  1.248818e-05  1.434952e-02  1.791994e-07  6.684703e+05  9.523026e+01
   378  1.683371e+00  1.679950e+00  2.642612e+00  1.184930e-05  1.422923e-02  1.686064e-07  7.074839e+05  9.817619e+01
   379  1.690282e+00  1.686840e+00  2.663173e+00  1.124025e-05  1.410783e-02  1.585756e-07  7.490206e+05  1.012337e+02
   380  1.697234e+00  1.693772e+00  2.683753e+00  1.065983e-05  1.398536e-02  1.490815e-07  7.932552e+05  1.044074e+02
   381  1.704228e+00  1.700745e+00  2.704349e+00  1.010686e-05  1.386185e-02  1.400998e-07  8.403752e+05  1.077022e+02
   382  1.711264e+00  1.707760e+00  2.724962e+00  9.580212e-06  1.373736e-02  1.316068e-07  8.905807e+05  1.111230e+02
   383  1.718339e+00  1.714816e+00  2.745591e+00  9.078792e-06  1.361192e-02  1.235797e-07  9.440877e+05  1.146752e+02
   384  1.725456e+00  1.721912e+00  2.766234e+00  8.601541e-06  1.348558e-02  1.159967e-07  1.001127e+06  1.183642e+02
   385  1.732612e+00  1.729048e+00  2.786890e+00  8.147433e-06  1.335838e-02  1.088365e-07  1.061946e+06  1.221957e+02
   386  1.739808e+00  1.736225e+00  2.807560e+00  7.715469e-06  1.323039e-02  1.020787e-07  1.126812e+06  1.261757e+02
   387  1.747043e+00  1.743440e+00  2.828242e+00  7.304690e-06  1.310165e-02  9.570346e-08  1.196011e+06  1.303105e+02
   388  1.754317e+00  1.750695e+00  2.848934e+00  6.914171e-06  1.297220e-02  8.969200e-08  1.269852e+06  1.346066e+02
   389  1.761629e+00  1.757988e+00  2.869636e+00  6.543017e-06  1.284210e-02  8.402610e-08  1.348664e+06  1.390709e+02
   390  1.768979e+00  1.765320e+00  2.890347e+00  6.190371e-06  1.271141e-02  7.868834e-08  1.432803e+06  1.437104e+02
   391  1.776367e+00  1.772689e+00  2.911066e+00  5.855403e-06  1.258017e-02  7.366196e-08  1.522650e+06  1.485325e+02
   392  1.783793e+00  1.780096e+00  2.931793e+00  5.537315e-06  1.244843e-02  6.893086e-08  1.618615e+06  1.535453e+02
   393  1.791255e+00  1.787540e+00  2.952525e+00  5.235340e-06  1.231623e-02  6.447966e-08  1.721140e+06  1.587566e+02
   394  1.798754e+00  1.795020e+00  2.973262e+00  4.948737e-06  1.218363e-02  6.029357e-08  1.830701e+06  1.641753e+02
   395  1.806288e+00  1.802537e+00  2.994003e+00  4.676802e-06  1.205066e-02  5.635857e-08  1.947805e+06  1.698100e+02
   396  1.813858e+00  1.810089e+00  3.014747e+00  4.418857e-06  1.191738e-02  5.266121e-08  2.073001e+06  1.756701e+02
   397  1.821463e+00  1.817677e+00  3.035493e+00  4.174243e-06  1.178383e-02  4.918856e-08  2.206882e+06  1.817654e+02
   398  1.829103e+00  1.825300e+00  3.056239e+00  3.942335e-06  1.165004e-02  4.592835e-08  2.350081e+06  1.881061e+02
   399  1.836777e+00  1.832957e+00  3.076985e+00  3.722530e-06  1.151606e-02  4.286887e-08  2.503282e+06  1.947028e+02
   400  1.844484e+00  1.840647e+00  3.097730e+00  3.514251e-06  1.138193e-02  3.999896e-08  2.667223e+06  2.015668e+02
   401  1.852225e+00  1.848372e+00  3.118471e+00  3.316940e-06  1.124770e-02  3.730796e-08  2.842696e+06  2.087097e+02
   402  1.859998e+00  1.856129e+00  3.139210e+00  3.130066e-06  1.111342e-02  3.478575e-08  3.030558e+06  2.161437e+02
   403  1.867804e+00  1.863919e+00  3.159943e+00  2.953115e-06  1.097915e-02  3.242268e-08  3.231732e+06  2.238818e+02
   404  1.875641e+00  1.871740e+00  3.180670e+00  2.785601e-06  1.084492e-02  3.020963e-08  3.447211e+06  2.319373e+02
   405  1.883510e+00  1.879594e+00  3.201389e+00  2.627057e-06  1.071080e-02  2.813788e-08  3.678067e+06  2.403242e+02
   406  1.891410e+00  1.887478e+00  3.222100e+00  2.477035e-06  1.057682e-02  2.619915e-08  3.925459e+06  2.490575e+02
   407  1.899341e+00  1.895393e+00  3.242801e+00  2.335113e-06  1.044302e-02  2.438563e-08  4.190627e+06  2.581524e+02
   408  1.907301e+00  1.903339e+00  3.263492e+00  2.200883e-06  1.030945e-02  2.268989e-08  4.474921e+06  2.676253e+02
   409  1.915291e+00  1.911314e+00  3.284169e+00  2.073957e-06  1.017613e-02  2.110487e-08  4.779790e+06  2.774929e+02
   410  1.923310e+00  1.919319e+00  3.304833e+00  1.953966e-06  1.004311e-02  1.962390e-08  5.106800e+06  2.877734e+02
   411  1.931357e+00  1.927352e+00  3.325481e+00  1.840561e-06  9.910419e-03  1.824073e-08  5.457627e+06  2.984848e+02
   412  1.939433e+00  1.935414e+00  3.346113e+00  1.733404e-06  9.778071e-03  1.694935e-08  5.834097e+06  3.096469e+02
   413  1.947536e+00  1.943504e+00  3.366726e+00  1.632174e-06  9.646080e-03  1.574408e-08  6.238184e+06  3.212807e+02
   414  1.955667e+00  1.951621e+00  3.387321e+00  1.536564e-06  9.514501e-03  1.461964e-08  6.672003e+06  3.334071e+02
   415  1.963824e+00  1.959765e+00  3.407894e+00  1.446275e-06  9.383393e-03  1.357097e-08  7.137878e+06  3.460492e+02
   416  1.972008e+00  1.967935e+00  3.428445e+00  1.361027e-06  9.252815e-03  1.259333e-08  7.638294e+06  3.592303e+02
   417  1.980217e+00  1.976132e+00  3.448972e+00  1.280554e-06  9.122801e-03  1.168224e-08  8.175946e+06  3.729754e+02
   418  1.988452e+00  1.984354e+00  3.469473e+00  1.204613e-06  8.993319e-03  1.083347e-08  8.753717e+06  3.873107e+02
   419  1.996712e+00  1.992601e+00  3.489947e+00  1.132966e-06  8.864378e-03  1.004304e-08  9.374738e+06  4.022636e+02
   420  2.004996e+00  2.000873e+00  3.510392e+00  1.065385e-06  8.735986e-03  9.307192e-09  1.004239e+07  4.178630e+02
   421  2.013304e+00  2.009169e+00  3.530806e+00  1.001643e-06  8.608278e-03  8.622418e-09  1.076042e+07  4.341389e+02
   422  2.021635e+00  2.017489e+00  3.551188e+00  9.415137e-07  8.481427e-03  7.985380e-09  1.153291e+07  4.511235e+02
   423  2.029990e+00  2.025833e+00  3.571535e+00  8.848386e-07  8.355153e-03  7.392962e-09  1.236399e+07  4.688501e+02
   424  2.038367e+00  2.034199e+00  3.591847e+00  8.314411e-07  8.229360e-03  6.842228e-09  1.325823e+07  4.873539e+02
   425  2.046767e+00  2.042587e+00  3.612121e+00  7.811156e-07  8.104330e-03  6.330419e-09  1.422087e+07  5.066722e+02
   426  2.055188e+00  2.050998e+00  3.632356e+00  7.336942e-07  7.980085e-03  5.854942e-09  1.525742e+07  5.268439e+02
   427  2.063630e+00  2.059430e+00  3.652549e+00  6.890023e-07  7.856825e-03  5.413370e-09  1.637404e+07  5.479102e+02
   428  2.072094e+00  2.067883e+00  3.672697e+00  6.469114e-07  7.734349e-03  5.003438e-09  1.757694e+07  5.699135e+02
   429  2.080578e+00  2.076356e+00  3.692801e+00  6.072719e-07  7.612736e-03  4.623000e-09  1.887324e+07  5.928998e+02
   430  2.089082e+00  2.084851e+00  3.712856e+00  5.699629e-07  7.491806e-03  4.270051e-09  2.027030e+07  6.169170e+02
   431  2.097605e+00  2.093364e+00  3.732862e+00  5.348338e-07  7.371868e-03  3.942724e-09  2.177672e+07  6.420148e+02
   432  2.106148e+00  2.101898e+00  3.752816e+00  5.017704e-07  7.252821e-03  3.639251e-09  2.340138e+07  6.682474e+02
   433  2.114710e+00  2.110450e+00  3.772715e+00  4.706677e-07  7.134520e-03  3.357988e-09  2.515378e+07  6.956706e+02
   434  2.123290e+00  2.119021e+00  3.792558e+00  4.414059e-07  7.017130e-03  3.097403e-09  2.704470e+07  7.243433e+02
   435  2.131888e+00  2.127610e+00  3.812342e+00  4.138765e-07  6.900746e-03  2.856057e-09  2.908581e+07  7.543273e+02
   436  2.140503e+00  2.136217e+00  3.832064e+00  3.879748e-07  6.785513e-03  2.632608e-09  3.128997e+07  7.856881e+02
   437  2.149136e+00  2.144841e+00  3.851724e+00  3.636550e-07  6.670572e-03  2.425787e-09  3.366890e+07  8.184967e+02
   438  2.157786e+00  2.153483e+00  3.871316e+00  3.407474e-07  6.557426e-03  2.234426e-09  3.624105e+07  8.528258e+02
   439  2.166452e+00  2.162141e+00  3.890841e+00  3.192324e-07  6.444938e-03  2.057433e-09  3.901967e+07  8.887515e+02
   440  2.175135e+00  2.170815e+00  3.910294e+00  2.990176e-07  6.333334e-03  1.893778e-09  4.202300e+07  9.263577e+02
   441  2.183832e+00  2.179505e+00  3.929672e+00  2.800059e-07  6.223138e-03  1.742515e-09  4.527183e+07  9.657283e+02
   442  2.192545e+00  2.188211e+00  3.948974e+00  2.621711e-07  6.113387e-03  1.602753e-09  4.878364e+07  1.006955e+03
   443  2.201273e+00  2.196931e+00  3.968197e+00  2.454117e-07  6.004836e-03  1.473657e-09  5.258408e+07  1.050135e+03
   444  2.210016e+00  2.205666e+00  3.987338e+00  2.296768e-07  5.897210e-03  1.354453e-09  5.669692e+07  1.095371e+03
   445  2.218772e+00  2.214416e+00  4.006394e+00  2.149007e-07  5.790672e-03  1.244419e-09  6.115018e+07  1.142773e+03
   446  2.227542e+00  2.223179e+00  4.025361e+00  2.010303e-07  5.685177e-03  1.142893e-09  6.597305e+07  1.192451e+03
   447  2.236325e+00  2.231955e+00  4.044236e+00  1.880030e-07  5.581019e-03  1.049248e-09  7.119974e+07  1.244526e+03
   448  2.245121e+00  2.240745e+00  4.063018e+00  1.757856e-07  5.477693e-03  9.628998e-10  7.686307e+07  1.299130e+03
   449  2.253929e+00  2.249547e+00  4.081701e+00  1.643257e-07  5.375362e-03  8.833104e-10  8.300237e+07  1.356396e+03
   450  2.262751e+00  2.258362e+00  4.100285e+00  1.535667e-07  5.274409e-03  8.099738e-10  8.966355e+07  1.416471e+03
   451  2.271583e+00  2.267190e+00  4.118764e+00  1.434857e-07  5.174200e-03  7.424240e-10  9.688792e+07  1.479508e+03
   452  2.280427e+00  2.276028e+00  4.137136e+00  1.340323e-07  5.075113e-03  6.802293e-10  1.047291e+08  1.545666e+03
   453  2.289282e+00  2.284877e+00  4.155398e+00  1.251727e-07  4.976996e-03  6.229838e-10  1.132418e+08  1.615120e+03
   454  2.298148e+00  2.293738e+00  4.173546e+00  1.168610e-07  4.880279e-03  5.703142e-10  1.224921e+08  1.688053e+03
   455  2.307024e+00  2.302609e+00  4.191575e+00  1.090732e-07  4.784612e-03  5.218729e-10  1.325435e+08  1.764659e+03
   456  2.315910e+00  2.311490e+00  4.209483e+00  1.017821e-07  4.689812e-03  4.773391e-10  1.434666e+08  1.845142e+03
   457  2.324805e+00  2.320380e+00  4.227266e+00  9.495364e-08  4.596054e-03  4.364120e-10  1.553445e+08  1.929723e+03
   458  2.333710e+00  2.329280e+00  4.244922e+00  8.855553e-08  4.503525e-03  3.988121e-10  1.682705e+08  2.018641e+03
   459  2.342623e+00  2.338189e+00  4.262445e+00  8.256282e-08  4.412198e-03  3.642835e-10  1.823425e+08  2.112144e+03
   460  2.351544e+00  2.347106e+00  4.279832e+00  7.696091e-08  4.321544e-03  3.325900e-10  1.976562e+08  2.210491e+03
   461  2.360473e+00  2.356031e+00  4.297077e+00  7.170608e-08  4.232709e-03  3.035110e-10  2.143556e+08  2.313961e+03
   462  2.369409e+00  2.364964e+00  4.314179e+00  6.680463e-08  4.144033e-03  2.768406e-10  2.325315e+08  2.422860e+03
   463  2.378352e+00  2.373903e+00  4.331132e+00  6.220319e-08  4.057489e-03  2.523887e-10  2.523822e+08  2.537513e+03
   464  2.387302e+00  2.382850e+00  4.347934e+00  5.791045e-08  3.971331e-03  2.299815e-10  2.740155e+08  2.658256e+03
   465  2.396257e+00  2.391803e+00  4.364577e+00  5.389559e-08  3.886361e-03  2.094578e-10  2.976289e+08  2.785448e+03
   466  2.405220e+00  2.400762e+00  4.381063e+00  5.014035e-08  3.802640e-03  1.906657e-10  3.234223e+08  2.919490e+03
   467  2.414187e+00  2.409726e+00  4.397382e+00  4.662899e-08  3.720152e-03  1.734669e-10  3.516120e+08  3.060800e+03
   468  2.423157e+00  2.418695e+00  4.413531e+00  4.335235e-08  3.638458e-03  1.577357e-10  3.824095e+08  3.209802e+03
   469  2.432134e+00  2.427669e+00  4.429508e+00  4.028797e-08  3.558191e-03  1.433523e-10  4.161118e+08  3.366983e+03
   470  2.441114e+00  2.436647e+00  4.445308e+00  3.742936e-08  3.478733e-03  1.302068e-10  4.529779e+08  3.532861e+03
   471  2.450095e+00  2.445628e+00  4.460922e+00  3.475996e-08  3.400469e-03  1.182002e-10  4.933456e+08  3.707953e+03
   472  2.459081e+00  2.454611e+00  4.476353e+00  3.227049e-08  3.323109e-03  1.072383e-10  5.375541e+08  3.892855e+03
   473  2.468067e+00  2.463597e+00  4.491590e+00  2.994366e-08  3.247276e-03  9.723533e-11  5.860511e+08  4.088191e+03
   474  2.477055e+00  2.472584e+00  4.506634e+00  2.778043e-08  3.171735e-03  8.811217e-11  6.391643e+08  4.294626e+03
   475  2.486043e+00  2.481572e+00  4.521475e+00  2.575443e-08  3.098334e-03  7.979581e-11  6.975639e+08  4.512874e+03
   476  2.495031e+00  2.490561e+00  4.536111e+00  2.387076e-08  3.025448e-03  7.221974e-11  7.616210e+08  4.743679e+03
   477  2.504019e+00  2.499548e+00  4.550538e+00  2.211407e-08  2.953838e-03  6.532139e-11  8.320280e+08  4.987875e+03
   478  2.513005e+00  2.508535e+00  4.564753e+00  2.048104e-08  2.882832e-03  5.904341e-11  9.093650e+08  5.246353e+03
   479  2.521987e+00  2.517519e+00  4.578744e+00  1.895473e-08  2.813761e-03  5.333408e-11  9.945778e+08  5.520023e+03
   480  2.530967e+00  2.526500e+00  4.592517e+00  1.753961e-08  2.744910e-03  4.814464e-11  1.088219e+09  5.809909e+03
   481  2.539944e+00  2.535479e+00  4.606062e+00  1.621777e-08  2.677920e-03  4.342990e-11  1.191544e+09  6.117146e+03
   482  2.548912e+00  2.544451e+00  4.619369e+00  1.499054e-08  2.611686e-03  3.915059e-11  1.305335e+09  6.442792e+03
   483  2.557876e+00  2.553417e+00  4.632443e+00  1.385004e-08  2.546457e-03  3.526853e-11  1.430806e+09  6.788121e+03
   484  2.566831e+00  2.562377e+00  4.645273e+00  1.278740e-08  2.482828e-03  3.174892e-11  1.569439e+09  7.154491e+03
   485  2.575778e+00  2.571327e+00  4.657858e+00  1.180358e-08  2.419632e-03  2.856032e-11  1.722311e+09  7.543307e+03
   486  2.584714e+00  2.580269e+00  4.670191e+00  1.088689e-08  2.358201e-03  2.567348e-11  1.891497e+09  7.956113e+03
   487  2.593638e+00  2.589199e+00  4.682273e+00  1.004067e-08  2.296810e-03  2.306151e-11  2.078140e+09  8.394588e+03
   488  2.602548e+00  2.598116e+00  4.694093e+00  9.250140e-09  2.237814e-03  2.070009e-11  2.285281e+09  8.860477e+03
   489  2.611442e+00  2.607018e+00  4.705648e+00  8.519627e-09  2.179361e-03  1.856734e-11  2.514287e+09  9.355529e+03
   490  2.620318e+00  2.615903e+00  4.716936e+00  7.842983e-09  2.121942e-03  1.664236e-11  2.767910e+09  9.881795e+03
   491  2.629175e+00  2.624769e+00  4.727955e+00  7.215979e-09  2.065693e-03  1.490600e-11  3.049101e+09  1.044150e+04
   492  2.638010e+00  2.633615e+00  4.738698e+00  6.635876e-09  2.010451e-03  1.334110e-11  3.360895e+09  1.103691e+04
   493  2.646821e+00  2.642437e+00  4.749160e+00  6.096776e-09  1.957124e-03  1.193214e-11  3.707581e+09  1.167035e+04
   494  2.655602e+00  2.651233e+00  4.759340e+00  5.601065e-09  1.904056e-03  1.066474e-11  4.091566e+09  1.234435e+04
   495  2.664352e+00  2.659999e+00  4.769233e+00  5.141216e-09  1.852803e-03  9.525662e-12  4.518762e+09  1.306158e+04
   496  2.673066e+00  2.668731e+00  4.778833e+00  4.716672e-09  1.802756e-03  8.503009e-12  4.993394e+09  1.382474e+04
   497  2.681747e+00  2.677428e+00  4.788149e+00  4.327184e-09  1.752941e-03  7.585297e-12  5.519643e+09  1.463716e+04
   498  2.690382e+00  2.686086e+00  4.797166e+00  3.965510e-09  1.705352e-03  6.762588e-12  6.106523e+09  1.550197e+04
   499  2.698970e+00  2.694697e+00  4.805881e+00  3.631568e-09  1.659423e-03  6.026306e-12  6.759699e+09  1.642168e+04
