     i         log_r      log_rmid             m           rho            v2             p        trelax            kn
     0  -3.062376e+00  -3.363406e+00  4.936543e-05  2.278617e+05  1.680231e+00  3.828603e+05  3.385666e-06  6.515130e-05
     1  -3.056163e+00  -3.059258e+00  5.153900e-05  2.288108e+05  1.673262e+00  3.828603e+05  3.378637e-06  6.515130e-05
     2  -3.049954e+00  -3.053047e+00  5.380601e-05  2.287238e+05  1.673060e+00  3.826685e+05  3.380127e-06  6.516763e-05
     3  -3.043736e+00  -3.046834e+00  5.617461e-05  2.286342e+05  1.672851e+00  3.824709e+05  3.381662e-06  6.518445e-05
     4  -3.037518e+00  -3.040616e+00  5.864622e-05  2.285420e+05  1.672636e+00  3.822676e+05  3.383243e-06  6.520179e-05
     5  -3.031306e+00  -3.034401e+00  6.122269e-05  2.284471e+05  1.672416e+00  3.820586e+05  3.384871e-06  6.521962e-05
     6  -3.025082e+00  -3.028183e+00  6.391625e-05  2.283495e+05  1.672188e+00  3.818434e+05  3.386549e-06  6.523800e-05
     7  -3.018856e+00  -3.021958e+00  6.672776e-05  2.282490e+05  1.671954e+00  3.816218e+05  3.388278e-06  6.525693e-05
     8  -3.012623e+00  -3.015729e+00  6.966511e-05  2.281455e+05  1.671713e+00  3.813937e+05  3.390059e-06  6.527645e-05
     9  -3.006399e+00  -3.009500e+00  7.272580e-05  2.280390e+05  1.671465e+00  3.811591e+05  3.391894e-06  6.529653e-05
    10  -3.000167e+00  -3.003272e+00  7.592335e-05  2.279295e+05  1.671209e+00  3.809178e+05  3.393784e-06  6.531721e-05
    11  -2.993937e+00  -2.997041e+00  7.925890e-05  2.278167e+05  1.670946e+00  3.806695e+05  3.395730e-06  6.533851e-05
    12  -2.987703e+00  -2.990809e+00  8.274157e-05  2.277007e+05  1.670676e+00  3.804140e+05  3.397735e-06  6.536045e-05
    13  -2.981472e+00  -2.984577e+00  8.637379e-05  2.275814e+05  1.670397e+00  3.801513e+05  3.399800e-06  6.538303e-05
    14  -2.975241e+00  -2.978345e+00  9.016405e-05  2.274587e+05  1.670110e+00  3.798811e+05  3.401927e-06  6.540628e-05
    15  -2.968998e+00  -2.972108e+00  9.412640e-05  2.273323e+05  1.669815e+00  3.796029e+05  3.404118e-06  6.543023e-05
    16  -2.962759e+00  -2.965867e+00  9.825814e-05  2.272022e+05  1.669511e+00  3.793167e+05  3.406377e-06  6.545492e-05
    17  -2.956512e+00  -2.959624e+00  1.025750e-04  2.270684e+05  1.669199e+00  3.790223e+05  3.408704e-06  6.548034e-05
    18  -2.950273e+00  -2.953381e+00  1.070736e-04  2.269307e+05  1.668877e+00  3.787194e+05  3.411101e-06  6.550651e-05
    19  -2.944029e+00  -2.947139e+00  1.117716e-04  2.267892e+05  1.668546e+00  3.784081e+05  3.413569e-06  6.553345e-05
    20  -2.937783e+00  -2.940895e+00  1.166741e-04  2.266435e+05  1.668205e+00  3.780878e+05  3.416112e-06  6.556121e-05
    21  -2.931537e+00  -2.934649e+00  1.217905e-04  2.264936e+05  1.667854e+00  3.777584e+05  3.418731e-06  6.558979e-05
    22  -2.925288e+00  -2.928401e+00  1.271309e-04  2.263395e+05  1.667493e+00  3.774195e+05  3.421430e-06  6.561922e-05
    23  -2.919042e+00  -2.922154e+00  1.327005e-04  2.261809e+05  1.667122e+00  3.770711e+05  3.424210e-06  6.564953e-05
    24  -2.912791e+00  -2.915905e+00  1.385159e-04  2.260178e+05  1.666740e+00  3.767129e+05  3.427074e-06  6.568074e-05
    25  -2.906539e+00  -2.909654e+00  1.445845e-04  2.258500e+05  1.666346e+00  3.763443e+05  3.430025e-06  6.571289e-05
    26  -2.900288e+00  -2.903402e+00  1.509149e-04  2.256774e+05  1.665942e+00  3.759654e+05  3.433064e-06  6.574599e-05
    27  -2.894029e+00  -2.897147e+00  1.575290e-04  2.254999e+05  1.665525e+00  3.755757e+05  3.436197e-06  6.578010e-05
    28  -2.887774e+00  -2.890890e+00  1.644237e-04  2.253172e+05  1.665096e+00  3.751749e+05  3.439426e-06  6.581523e-05
    29  -2.881519e+00  -2.884636e+00  1.716176e-04  2.251295e+05  1.664655e+00  3.747630e+05  3.442750e-06  6.585138e-05
    30  -2.875263e+00  -2.878380e+00  1.791246e-04  2.249364e+05  1.664202e+00  3.743395e+05  3.446175e-06  6.588862e-05
    31  -2.869002e+00  -2.872121e+00  1.869613e-04  2.247378e+05  1.663735e+00  3.739041e+05  3.449704e-06  6.592698e-05
    32  -2.862741e+00  -2.865860e+00  1.951388e-04  2.245335e+05  1.663254e+00  3.734562e+05  3.453342e-06  6.596649e-05
    33  -2.856481e+00  -2.859599e+00  2.036668e-04  2.243234e+05  1.662760e+00  3.729960e+05  3.457089e-06  6.600718e-05
    34  -2.850218e+00  -2.853338e+00  2.125676e-04  2.241075e+05  1.662251e+00  3.725229e+05  3.460950e-06  6.604908e-05
    35  -2.843953e+00  -2.847074e+00  2.218557e-04  2.238853e+05  1.661728e+00  3.720365e+05  3.464930e-06  6.609225e-05
    36  -2.837689e+00  -2.840810e+00  2.315430e-04  2.236569e+05  1.661189e+00  3.715365e+05  3.469030e-06  6.613670e-05
    37  -2.831423e+00  -2.834545e+00  2.416522e-04  2.234221e+05  1.660635e+00  3.710227e+05  3.473255e-06  6.618248e-05
    38  -2.825155e+00  -2.828278e+00  2.522004e-04  2.231807e+05  1.660066e+00  3.704945e+05  3.477610e-06  6.622964e-05
    39  -2.818884e+00  -2.822008e+00  2.632088e-04  2.229323e+05  1.659479e+00  3.699515e+05  3.482099e-06  6.627822e-05
    40  -2.812615e+00  -2.815738e+00  2.746873e-04  2.226771e+05  1.658876e+00  3.693936e+05  3.486724e-06  6.632826e-05
    41  -2.806343e+00  -2.809467e+00  2.866651e-04  2.224147e+05  1.658255e+00  3.688202e+05  3.491491e-06  6.637979e-05
    42  -2.800071e+00  -2.803195e+00  2.991578e-04  2.221449e+05  1.657617e+00  3.682311e+05  3.496404e-06  6.643287e-05
    43  -2.793798e+00  -2.796923e+00  3.121906e-04  2.218676e+05  1.656960e+00  3.676258e+05  3.501467e-06  6.648754e-05
    44  -2.787521e+00  -2.790648e+00  3.257907e-04  2.215825e+05  1.656284e+00  3.670037e+05  3.506687e-06  6.654387e-05
    45  -2.781244e+00  -2.784371e+00  3.399746e-04  2.212894e+05  1.655589e+00  3.663644e+05  3.512069e-06  6.660190e-05
    46  -2.774965e+00  -2.778093e+00  3.547724e-04  2.209882e+05  1.654874e+00  3.657077e+05  3.517616e-06  6.666167e-05
    47  -2.768686e+00  -2.771814e+00  3.702053e-04  2.206786e+05  1.654139e+00  3.650330e+05  3.523334e-06  6.672325e-05
    48  -2.762406e+00  -2.765535e+00  3.863001e-04  2.203604e+05  1.653382e+00  3.643400e+05  3.529228e-06  6.678667e-05
    49  -2.756122e+00  -2.759253e+00  4.030957e-04  2.200334e+05  1.652604e+00  3.636281e+05  3.535306e-06  6.685202e-05
    50  -2.749837e+00  -2.752968e+00  4.206106e-04  2.196972e+05  1.651804e+00  3.628967e+05  3.541573e-06  6.691936e-05
    51  -2.743551e+00  -2.746683e+00  4.388801e-04  2.193518e+05  1.650980e+00  3.621455e+05  3.548035e-06  6.698873e-05
    52  -2.737263e+00  -2.740396e+00  4.579325e-04  2.189968e+05  1.650133e+00  3.613739e+05  3.554698e-06  6.706020e-05
    53  -2.730971e+00  -2.734105e+00  4.778138e-04  2.186320e+05  1.649262e+00  3.605814e+05  3.561570e-06  6.713386e-05
    54  -2.724680e+00  -2.727814e+00  4.985347e-04  2.182571e+05  1.648366e+00  3.597676e+05  3.568657e-06  6.720974e-05
    55  -2.718387e+00  -2.721522e+00  5.201481e-04  2.178720e+05  1.647445e+00  3.589321e+05  3.575964e-06  6.728792e-05
    56  -2.712092e+00  -2.715228e+00  5.426885e-04  2.174763e+05  1.646497e+00  3.580741e+05  3.583501e-06  6.736849e-05
    57  -2.705794e+00  -2.708931e+00  5.661971e-04  2.170698e+05  1.645522e+00  3.571931e+05  3.591276e-06  6.745152e-05
    58  -2.699495e+00  -2.702633e+00  5.907064e-04  2.166521e+05  1.644519e+00  3.562886e+05  3.599296e-06  6.753708e-05
    59  -2.693193e+00  -2.696333e+00  6.162668e-04  2.162231e+05  1.643488e+00  3.553602e+05  3.607568e-06  6.762525e-05
    60  -2.686890e+00  -2.690030e+00  6.429189e-04  2.157824e+05  1.642428e+00  3.544070e+05  3.616103e-06  6.771612e-05
    61  -2.680584e+00  -2.683725e+00  6.707104e-04  2.153297e+05  1.641338e+00  3.534287e+05  3.624910e-06  6.780979e-05
    62  -2.674275e+00  -2.677418e+00  6.996861e-04  2.148647e+05  1.640216e+00  3.524245e+05  3.633996e-06  6.790632e-05
    63  -2.667965e+00  -2.671109e+00  7.298974e-04  2.143871e+05  1.639063e+00  3.513940e+05  3.643372e-06  6.800583e-05
    64  -2.661651e+00  -2.664796e+00  7.613962e-04  2.138966e+05  1.637877e+00  3.503364e+05  3.653048e-06  6.810840e-05
    65  -2.655336e+00  -2.658482e+00  7.942322e-04  2.133929e+05  1.636658e+00  3.492512e+05  3.663035e-06  6.821413e-05
    66  -2.649016e+00  -2.652165e+00  8.284723e-04  2.128757e+05  1.635404e+00  3.481377e+05  3.673343e-06  6.832313e-05
    67  -2.642694e+00  -2.645844e+00  8.641640e-04  2.123445e+05  1.634114e+00  3.469952e+05  3.683984e-06  6.843552e-05
    68  -2.636370e+00  -2.639521e+00  9.013664e-04  2.117992e+05  1.632788e+00  3.458232e+05  3.694969e-06  6.855138e-05
    69  -2.630043e+00  -2.633195e+00  9.401486e-04  2.112393e+05  1.631425e+00  3.446211e+05  3.706309e-06  6.867083e-05
    70  -2.623712e+00  -2.626866e+00  9.805784e-04  2.106645e+05  1.630023e+00  3.433880e+05  3.718020e-06  6.879402e-05
    71  -2.617377e+00  -2.620533e+00  1.022722e-03  2.100744e+05  1.628581e+00  3.421232e+05  3.730114e-06  6.892106e-05
    72  -2.611039e+00  -2.614196e+00  1.066645e-03  2.094686e+05  1.627099e+00  3.408262e+05  3.742605e-06  6.905208e-05
    73  -2.604698e+00  -2.607857e+00  1.112418e-03  2.088469e+05  1.625576e+00  3.394964e+05  3.755505e-06  6.918718e-05
    74  -2.598353e+00  -2.601514e+00  1.160127e-03  2.082088e+05  1.624009e+00  3.381330e+05  3.768831e-06  6.932653e-05
    75  -2.592005e+00  -2.595167e+00  1.209843e-03  2.075540e+05  1.622398e+00  3.367353e+05  3.782598e-06  6.947027e-05
    76  -2.585652e+00  -2.588817e+00  1.261660e-03  2.068820e+05  1.620743e+00  3.353024e+05  3.796823e-06  6.961854e-05
    77  -2.579296e+00  -2.582462e+00  1.315650e-03  2.061924e+05  1.619040e+00  3.338338e+05  3.811522e-06  6.977150e-05
    78  -2.572935e+00  -2.576103e+00  1.371910e-03  2.054849e+05  1.617290e+00  3.323288e+05  3.826714e-06  6.992931e-05
    79  -2.566569e+00  -2.569740e+00  1.430537e-03  2.047591e+05  1.615491e+00  3.307865e+05  3.842417e-06  7.009215e-05
    80  -2.560199e+00  -2.563372e+00  1.491613e-03  2.040144e+05  1.613642e+00  3.292063e+05  3.858651e-06  7.026017e-05
    81  -2.553824e+00  -2.557000e+00  1.555254e-03  2.032506e+05  1.611741e+00  3.275874e+05  3.875435e-06  7.043357e-05
    82  -2.547444e+00  -2.550622e+00  1.621555e-03  2.024672e+05  1.609787e+00  3.259290e+05  3.892792e-06  7.061253e-05
    83  -2.541059e+00  -2.544240e+00  1.690622e-03  2.016637e+05  1.607778e+00  3.242305e+05  3.910742e-06  7.079724e-05
    84  -2.534669e+00  -2.537852e+00  1.762572e-03  2.008398e+05  1.605714e+00  3.224911e+05  3.929310e-06  7.098791e-05
    85  -2.528273e+00  -2.531459e+00  1.837521e-03  1.999949e+05  1.603591e+00  3.207100e+05  3.948520e-06  7.118475e-05
    86  -2.521871e+00  -2.525060e+00  1.915590e-03  1.991286e+05  1.601410e+00  3.188865e+05  3.968397e-06  7.138799e-05
    87  -2.515463e+00  -2.518655e+00  1.996900e-03  1.982405e+05  1.599168e+00  3.170199e+05  3.988968e-06  7.159785e-05
    88  -2.509049e+00  -2.512244e+00  2.081586e-03  1.973301e+05  1.596864e+00  3.151094e+05  4.010261e-06  7.181457e-05
    89  -2.502628e+00  -2.505827e+00  2.169788e-03  1.963970e+05  1.594496e+00  3.131542e+05  4.032306e-06  7.203842e-05
    90  -2.496200e+00  -2.499402e+00  2.261641e-03  1.954406e+05  1.592062e+00  3.111535e+05  4.055135e-06  7.226964e-05
    91  -2.489765e+00  -2.492971e+00  2.357288e-03  1.944605e+05  1.589561e+00  3.091067e+05  4.078778e-06  7.250852e-05
    92  -2.483324e+00  -2.486533e+00  2.456877e-03  1.934563e+05  1.586990e+00  3.070132e+05  4.103269e-06  7.275531e-05
    93  -2.476873e+00  -2.480086e+00  2.560586e-03  1.924274e+05  1.584348e+00  3.048721e+05  4.128646e-06  7.301035e-05
    94  -2.470416e+00  -2.473632e+00  2.668544e-03  1.913734e+05  1.581634e+00  3.026827e+05  4.154946e-06  7.327393e-05
    95  -2.463950e+00  -2.467171e+00  2.780947e-03  1.902939e+05  1.578844e+00  3.004444e+05  4.182207e-06  7.354636e-05
    96  -2.457475e+00  -2.460700e+00  2.897949e-03  1.891882e+05  1.575978e+00  2.981565e+05  4.210472e-06  7.382800e-05
    97  -2.450992e+00  -2.454221e+00  3.019750e-03  1.880561e+05  1.573033e+00  2.958184e+05  4.239784e-06  7.411919e-05
    98  -2.444499e+00  -2.447733e+00  3.146529e-03  1.868968e+05  1.570007e+00  2.934292e+05  4.270192e-06  7.442033e-05
    99  -2.437997e+00  -2.441236e+00  3.278481e-03  1.857100e+05  1.566897e+00  2.909885e+05  4.301742e-06  7.473178e-05
   100  -2.431484e+00  -2.434728e+00  3.415810e-03  1.844952e+05  1.563702e+00  2.884956e+05  4.334488e-06  7.505396e-05
   101  -2.424961e+00  -2.428210e+00  3.558731e-03  1.832519e+05  1.560420e+00  2.859499e+05  4.368485e-06  7.538732e-05
   102  -2.418427e+00  -2.421682e+00  3.707443e-03  1.819796e+05  1.557048e+00  2.833508e+05  4.403788e-06  7.573228e-05
   103  -2.411882e+00  -2.415142e+00  3.862193e-03  1.806778e+05  1.553583e+00  2.806979e+05  4.440461e-06  7.608932e-05
   104  -2.405325e+00  -2.408591e+00  4.023197e-03  1.793460e+05  1.550023e+00  2.779905e+05  4.478568e-06  7.645894e-05
   105  -2.398756e+00  -2.402028e+00  4.190697e-03  1.779839e+05  1.546367e+00  2.752284e+05  4.518175e-06  7.684165e-05
   106  -2.392174e+00  -2.395452e+00  4.364955e-03  1.765908e+05  1.542610e+00  2.724108e+05  4.559359e-06  7.723801e-05
   107  -2.385579e+00  -2.388864e+00  4.546218e-03  1.751664e+05  1.538752e+00  2.695376e+05  4.602194e-06  7.764860e-05
   108  -2.378970e+00  -2.382262e+00  4.734748e-03  1.737102e+05  1.534788e+00  2.666083e+05  4.646763e-06  7.807400e-05
   109  -2.372346e+00  -2.375645e+00  4.930837e-03  1.722218e+05  1.530716e+00  2.636226e+05  4.693153e-06  7.851488e-05
   110  -2.365708e+00  -2.369014e+00  5.134764e-03  1.707006e+05  1.526533e+00  2.605802e+05  4.741457e-06  7.897190e-05
   111  -2.359054e+00  -2.362368e+00  5.346829e-03  1.691463e+05  1.522237e+00  2.574808e+05  4.791774e-06  7.944578e-05
   112  -2.352383e+00  -2.355706e+00  5.567324e-03  1.675584e+05  1.517825e+00  2.543244e+05  4.844209e-06  7.993726e-05
   113  -2.345696e+00  -2.349027e+00  5.796581e-03  1.659367e+05  1.513293e+00  2.511108e+05  4.898872e-06  8.044713e-05
   114  -2.338992e+00  -2.342331e+00  6.034915e-03  1.642806e+05  1.508638e+00  2.478400e+05  4.955885e-06  8.097624e-05
   115  -2.332268e+00  -2.335617e+00  6.282676e-03  1.625898e+05  1.503857e+00  2.445119e+05  5.015374e-06  8.152546e-05
   116  -2.325526e+00  -2.328884e+00  6.540210e-03  1.608639e+05  1.498947e+00  2.411266e+05  5.077479e-06  8.209576e-05
   117  -2.318764e+00  -2.322132e+00  6.807874e-03  1.591027e+05  1.493905e+00  2.376842e+05  5.142343e-06  8.268811e-05
   118  -2.311981e+00  -2.315359e+00  7.086044e-03  1.573057e+05  1.488726e+00  2.341851e+05  5.210125e-06  8.330357e-05
   119  -2.305176e+00  -2.308565e+00  7.375103e-03  1.554727e+05  1.483408e+00  2.306295e+05  5.280992e-06  8.394327e-05
   120  -2.298348e+00  -2.301749e+00  7.675455e-03  1.536034e+05  1.477947e+00  2.270177e+05  5.355126e-06  8.460839e-05
   121  -2.291497e+00  -2.294909e+00  7.987504e-03  1.516976e+05  1.472338e+00  2.233502e+05  5.432721e-06  8.530021e-05
   122  -2.284622e+00  -2.288046e+00  8.311671e-03  1.497551e+05  1.466579e+00  2.196277e+05  5.513986e-06  8.602006e-05
   123  -2.277720e+00  -2.281157e+00  8.648426e-03  1.477756e+05  1.460664e+00  2.158506e+05  5.599148e-06  8.676941e-05
   124  -2.270792e+00  -2.274242e+00  8.998165e-03  1.457591e+05  1.454591e+00  2.120198e+05  5.688450e-06  8.754977e-05
   125  -2.263835e+00  -2.267300e+00  9.361386e-03  1.437054e+05  1.448355e+00  2.081364e+05  5.782152e-06  8.836275e-05
   126  -2.256850e+00  -2.260329e+00  9.738557e-03  1.416144e+05  1.441952e+00  2.042012e+05  5.880539e-06  8.921013e-05
   127  -2.249833e+00  -2.253328e+00  1.013019e-02  1.394862e+05  1.435376e+00  2.002152e+05  5.983922e-06  9.009377e-05
   128  -2.242785e+00  -2.246295e+00  1.053678e-02  1.373206e+05  1.428625e+00  1.961796e+05  6.092635e-06  9.101570e-05
   129  -2.235703e+00  -2.239230e+00  1.095886e-02  1.351178e+05  1.421692e+00  1.920959e+05  6.207042e-06  9.197805e-05
   130  -2.228586e+00  -2.232130e+00  1.139696e-02  1.328778e+05  1.414574e+00  1.879655e+05  6.327536e-06  9.298313e-05
   131  -2.221432e+00  -2.224995e+00  1.185164e-02  1.306009e+05  1.407265e+00  1.837901e+05  6.454548e-06  9.403342e-05
   132  -2.214240e+00  -2.217821e+00  1.232348e-02  1.282873e+05  1.399759e+00  1.795713e+05  6.588549e-06  9.513160e-05
   133  -2.207008e+00  -2.210609e+00  1.281308e-02  1.259370e+05  1.392053e+00  1.753110e+05  6.730056e-06  9.628057e-05
   134  -2.199733e+00  -2.203355e+00  1.332102e-02  1.235506e+05  1.384140e+00  1.710114e+05  6.879629e-06  9.748342e-05
   135  -2.192414e+00  -2.196058e+00  1.384795e-02  1.211285e+05  1.376015e+00  1.666746e+05  7.037886e-06  9.874351e-05
   136  -2.185048e+00  -2.188715e+00  1.439450e-02  1.186710e+05  1.367672e+00  1.623029e+05  7.205508e-06  1.000645e-04
   137  -2.177633e+00  -2.181325e+00  1.496132e-02  1.161787e+05  1.359104e+00  1.578989e+05  7.383243e-06  1.014504e-04
   138  -2.170168e+00  -2.173884e+00  1.554911e-02  1.136522e+05  1.350307e+00  1.534654e+05  7.571916e-06  1.029054e-04
   139  -2.162648e+00  -2.166391e+00  1.615855e-02  1.110923e+05  1.341272e+00  1.490051e+05  7.772440e-06  1.044342e-04
   140  -2.155071e+00  -2.158843e+00  1.679038e-02  1.084998e+05  1.331995e+00  1.445211e+05  7.985829e-06  1.060419e-04
   141  -2.147435e+00  -2.151236e+00  1.744530e-02  1.058754e+05  1.322467e+00  1.400166e+05  8.213206e-06  1.077342e-04
   142  -2.139735e+00  -2.143568e+00  1.812408e-02  1.032202e+05  1.312681e+00  1.354952e+05  8.455822e-06  1.095170e-04
   143  -2.131969e+00  -2.135835e+00  1.882751e-02  1.005352e+05  1.302631e+00  1.309602e+05  8.715077e-06  1.113970e-04
   144  -2.124133e+00  -2.128034e+00  1.955637e-02  9.782165e+04  1.292307e+00  1.264156e+05  8.992535e-06  1.133817e-04
   145  -2.116224e+00  -2.120161e+00  2.031146e-02  9.508082e+04  1.281703e+00  1.218654e+05  9.289950e-06  1.154790e-04
   146  -2.108235e+00  -2.112211e+00  2.109364e-02  9.231410e+04  1.270810e+00  1.173137e+05  9.609299e-06  1.176980e-04
   147  -2.100164e+00  -2.104181e+00  2.190376e-02  8.952303e+04  1.259618e+00  1.127648e+05  9.952813e-06  1.200484e-04
   148  -2.092005e+00  -2.096065e+00  2.274267e-02  8.670927e+04  1.248119e+00  1.082235e+05  1.032301e-05  1.225413e-04
   149  -2.083753e+00  -2.087859e+00  2.361129e-02  8.387462e+04  1.236302e+00  1.036944e+05  1.072277e-05  1.251888e-04
   150  -2.075402e+00  -2.079557e+00  2.451054e-02  8.102100e+04  1.224159e+00  9.918255e+04  1.115536e-05  1.280046e-04
   151  -2.066946e+00  -2.071153e+00  2.544136e-02  7.815047e+04  1.211676e+00  9.469308e+04  1.162452e-05  1.310039e-04
   152  -2.058378e+00  -2.062641e+00  2.640469e-02  7.526530e+04  1.198845e+00  9.023141e+04  1.213455e-05  1.342037e-04
   153  -2.049690e+00  -2.054012e+00  2.740152e-02  7.236788e+04  1.185651e+00  8.580308e+04  1.269041e-05  1.376233e-04
   154  -2.040875e+00  -2.045260e+00  2.843287e-02  6.946076e+04  1.172084e+00  8.141382e+04  1.329784e-05  1.412844e-04
   155  -2.031923e+00  -2.036376e+00  2.949974e-02  6.654671e+04  1.158128e+00  7.706962e+04  1.396353e-05  1.452117e-04
   156  -2.022826e+00  -2.027351e+00  3.060319e-02  6.362864e+04  1.143770e+00  7.277654e+04  1.469528e-05  1.494334e-04
   157  -2.013571e+00  -2.018174e+00  3.174428e-02  6.070967e+04  1.128994e+00  6.854088e+04  1.550230e-05  1.539815e-04
   158  -2.004147e+00  -2.008833e+00  3.292412e-02  5.779314e+04  1.113784e+00  6.436908e+04  1.639545e-05  1.588929e-04
   159  -1.994541e+00  -1.999317e+00  3.414379e-02  5.488256e+04  1.098122e+00  6.026772e+04  1.738763e-05  1.642105e-04
   160  -1.984738e+00  -1.989612e+00  3.540444e-02  5.198172e+04  1.081988e+00  5.624357e+04  1.849432e-05  1.699835e-04
   161  -1.974721e+00  -1.979701e+00  3.670722e-02  4.909458e+04  1.065361e+00  5.230345e+04  1.973413e-05  1.762699e-04
   162  -1.964472e+00  -1.969566e+00  3.805332e-02  4.622539e+04  1.048219e+00  4.845433e+04  2.112970e-05  1.831374e-04
   163  -1.953970e+00  -1.959189e+00  3.944390e-02  4.337864e+04  1.030537e+00  4.470330e+04  2.270870e-05  1.906661e-04
   164  -1.943191e+00  -1.948547e+00  4.088021e-02  4.055908e+04  1.012288e+00  4.105746e+04  2.450529e-05  1.989515e-04
   165  -1.932107e+00  -1.937614e+00  4.236348e-02  3.777175e+04  9.934402e-01  3.752398e+04  2.656207e-05  2.081080e-04
   166  -1.920688e+00  -1.926360e+00  4.389496e-02  3.502199e+04  9.739610e-01  3.411005e+04  2.893266e-05  2.182740e-04
   167  -1.908897e+00  -1.914753e+00  4.547592e-02  3.231543e+04  9.538126e-01  3.082287e+04  3.168535e-05  2.296184e-04
   168  -1.896692e+00  -1.902752e+00  4.710768e-02  2.965806e+04  9.329524e-01  2.766956e+04  3.490821e-05  2.423495e-04
   169  -1.884022e+00  -1.890311e+00  4.879156e-02  2.705617e+04  9.113319e-01  2.465715e+04  3.871644e-05  2.567272e-04
   170  -1.870830e+00  -1.877376e+00  5.052886e-02  2.451648e+04  8.888962e-01  2.179261e+04  4.326297e-05  2.730792e-04
   171  -1.857043e+00  -1.863882e+00  5.232095e-02  2.204612e+04  8.655815e-01  1.908271e+04  4.875440e-05  2.918255e-04
   172  -1.842576e+00  -1.849749e+00  5.416922e-02  1.965256e+04  8.413133e-01  1.653396e+04  5.547559e-05  3.135125e-04
   173  -1.827323e+00  -1.834882e+00  5.607503e-02  1.734381e+04  8.160037e-01  1.415261e+04  6.382774e-05  3.388636e-04
   174  -1.811150e+00  -1.819161e+00  5.803982e-02  1.512833e+04  7.895474e-01  1.194454e+04  7.439090e-05  3.688575e-04
   175  -1.793887e+00  -1.802433e+00  6.006498e-02  1.301517e+04  7.618164e-01  9.915171e+03  8.802884e-05  4.048491e-04
   176  -1.775315e+00  -1.784502e+00  6.215198e-02  1.101398e+04  7.326529e-01  8.069424e+03  1.060734e-04  4.487681e-04
   177  -1.755137e+00  -1.765109e+00  6.430225e-02  9.135107e+03  7.018568e-01  6.411537e+03  1.306658e-04  5.034568e-04
   178  -1.732943e+00  -1.743898e+00  6.651726e-02  7.389708e+03  6.691694e-01  4.944967e+03  1.654263e-04  5.732731e-04
   179  -1.708146e+00  -1.720368e+00  6.879851e-02  5.789866e+03  6.342440e-01  3.672188e+03  2.168719e-04  6.652438e-04
   180  -1.679858e+00  -1.693772e+00  7.114747e-02  4.348814e+03  5.965977e-01  2.594493e+03  2.977065e-04  7.914383e-04
   181  -1.646642e+00  -1.662933e+00  7.356565e-02  3.081210e+03  5.555203e-01  1.711674e+03  4.354405e-04  9.743897e-04
   182  -1.605954e+00  -1.625822e+00  7.605458e-02  2.003534e+03  5.098829e-01  1.021568e+03  6.989853e-04  1.261275e-03
   183  -1.552648e+00  -1.578484e+00  7.861579e-02  1.134762e+03  4.576709e-01  5.193477e+02  1.302622e-03  1.768944e-03
   184  -1.473886e+00  -1.511484e+00  8.125079e-02  4.974036e+02  3.945003e-01  1.962259e+02  3.200865e-03  2.877830e-03
   185  -1.324556e+00  -1.392834e+00  8.396115e-02  1.189154e+02  3.066874e-01  3.646986e+01  1.518497e-02  6.675384e-03
   186  -9.420704e-01  -1.092500e+00  8.674840e-02  6.033807e+00  1.615929e-01  9.750202e-01  4.122850e-01  4.082597e-02
   187  -2.582632e-01  -4.775478e-01  8.961413e-02  5.164421e-02  5.721160e-02  2.954648e-03  8.095363e+01  7.416353e-01
   188  3.112646e-01  1.138490e-01  9.255987e-02  1.049790e-03  4.606852e-02  4.836227e-05  4.438083e+03  5.796821e+00
   189  4.701386e-01  3.979264e-01  9.558720e-02  5.297929e-04  3.811374e-02  2.019239e-05  9.668366e+03  8.971177e+00
   190  5.562619e-01  5.153316e-01  9.869768e-02  4.461743e-04  3.531888e-02  1.575838e-05  1.192592e+04  1.015518e+01
   191  6.154188e-01  5.868468e-01  1.018929e-01  4.071350e-04  3.390664e-02  1.380458e-05  1.333888e+04  1.085005e+01
   192  6.605134e-01  6.385511e-01  1.051744e-01  3.837789e-04  3.291714e-02  1.263290e-05  1.436177e+04  1.134205e+01
   193  6.970014e-01  6.791405e-01  1.085438e-01  3.679269e-04  3.213103e-02  1.182187e-05  1.516269e+04  1.172466e+01
   194  7.277017e-01  7.126228e-01  1.120026e-01  3.562059e-04  3.147407e-02  1.121125e-05  1.582422e+04  1.203972e+01
   195  7.542550e-01  7.411813e-01  1.155524e-01  3.469988e-04  3.090907e-02  1.072541e-05  1.639189e+04  1.230938e+01
   196  7.776970e-01  7.661341e-01  1.191948e-01  3.394474e-04  3.041257e-02  1.032347e-05  1.689277e+04  1.254673e+01
   197  7.987211e-01  7.883362e-01  1.229312e-01  3.330565e-04  2.996841e-02  9.981174e-06  1.734404e+04  1.276005e+01
   198  8.178140e-01  8.083725e-01  1.267634e-01  3.275184e-04  2.956508e-02  9.683107e-06  1.775721e+04  1.295495e+01
   199  8.353294e-01  8.266600e-01  1.306927e-01  3.226294e-04  2.919427e-02  9.418927e-06  1.814042e+04  1.313538e+01
   200  8.515323e-01  8.435064e-01  1.347208e-01  3.182479e-04  2.884987e-02  9.181410e-06  1.849961e+04  1.330419e+01
   201  8.666266e-01  8.591451e-01  1.388490e-01  3.142714e-04  2.852734e-02  8.965329e-06  1.883929e+04  1.346357e+01
   202  8.807722e-01  8.737570e-01  1.430790e-01  3.106233e-04  2.822324e-02  8.766794e-06  1.916296e+04  1.361516e+01
   203  8.940969e-01  8.874857e-01  1.474123e-01  3.072449e-04  2.793486e-02  8.582843e-06  1.947341e+04  1.376029e+01
   204  9.067043e-01  9.004464e-01  1.518502e-01  3.040904e-04  2.766011e-02  8.411173e-06  1.977290e+04  1.390001e+01
   205  9.186796e-01  9.127332e-01  1.563943e-01  3.011235e-04  2.739727e-02  8.249963e-06  2.006327e+04  1.403516e+01
   206  9.300939e-01  9.244243e-01  1.610460e-01  2.983150e-04  2.714496e-02  8.097750e-06  2.034606e+04  1.416645e+01
   207  9.410067e-01  9.355845e-01  1.658067e-01  2.956410e-04  2.690203e-02  7.953344e-06  2.062257e+04  1.429448e+01
   208  9.514687e-01  9.462692e-01  1.706778e-01  2.930818e-04  2.666752e-02  7.815765e-06  2.089391e+04  1.441974e+01
   209  9.615232e-01  9.565250e-01  1.756607e-01  2.906212e-04  2.644060e-02  7.684197e-06  2.116105e+04  1.454267e+01
   210  9.712076e-01  9.663924e-01  1.807567e-01  2.882452e-04  2.622058e-02  7.557956e-06  2.142480e+04  1.466362e+01
   211  9.805544e-01  9.759062e-01  1.859671e-01  2.859422e-04  2.600687e-02  7.436462e-06  2.168591e+04  1.478291e+01
   212  9.895920e-01  9.850967e-01  1.912933e-01  2.837023e-04  2.579895e-02  7.319221e-06  2.194503e+04  1.490084e+01
   213  9.983451e-01  9.939906e-01  1.967366e-01  2.815168e-04  2.559637e-02  7.205808e-06  2.220274e+04  1.501765e+01
   214  1.006836e+00  1.002611e+00  2.022981e-01  2.793782e-04  2.539875e-02  7.095856e-06  2.245957e+04  1.513355e+01
   215  1.015084e+00  1.010979e+00  2.079790e-01  2.772800e-04  2.520573e-02  6.989044e-06  2.271600e+04  1.524875e+01
   216  1.023107e+00  1.019114e+00  2.137806e-01  2.752166e-04  2.501701e-02  6.885096e-06  2.297247e+04  1.536343e+01
   217  1.030919e+00  1.027031e+00  2.197041e-01  2.731828e-04  2.483233e-02  6.783766e-06  2.322940e+04  1.547775e+01
   218  1.038537e+00  1.034745e+00  2.257504e-01  2.711743e-04  2.465145e-02  6.684838e-06  2.348715e+04  1.559186e+01
   219  1.045971e+00  1.042270e+00  2.319208e-01  2.691870e-04  2.447414e-02  6.588121e-06  2.374609e+04  1.570589e+01
   220  1.053233e+00  1.049617e+00  2.382162e-01  2.672175e-04  2.430023e-02  6.493447e-06  2.400656e+04  1.581997e+01
   221  1.060335e+00  1.056799e+00  2.446377e-01  2.652627e-04  2.412954e-02  6.400665e-06  2.426886e+04  1.593422e+01
   222  1.067285e+00  1.063824e+00  2.511862e-01  2.633196e-04  2.396191e-02  6.309639e-06  2.453331e+04  1.604874e+01
   223  1.074092e+00  1.070701e+00  2.578626e-01  2.613857e-04  2.379721e-02  6.220250e-06  2.480020e+04  1.616365e+01
   224  1.080763e+00  1.077440e+00  2.646680e-01  2.594588e-04  2.363531e-02  6.132388e-06  2.506981e+04  1.627903e+01
   225  1.087307e+00  1.084048e+00  2.716031e-01  2.575368e-04  2.347609e-02  6.045956e-06  2.534241e+04  1.639498e+01
   226  1.093731e+00  1.090531e+00  2.786687e-01  2.556178e-04  2.331945e-02  5.960867e-06  2.561827e+04  1.651158e+01
   227  1.100039e+00  1.096896e+00  2.858656e-01  2.537002e-04  2.316530e-02  5.877041e-06  2.589764e+04  1.662891e+01
   228  1.106239e+00  1.103150e+00  2.931946e-01  2.517825e-04  2.301354e-02  5.794407e-06  2.618079e+04  1.674707e+01
   229  1.112334e+00  1.109297e+00  3.006563e-01  2.498632e-04  2.286410e-02  5.712899e-06  2.646796e+04  1.686611e+01
   230  1.118331e+00  1.115343e+00  3.082514e-01  2.479413e-04  2.271691e-02  5.632459e-06  2.675941e+04  1.698612e+01
   231  1.124234e+00  1.121293e+00  3.159805e-01  2.460155e-04  2.257189e-02  5.553033e-06  2.705538e+04  1.710717e+01
   232  1.130048e+00  1.127151e+00  3.238442e-01  2.440848e-04  2.242898e-02  5.474573e-06  2.735612e+04  1.722932e+01
   233  1.135775e+00  1.132921e+00  3.318430e-01  2.421485e-04  2.228812e-02  5.397035e-06  2.766187e+04  1.735264e+01
   234  1.141421e+00  1.138607e+00  3.399773e-01  2.402056e-04  2.214927e-02  5.320379e-06  2.797288e+04  1.747720e+01
   235  1.146988e+00  1.144213e+00  3.482476e-01  2.382556e-04  2.201237e-02  5.244569e-06  2.828939e+04  1.760307e+01
   236  1.152480e+00  1.149742e+00  3.566544e-01  2.362977e-04  2.187736e-02  5.169571e-06  2.861166e+04  1.773030e+01
   237  1.157899e+00  1.155198e+00  3.651978e-01  2.343315e-04  2.174422e-02  5.095356e-06  2.893993e+04  1.785895e+01
   238  1.163250e+00  1.160583e+00  3.738783e-01  2.323565e-04  2.161290e-02  5.021896e-06  2.927445e+04  1.798910e+01
   239  1.168535e+00  1.165901e+00  3.826961e-01  2.303722e-04  2.148335e-02  4.949166e-06  2.961549e+04  1.812079e+01
   240  1.173756e+00  1.171153e+00  3.916514e-01  2.283784e-04  2.135554e-02  4.877145e-06  2.996330e+04  1.825410e+01
   241  1.178916e+00  1.176343e+00  4.007443e-01  2.263748e-04  2.122944e-02  4.805811e-06  3.031814e+04  1.838908e+01
   242  1.184017e+00  1.181474e+00  4.099751e-01  2.243612e-04  2.110502e-02  4.735147e-06  3.068029e+04  1.852578e+01
   243  1.189061e+00  1.186546e+00  4.193438e-01  2.223374e-04  2.098223e-02  4.665135e-06  3.105000e+04  1.866428e+01
   244  1.194051e+00  1.191563e+00  4.288503e-01  2.203034e-04  2.086105e-02  4.595761e-06  3.142756e+04  1.880462e+01
   245  1.198989e+00  1.196527e+00  4.384948e-01  2.182590e-04  2.074146e-02  4.527010e-06  3.181326e+04  1.894687e+01
   246  1.203876e+00  1.201439e+00  4.482772e-01  2.162043e-04  2.062342e-02  4.458872e-06  3.220737e+04  1.909109e+01
   247  1.208714e+00  1.206302e+00  4.581974e-01  2.141394e-04  2.050690e-02  4.391335e-06  3.261020e+04  1.923734e+01
   248  1.213506e+00  1.211116e+00  4.682552e-01  2.120642e-04  2.039188e-02  4.324388e-06  3.302204e+04  1.938567e+01
   249  1.218252e+00  1.215885e+00  4.784506e-01  2.099790e-04  2.027833e-02  4.258025e-06  3.344321e+04  1.953616e+01
   250  1.222955e+00  1.220610e+00  4.887832e-01  2.078839e-04  2.016624e-02  4.192236e-06  3.387401e+04  1.968885e+01
   251  1.227615e+00  1.225291e+00  4.992529e-01  2.057791e-04  2.005556e-02  4.127016e-06  3.431478e+04  1.984382e+01
   252  1.232235e+00  1.229931e+00  5.098594e-01  2.036649e-04  1.994628e-02  4.062357e-06  3.476585e+04  2.000112e+01
   253  1.236816e+00  1.234532e+00  5.206023e-01  2.015415e-04  1.983837e-02  3.998256e-06  3.522755e+04  2.016081e+01
   254  1.241359e+00  1.239093e+00  5.314812e-01  1.994093e-04  1.973182e-02  3.934707e-06  3.570024e+04  2.032296e+01
   255  1.245866e+00  1.243618e+00  5.424959e-01  1.972685e-04  1.962658e-02  3.871707e-06  3.618427e+04  2.048764e+01
   256  1.250337e+00  1.248107e+00  5.536457e-01  1.951196e-04  1.952266e-02  3.809253e-06  3.668003e+04  2.065491e+01
   257  1.254774e+00  1.252561e+00  5.649304e-01  1.929629e-04  1.942000e-02  3.747341e-06  3.718788e+04  2.082484e+01
   258  1.259179e+00  1.256982e+00  5.763493e-01  1.907989e-04  1.931861e-02  3.685970e-06  3.770823e+04  2.099749e+01
   259  1.263551e+00  1.261370e+00  5.879020e-01  1.886281e-04  1.921844e-02  3.625138e-06  3.824147e+04  2.117293e+01
   260  1.267893e+00  1.265728e+00  5.995879e-01  1.864508e-04  1.911949e-02  3.564843e-06  3.878802e+04  2.135124e+01
   261  1.272206e+00  1.270055e+00  6.114063e-01  1.842676e-04  1.902171e-02  3.505086e-06  3.934832e+04  2.153247e+01
   262  1.276490e+00  1.274353e+00  6.233566e-01  1.820790e-04  1.892510e-02  3.445864e-06  3.992280e+04  2.171672e+01
   263  1.280746e+00  1.278623e+00  6.354383e-01  1.798855e-04  1.882963e-02  3.387178e-06  4.051192e+04  2.190404e+01
   264  1.284976e+00  1.282866e+00  6.476505e-01  1.776878e-04  1.873526e-02  3.329027e-06  4.111616e+04  2.209452e+01
   265  1.289180e+00  1.287083e+00  6.599927e-01  1.754862e-04  1.864199e-02  3.271413e-06  4.173600e+04  2.228823e+01
   266  1.293360e+00  1.291275e+00  6.724639e-01  1.732815e-04  1.854978e-02  3.214334e-06  4.237194e+04  2.248525e+01
   267  1.297515e+00  1.295442e+00  6.850636e-01  1.710742e-04  1.845861e-02  3.157793e-06  4.302450e+04  2.268566e+01
   268  1.301648e+00  1.299586e+00  6.977908e-01  1.688650e-04  1.836846e-02  3.101789e-06  4.369423e+04  2.288954e+01
   269  1.305758e+00  1.303708e+00  7.106448e-01  1.666544e-04  1.827929e-02  3.046324e-06  4.438167e+04  2.309698e+01
   270  1.309847e+00  1.307808e+00  7.236247e-01  1.644430e-04  1.819110e-02  2.991398e-06  4.508740e+04  2.330806e+01
   271  1.313916e+00  1.311886e+00  7.367296e-01  1.622315e-04  1.810384e-02  2.937013e-06  4.581202e+04  2.352287e+01
   272  1.317964e+00  1.315945e+00  7.499587e-01  1.600206e-04  1.801749e-02  2.883170e-06  4.655613e+04  2.374150e+01
   273  1.321994e+00  1.319984e+00  7.633112e-01  1.578109e-04  1.793204e-02  2.829871e-06  4.732038e+04  2.396404e+01
   274  1.326005e+00  1.324004e+00  7.767859e-01  1.556029e-04  1.784745e-02  2.777115e-06  4.810543e+04  2.419058e+01
   275  1.329999e+00  1.328006e+00  7.903821e-01  1.533975e-04  1.776369e-02  2.724906e-06  4.891197e+04  2.442123e+01
   276  1.333975e+00  1.331991e+00  8.040988e-01  1.511951e-04  1.768075e-02  2.673244e-06  4.974069e+04  2.465608e+01
   277  1.337936e+00  1.335960e+00  8.179349e-01  1.489966e-04  1.759859e-02  2.622130e-06  5.059234e+04  2.489523e+01
   278  1.341881e+00  1.339913e+00  8.318895e-01  1.468024e-04  1.751719e-02  2.571566e-06  5.146768e+04  2.513879e+01
   279  1.345810e+00  1.343850e+00  8.459616e-01  1.446133e-04  1.743653e-02  2.521554e-06  5.236749e+04  2.538687e+01
   280  1.349726e+00  1.347773e+00  8.601502e-01  1.424299e-04  1.735657e-02  2.472094e-06  5.329261e+04  2.563957e+01
   281  1.353628e+00  1.351682e+00  8.744542e-01  1.402528e-04  1.727729e-02  2.423187e-06  5.424388e+04  2.589702e+01
   282  1.357517e+00  1.355577e+00  8.888727e-01  1.380826e-04  1.719866e-02  2.374836e-06  5.522219e+04  2.615932e+01
   283  1.361394e+00  1.359460e+00  9.034045e-01  1.359201e-04  1.712066e-02  2.327041e-06  5.622847e+04  2.642660e+01
   284  1.365258e+00  1.363330e+00  9.180486e-01  1.337657e-04  1.704325e-02  2.279802e-06  5.726365e+04  2.669898e+01
   285  1.369112e+00  1.367189e+00  9.328039e-01  1.316201e-04  1.696642e-02  2.233122e-06  5.832875e+04  2.697659e+01
   286  1.372954e+00  1.371037e+00  9.476693e-01  1.294839e-04  1.689014e-02  2.187001e-06  5.942479e+04  2.725956e+01
   287  1.376787e+00  1.374875e+00  9.626437e-01  1.273576e-04  1.681438e-02  2.141440e-06  6.055285e+04  2.754802e+01
   288  1.380610e+00  1.378703e+00  9.777261e-01  1.252419e-04  1.673912e-02  2.096439e-06  6.171406e+04  2.784211e+01
   289  1.384424e+00  1.382521e+00  9.929154e-01  1.231372e-04  1.666432e-02  2.051998e-06  6.290958e+04  2.814199e+01
   290  1.388229e+00  1.386331e+00  1.008210e+00  1.210442e-04  1.658997e-02  2.008120e-06  6.414062e+04  2.844778e+01
   291  1.392026e+00  1.390132e+00  1.023610e+00  1.189633e-04  1.651604e-02  1.964803e-06  6.540846e+04  2.875966e+01
   292  1.395816e+00  1.393926e+00  1.039113e+00  1.168951e-04  1.644250e-02  1.922048e-06  6.671442e+04  2.907777e+01
   293  1.399599e+00  1.397712e+00  1.054718e+00  1.148400e-04  1.636934e-02  1.879856e-06  6.805987e+04  2.940228e+01
   294  1.403376e+00  1.401492e+00  1.070425e+00  1.127986e-04  1.629653e-02  1.838225e-06  6.944626e+04  2.973336e+01
   295  1.407146e+00  1.405265e+00  1.086232e+00  1.107712e-04  1.622403e-02  1.797156e-06  7.087509e+04  3.007117e+01
   296  1.410912e+00  1.409033e+00  1.102138e+00  1.087584e-04  1.615185e-02  1.756649e-06  7.234792e+04  3.041590e+01
   297  1.414672e+00  1.412796e+00  1.118142e+00  1.067605e-04  1.607994e-02  1.716704e-06  7.386640e+04  3.076774e+01
   298  1.418427e+00  1.416554e+00  1.134242e+00  1.047781e-04  1.600830e-02  1.677319e-06  7.543225e+04  3.112687e+01
   299  1.422179e+00  1.420307e+00  1.150438e+00  1.028113e-04  1.593690e-02  1.638494e-06  7.704725e+04  3.149350e+01
   300  1.425927e+00  1.424057e+00  1.166729e+00  1.008607e-04  1.586572e-02  1.600228e-06  7.871328e+04  3.186782e+01
   301  1.429673e+00  1.427804e+00  1.183113e+00  9.892661e-05  1.579474e-02  1.562521e-06  8.043232e+04  3.225005e+01
   302  1.433415e+00  1.431548e+00  1.199589e+00  9.700931e-05  1.572396e-02  1.525370e-06  8.220640e+04  3.264041e+01
   303  1.437156e+00  1.435290e+00  1.216156e+00  9.510913e-05  1.565335e-02  1.488776e-06  8.403770e+04  3.303913e+01
   304  1.440895e+00  1.439029e+00  1.232813e+00  9.322637e-05  1.558289e-02  1.452737e-06  8.592849e+04  3.344643e+01
   305  1.444633e+00  1.442768e+00  1.249559e+00  9.136131e-05  1.551259e-02  1.417250e-06  8.788112e+04  3.386258e+01
   306  1.448370e+00  1.446505e+00  1.266393e+00  8.951420e-05  1.544242e-02  1.382316e-06  8.989808e+04  3.428780e+01
   307  1.452107e+00  1.450243e+00  1.283313e+00  8.768529e-05  1.537237e-02  1.347931e-06  9.198200e+04  3.472238e+01
   308  1.455845e+00  1.453980e+00  1.300318e+00  8.587478e-05  1.530244e-02  1.314094e-06  9.413563e+04  3.516658e+01
   309  1.459583e+00  1.457718e+00  1.317409e+00  8.408288e-05  1.523262e-02  1.280802e-06  9.636185e+04  3.562068e+01
   310  1.463322e+00  1.461457e+00  1.334582e+00  8.230977e-05  1.516290e-02  1.248055e-06  9.866370e+04  3.608497e+01
   311  1.467064e+00  1.465197e+00  1.351837e+00  8.055562e-05  1.509329e-02  1.215849e-06  1.010444e+05  3.655976e+01
   312  1.470807e+00  1.468939e+00  1.369174e+00  7.882057e-05  1.502378e-02  1.184183e-06  1.035073e+05  3.704536e+01
   313  1.474554e+00  1.472684e+00  1.386590e+00  7.710476e-05  1.495437e-02  1.153053e-06  1.060559e+05  3.754211e+01
   314  1.478303e+00  1.476432e+00  1.404086e+00  7.540830e-05  1.488506e-02  1.122457e-06  1.086940e+05  3.805032e+01
   315  1.482057e+00  1.480184e+00  1.421659e+00  7.373128e-05  1.481587e-02  1.092393e-06  1.114255e+05  3.857038e+01
   316  1.485814e+00  1.483940e+00  1.439309e+00  7.207378e-05  1.474679e-02  1.062857e-06  1.142547e+05  3.910262e+01
   317  1.489577e+00  1.487700e+00  1.457034e+00  7.043590e-05  1.467783e-02  1.033846e-06  1.171858e+05  3.964745e+01
   318  1.493345e+00  1.491465e+00  1.474834e+00  6.881767e-05  1.460902e-02  1.005359e-06  1.202235e+05  4.020525e+01
   319  1.497119e+00  1.495236e+00  1.492708e+00  6.721915e-05  1.454036e-02  9.773905e-07  1.233728e+05  4.077643e+01
   320  1.500900e+00  1.499013e+00  1.510654e+00  6.564036e-05  1.447186e-02  9.499384e-07  1.266388e+05  4.136143e+01
   321  1.504687e+00  1.502797e+00  1.528672e+00  6.408134e-05  1.440356e-02  9.229993e-07  1.300270e+05  4.196068e+01
   322  1.508482e+00  1.506589e+00  1.546760e+00  6.254208e-05  1.433546e-02  8.965697e-07  1.335432e+05  4.257466e+01
   323  1.512286e+00  1.510388e+00  1.564917e+00  6.102259e-05  1.426760e-02  8.706462e-07  1.371936e+05  4.320385e+01
   324  1.516098e+00  1.514196e+00  1.583142e+00  5.952288e-05  1.420000e-02  8.452249e-07  1.409847e+05  4.384874e+01
   325  1.519920e+00  1.518013e+00  1.601435e+00  5.804291e-05  1.413269e-02  8.203025e-07  1.449234e+05  4.450986e+01
   326  1.523752e+00  1.521840e+00  1.619794e+00  5.658270e-05  1.406570e-02  7.958752e-07  1.490170e+05  4.518776e+01
   327  1.527595e+00  1.525678e+00  1.638218e+00  5.514220e-05  1.399906e-02  7.719390e-07  1.532733e+05  4.588300e+01
   328  1.531449e+00  1.529526e+00  1.656707e+00  5.372139e-05  1.393281e-02  7.484902e-07  1.577006e+05  4.659617e+01
   329  1.535316e+00  1.533387e+00  1.675259e+00  5.232025e-05  1.386700e-02  7.255247e-07  1.623076e+05  4.732789e+01
   330  1.539196e+00  1.537260e+00  1.693873e+00  5.093876e-05  1.380165e-02  7.030387e-07  1.671037e+05  4.807880e+01
   331  1.543089e+00  1.541147e+00  1.712548e+00  4.957688e-05  1.373680e-02  6.810279e-07  1.720989e+05  4.884958e+01
   332  1.546997e+00  1.545048e+00  1.731284e+00  4.823459e-05  1.367252e-02  6.594882e-07  1.773035e+05  4.964091e+01
   333  1.550921e+00  1.548963e+00  1.750080e+00  4.691187e-05  1.360883e-02  6.384155e-07  1.827288e+05  5.045353e+01
   334  1.554860e+00  1.552895e+00  1.768933e+00  4.560871e-05  1.354578e-02  6.178056e-07  1.883867e+05  5.128819e+01
   335  1.558817e+00  1.556843e+00  1.787844e+00  4.432510e-05  1.348343e-02  5.976543e-07  1.942899e+05  5.214567e+01
   336  1.562791e+00  1.560808e+00  1.806811e+00  4.306103e-05  1.342181e-02  5.779572e-07  2.004518e+05  5.302680e+01
   337  1.566784e+00  1.564792e+00  1.825834e+00  4.181653e-05  1.336098e-02  5.587099e-07  2.068868e+05  5.393244e+01
   338  1.570798e+00  1.568796e+00  1.844912e+00  4.059158e-05  1.330098e-02  5.399080e-07  2.136103e+05  5.486348e+01
   339  1.574831e+00  1.572819e+00  1.864043e+00  3.938622e-05  1.324186e-02  5.215470e-07  2.206384e+05  5.582086e+01
   340  1.578887e+00  1.576864e+00  1.883227e+00  3.820050e-05  1.318366e-02  5.036225e-07  2.279885e+05  5.680554e+01
   341  1.582966e+00  1.580931e+00  1.902463e+00  3.703445e-05  1.312643e-02  4.861300e-07  2.356790e+05  5.781853e+01
   342  1.587068e+00  1.585022e+00  1.921749e+00  3.588812e-05  1.307019e-02  4.690646e-07  2.437296e+05  5.886090e+01
   343  1.591195e+00  1.589136e+00  1.941086e+00  3.476160e-05  1.301500e-02  4.524221e-07  2.521612e+05  5.993374e+01
   344  1.595348e+00  1.593277e+00  1.960472e+00  3.365496e-05  1.296087e-02  4.361974e-07  2.609960e+05  6.103820e+01
   345  1.599529e+00  1.597444e+00  1.979907e+00  3.256827e-05  1.290783e-02  4.203858e-07  2.702580e+05  6.217550e+01
   346  1.603738e+00  1.601638e+00  1.999389e+00  3.150167e-05  1.285591e-02  4.049827e-07  2.799722e+05  6.334685e+01
   347  1.607976e+00  1.605862e+00  2.018916e+00  3.045530e-05  1.280512e-02  3.899837e-07  2.901652e+05  6.455353e+01
   348  1.612245e+00  1.610116e+00  2.038490e+00  2.942927e-05  1.275546e-02  3.753837e-07  3.008656e+05  6.579691e+01
   349  1.616546e+00  1.614401e+00  2.058108e+00  2.842369e-05  1.270693e-02  3.611778e-07  3.121039e+05  6.707841e+01
   350  1.620880e+00  1.618718e+00  2.077770e+00  2.743875e-05  1.265951e-02  3.473612e-07  3.239122e+05  6.839945e+01
   351  1.625248e+00  1.623070e+00  2.097475e+00  2.647456e-05  1.261320e-02  3.339287e-07  3.363247e+05  6.976159e+01
   352  1.629652e+00  1.627456e+00  2.117222e+00  2.553128e-05  1.256794e-02  3.208756e-07  3.493779e+05  7.116639e+01
   353  1.634093e+00  1.631878e+00  2.137010e+00  2.460907e-05  1.252370e-02  3.081967e-07  3.631102e+05  7.261549e+01
   354  1.638572e+00  1.636338e+00  2.156839e+00  2.370808e-05  1.248042e-02  2.958868e-07  3.775627e+05  7.411062e+01
   355  1.643090e+00  1.640837e+00  2.176706e+00  2.282842e-05  1.243804e-02  2.839408e-07  3.927789e+05  7.565356e+01
   356  1.647648e+00  1.645375e+00  2.196613e+00  2.197025e-05  1.239646e-02  2.723534e-07  4.088050e+05  7.724616e+01
   357  1.652248e+00  1.649955e+00  2.216557e+00  2.113367e-05  1.235561e-02  2.611193e-07  4.256896e+05  7.889033e+01
   358  1.656891e+00  1.654576e+00  2.236538e+00  2.031878e-05  1.231537e-02  2.502332e-07  4.434848e+05  8.058808e+01
   359  1.661578e+00  1.659241e+00  2.256555e+00  1.952565e-05  1.227562e-02  2.396894e-07  4.622457e+05  8.234151e+01
   360  1.666309e+00  1.663950e+00  2.276608e+00  1.875434e-05  1.223624e-02  2.294826e-07  4.820302e+05  8.415276e+01
   361  1.671087e+00  1.668705e+00  2.296694e+00  1.800486e-05  1.219710e-02  2.196071e-07  5.029003e+05  8.602408e+01
   362  1.675911e+00  1.673506e+00  2.316815e+00  1.727721e-05  1.215805e-02  2.100572e-07  5.249215e+05  8.795783e+01
   363  1.680783e+00  1.678354e+00  2.336968e+00  1.657135e-05  1.211893e-02  2.008271e-07  5.481633e+05  8.995641e+01
   364  1.685703e+00  1.683250e+00  2.357153e+00  1.588720e-05  1.207961e-02  1.919111e-07  5.726989e+05  9.202234e+01
   365  1.690673e+00  1.688196e+00  2.377369e+00  1.522463e-05  1.203990e-02  1.833031e-07  5.986070e+05  9.415825e+01
   366  1.695693e+00  1.693191e+00  2.397614e+00  1.458349e-05  1.199967e-02  1.749971e-07  6.259703e+05  9.636688e+01
   367  1.700764e+00  1.698236e+00  2.417890e+00  1.396360e-05  1.195876e-02  1.669872e-07  6.548769e+05  9.865103e+01
   368  1.705885e+00  1.703332e+00  2.438194e+00  1.336470e-05  1.191700e-02  1.592671e-07  6.854209e+05  1.010137e+02
   369  1.711058e+00  1.708480e+00  2.458525e+00  1.278653e-05  1.187427e-02  1.518306e-07  7.177018e+05  1.034579e+02
   370  1.716284e+00  1.713679e+00  2.478883e+00  1.222877e-05  1.183042e-02  1.446715e-07  7.518257e+05  1.059868e+02
   371  1.721561e+00  1.718930e+00  2.499268e+00  1.169108e-05  1.178533e-02  1.377833e-07  7.879058e+05  1.086038e+02
   372  1.726891e+00  1.724234e+00  2.519677e+00  1.117309e-05  1.173889e-02  1.311597e-07  8.260627e+05  1.113123e+02
   373  1.732274e+00  1.729591e+00  2.540110e+00  1.067439e-05  1.169100e-02  1.247943e-07  8.664250e+05  1.141158e+02
   374  1.737710e+00  1.735001e+00  2.560567e+00  1.019455e-05  1.164156e-02  1.186805e-07  9.091310e+05  1.170183e+02
   375  1.743199e+00  1.740463e+00  2.581047e+00  9.733107e-06  1.159052e-02  1.128118e-07  9.543267e+05  1.200234e+02
   376  1.748740e+00  1.745978e+00  2.601548e+00  9.289607e-06  1.153781e-02  1.071817e-07  1.002169e+06  1.231354e+02
   377  1.754335e+00  1.751546e+00  2.622070e+00  8.863561e-06  1.148339e-02  1.017837e-07  1.052826e+06  1.263584e+02
   378  1.759982e+00  1.757167e+00  2.642612e+00  8.454474e-06  1.142723e-02  9.661118e-08  1.106479e+06  1.296969e+02
   379  1.765682e+00  1.762841e+00  2.663173e+00  8.061858e-06  1.136930e-02  9.165772e-08  1.163317e+06  1.331554e+02
   380  1.771434e+00  1.768568e+00  2.683753e+00  7.685206e-06  1.130962e-02  8.691675e-08  1.223547e+06  1.367387e+02
   381  1.777239e+00  1.774346e+00  2.704349e+00  7.324014e-06  1.124817e-02  8.238175e-08  1.287389e+06  1.404519e+02
   382  1.783096e+00  1.780178e+00  2.724962e+00  6.977787e-06  1.118497e-02  7.804632e-08  1.355080e+06  1.443002e+02
   383  1.789005e+00  1.786061e+00  2.745591e+00  6.646026e-06  1.112003e-02  7.390404e-08  1.426872e+06  1.482891e+02
   384  1.794966e+00  1.791996e+00  2.766234e+00  6.328247e-06  1.105339e-02  6.994860e-08  1.503034e+06  1.524241e+02
   385  1.800978e+00  1.797982e+00  2.786890e+00  6.023971e-06  1.098507e-02  6.617376e-08  1.583856e+06  1.567113e+02
   386  1.807041e+00  1.804020e+00  2.807560e+00  5.732721e-06  1.091511e-02  6.257328e-08  1.669649e+06  1.611569e+02
   387  1.813155e+00  1.810109e+00  2.828242e+00  5.454036e-06  1.084354e-02  5.914106e-08  1.760745e+06  1.657672e+02
   388  1.819319e+00  1.816248e+00  2.848934e+00  5.187464e-06  1.077040e-02  5.587108e-08  1.857500e+06  1.705492e+02
   389  1.825534e+00  1.822438e+00  2.869636e+00  4.932562e-06  1.069574e-02  5.275741e-08  1.960298e+06  1.755099e+02
   390  1.831798e+00  1.828677e+00  2.890347e+00  4.688903e-06  1.061960e-02  4.979427e-08  2.069544e+06  1.806565e+02
   391  1.838112e+00  1.834967e+00  2.911066e+00  4.456066e-06  1.054202e-02  4.697593e-08  2.185680e+06  1.859968e+02
   392  1.844475e+00  1.841306e+00  2.931793e+00  4.233641e-06  1.046305e-02  4.429678e-08  2.309175e+06  1.915390e+02
   393  1.850887e+00  1.847693e+00  2.952525e+00  4.021233e-06  1.038273e-02  4.175136e-08  2.440535e+06  1.972913e+02
   394  1.857348e+00  1.854130e+00  2.973262e+00  3.818453e-06  1.030110e-02  3.933428e-08  2.580303e+06  2.032627e+02
   395  1.863856e+00  1.860614e+00  2.994003e+00  3.624929e-06  1.021823e-02  3.704035e-08  2.729058e+06  2.094622e+02
   396  1.870412e+00  1.867146e+00  3.014747e+00  3.440301e-06  1.013414e-02  3.486449e-08  2.887421e+06  2.158995e+02
   397  1.877015e+00  1.873726e+00  3.035493e+00  3.264211e-06  1.004889e-02  3.280168e-08  3.056067e+06  2.225846e+02
   398  1.883665e+00  1.880353e+00  3.056239e+00  3.096320e-06  9.962512e-03  3.084712e-08  3.235711e+06  2.295281e+02
   399  1.890362e+00  1.887026e+00  3.076985e+00  2.936296e-06  9.875065e-03  2.899611e-08  3.427127e+06  2.367409e+02
   400  1.897104e+00  1.893746e+00  3.097730e+00  2.783818e-06  9.786592e-03  2.724409e-08  3.631143e+06  2.442345e+02
   401  1.903892e+00  1.900511e+00  3.118471e+00  2.638574e-06  9.697138e-03  2.558662e-08  3.848654e+06  2.520210e+02
   402  1.910725e+00  1.907322e+00  3.139210e+00  2.500264e-06  9.606754e-03  2.401942e-08  4.080617e+06  2.601130e+02
   403  1.917602e+00  1.914177e+00  3.159943e+00  2.368595e-06  9.515488e-03  2.253833e-08  4.328065e+06  2.685235e+02
   404  1.924524e+00  1.921077e+00  3.180670e+00  2.243286e-06  9.423390e-03  2.113936e-08  4.592105e+06  2.772665e+02
   405  1.931489e+00  1.928020e+00  3.201389e+00  2.124065e-06  9.330510e-03  1.981861e-08  4.873933e+06  2.863563e+02
   406  1.938498e+00  1.935007e+00  3.222100e+00  2.010668e-06  9.236896e-03  1.857233e-08  5.174836e+06  2.958081e+02
   407  1.945549e+00  1.942037e+00  3.242801e+00  1.902845e-06  9.142598e-03  1.739694e-08  5.496192e+06  3.056376e+02
   408  1.952642e+00  1.949110e+00  3.263492e+00  1.800349e-06  9.047659e-03  1.628894e-08  5.839494e+06  3.158616e+02
   409  1.959777e+00  1.956224e+00  3.284169e+00  1.702947e-06  8.952125e-03  1.524499e-08  6.206344e+06  3.264973e+02
   410  1.966954e+00  1.963381e+00  3.304833e+00  1.610412e-06  8.856036e-03  1.426187e-08  6.598471e+06  3.375632e+02
   411  1.974171e+00  1.970578e+00  3.325481e+00  1.522530e-06  8.759437e-03  1.333651e-08  7.017719e+06  3.490778e+02
   412  1.981429e+00  1.977815e+00  3.346113e+00  1.439090e-06  8.662366e-03  1.246593e-08  7.466098e+06  3.610613e+02
   413  1.988726e+00  1.985093e+00  3.366726e+00  1.359888e-06  8.564862e-03  1.164725e-08  7.945782e+06  3.735352e+02
   414  1.996062e+00  1.992410e+00  3.387321e+00  1.284732e-06  8.466973e-03  1.087779e-08  8.459083e+06  3.865208e+02
   415  2.003438e+00  1.999766e+00  3.407894e+00  1.213433e-06  8.368745e-03  1.015491e-08  9.008533e+06  4.000417e+02
   416  2.010851e+00  2.007160e+00  3.428445e+00  1.145812e-06  8.270226e-03  9.476123e-09  9.596834e+06  4.141216e+02
   417  2.018302e+00  2.014593e+00  3.448972e+00  1.081697e-06  8.171453e-03  8.839038e-09  1.022691e+07  4.287861e+02
   418  2.025790e+00  2.022063e+00  3.469473e+00  1.020924e-06  8.072461e-03  8.241371e-09  1.090193e+07  4.440619e+02
   419  2.033315e+00  2.029569e+00  3.489947e+00  9.633350e-07  7.973285e-03  7.680944e-09  1.162530e+07  4.599768e+02
   420  2.040876e+00  2.037112e+00  3.510392e+00  9.087768e-07  7.873968e-03  7.155679e-09  1.240069e+07  4.765603e+02
   421  2.048473e+00  2.044691e+00  3.530806e+00  8.571032e-07  7.774562e-03  6.663601e-09  1.323211e+07  4.938428e+02
   422  2.056104e+00  2.052305e+00  3.551188e+00  8.081741e-07  7.675100e-03  6.202817e-09  1.412385e+07  5.118572e+02
   423  2.063770e+00  2.059954e+00  3.571535e+00  7.618598e-07  7.575587e-03  5.771535e-09  1.508054e+07  5.306371e+02
   424  2.071470e+00  2.067637e+00  3.591847e+00  7.180341e-07  7.476035e-03  5.368048e-09  1.610717e+07  5.502184e+02
   425  2.079203e+00  2.075353e+00  3.612121e+00  6.765712e-07  7.376504e-03  4.990730e-09  1.720922e+07  5.706387e+02
   426  2.086969e+00  2.083103e+00  3.632356e+00  6.373494e-07  7.277076e-03  4.638040e-09  1.839264e+07  5.919377e+02
   427  2.094767e+00  2.090885e+00  3.652549e+00  6.002544e-07  7.177817e-03  4.308517e-09  1.966384e+07  6.141570e+02
   428  2.102597e+00  2.098699e+00  3.672697e+00  5.651825e-07  7.078747e-03  4.000784e-09  2.102970e+07  6.373393e+02
   429  2.110458e+00  2.106545e+00  3.692801e+00  5.320334e-07  6.979863e-03  3.713520e-09  2.249768e+07  6.615312e+02
   430  2.118349e+00  2.114421e+00  3.712856e+00  5.007110e-07  6.881175e-03  3.445480e-09  2.407585e+07  6.867812e+02
   431  2.126271e+00  2.122328e+00  3.732862e+00  4.711209e-07  6.782743e-03  3.195492e-09  2.577300e+07  7.131394e+02
   432  2.134222e+00  2.130265e+00  3.752816e+00  4.431742e-07  6.684578e-03  2.962433e-09  2.759869e+07  7.406602e+02
   433  2.142203e+00  2.138231e+00  3.772715e+00  4.167885e-07  6.586677e-03  2.745251e-09  2.956318e+07  7.694001e+02
   434  2.150211e+00  2.146225e+00  3.792558e+00  3.918810e-07  6.489100e-03  2.542955e-09  3.167770e+07  7.994180e+02
   435  2.158248e+00  2.154248e+00  3.812342e+00  3.683721e-07  6.391924e-03  2.354606e-09  3.395451e+07  8.307763e+02
   436  2.166311e+00  2.162298e+00  3.832064e+00  3.461903e-07  6.295153e-03  2.179321e-09  3.640676e+07  8.635405e+02
   437  2.174402e+00  2.170376e+00  3.851724e+00  3.252707e-07  6.198687e-03  2.016251e-09  3.904857e+07  8.977820e+02
   438  2.182519e+00  2.178479e+00  3.871316e+00  3.055317e-07  6.102860e-03  1.864617e-09  4.189643e+07  9.335733e+02
   439  2.190662e+00  2.186609e+00  3.890841e+00  2.869223e-07  6.007476e-03  1.723679e-09  4.496657e+07  9.709908e+02
   440  2.198830e+00  2.194765e+00  3.910294e+00  2.693813e-07  5.912550e-03  1.592730e-09  4.827754e+07  1.010118e+03
   441  2.207022e+00  2.202945e+00  3.929672e+00  2.528473e-07  5.818229e-03  1.471123e-09  5.184971e+07  1.051039e+03
   442  2.215238e+00  2.211149e+00  3.948974e+00  2.372781e-07  5.724244e-03  1.358238e-09  5.570360e+07  1.093844e+03
   443  2.223478e+00  2.219378e+00  3.968197e+00  2.226124e-07  5.630810e-03  1.253488e-09  5.986391e+07  1.138631e+03
   444  2.231741e+00  2.227629e+00  3.987338e+00  2.088022e-07  5.537921e-03  1.156330e-09  6.435637e+07  1.185502e+03
   445  2.240026e+00  2.235903e+00  4.006394e+00  1.957984e-07  5.445649e-03  1.066250e-09  6.920954e+07  1.234565e+03
   446  2.248332e+00  2.244199e+00  4.025361e+00  1.835570e-07  5.354039e-03  9.827715e-10  7.445403e+07  1.285929e+03
   447  2.256660e+00  2.252516e+00  4.044236e+00  1.720328e-07  5.263213e-03  9.054454e-10  8.012411e+07  1.339714e+03
   448  2.265008e+00  2.260854e+00  4.063018e+00  1.611934e-07  5.172940e-03  8.338438e-10  8.625495e+07  1.396050e+03
   449  2.273376e+00  2.269212e+00  4.081701e+00  1.509991e-07  5.083304e-03  7.675743e-10  9.288651e+07  1.455067e+03
   450  2.281765e+00  2.277591e+00  4.100285e+00  1.414078e-07  4.994513e-03  7.062630e-10  1.000645e+08  1.516911e+03
   451  2.290171e+00  2.285988e+00  4.118764e+00  1.323952e-07  4.906251e-03  6.495639e-10  1.078333e+08  1.581730e+03
   452  2.298597e+00  2.294404e+00  4.137136e+00  1.239245e-07  4.818696e-03  5.971547e-10  1.162460e+08  1.649680e+03
   453  2.307039e+00  2.302838e+00  4.155398e+00  1.159655e-07  4.731834e-03  5.487294e-10  1.253593e+08  1.720934e+03
   454  2.315499e+00  2.311290e+00  4.173546e+00  1.084831e-07  4.645935e-03  5.040055e-10  1.352388e+08  1.795666e+03
   455  2.323976e+00  2.319758e+00  4.191575e+00  1.014557e-07  4.560790e-03  4.627180e-10  1.459498e+08  1.874067e+03
   456  2.332468e+00  2.328243e+00  4.209483e+00  9.486078e-08  4.476253e-03  4.246209e-10  1.575636e+08  1.956332e+03
   457  2.340975e+00  2.336742e+00  4.227266e+00  8.867058e-08  4.392462e-03  3.894821e-10  1.701635e+08  2.042676e+03
   458  2.349498e+00  2.345257e+00  4.244922e+00  8.285827e-08  4.309581e-03  3.570844e-10  1.838428e+08  2.133329e+03
   459  2.358034e+00  2.353787e+00  4.262445e+00  7.740312e-08  4.227584e-03  3.272282e-10  1.986989e+08  2.228527e+03
   460  2.366583e+00  2.362330e+00  4.279832e+00  7.229092e-08  4.146138e-03  2.997281e-10  2.148297e+08  2.328518e+03
   461  2.375145e+00  2.370885e+00  4.297077e+00  6.748857e-08  4.066023e-03  2.744101e-10  2.323726e+08  2.433567e+03
   462  2.383718e+00  2.379453e+00  4.314179e+00  6.299642e-08  3.986107e-03  2.511104e-10  2.514257e+08  2.543963e+03
   463  2.392304e+00  2.388032e+00  4.331132e+00  5.877410e-08  3.907802e-03  2.296775e-10  2.721747e+08  2.660014e+03
   464  2.400900e+00  2.396623e+00  4.347934e+00  5.482516e-08  3.829846e-03  2.099719e-10  2.947335e+08  2.782035e+03
   465  2.409504e+00  2.405223e+00  4.364577e+00  5.112528e-08  3.752813e-03  1.918636e-10  3.192904e+08  2.910362e+03
   466  2.418119e+00  2.413833e+00  4.381063e+00  4.765805e-08  3.676810e-03  1.752296e-10  3.460414e+08  3.045366e+03
   467  2.426742e+00  2.422452e+00  4.397382e+00  4.441008e-08  3.601820e-03  1.599571e-10  3.751953e+08  3.187436e+03
   468  2.435371e+00  2.431078e+00  4.413531e+00  4.137309e-08  3.527497e-03  1.459435e-10  4.069572e+08  3.336960e+03
   469  2.444008e+00  2.439711e+00  4.429508e+00  3.852817e-08  3.454357e-03  1.330900e-10  4.416091e+08  3.494383e+03
   470  2.452651e+00  2.448351e+00  4.445308e+00  3.586912e-08  3.381909e-03  1.213061e-10  4.794003e+08  3.660176e+03
   471  2.461297e+00  2.456996e+00  4.460922e+00  3.338189e-08  3.310466e-03  1.105096e-10  5.206483e+08  3.834804e+03
   472  2.469948e+00  2.465644e+00  4.476353e+00  3.105799e-08  3.239814e-03  1.006221e-10  5.656746e+08  4.018802e+03
   473  2.478601e+00  2.474296e+00  4.491590e+00  2.888259e-08  3.170477e-03  9.157157e-11  6.148959e+08  4.212723e+03
   474  2.487256e+00  2.482950e+00  4.506634e+00  2.685604e-08  3.101415e-03  8.329172e-11  6.686181e+08  4.417152e+03
   475  2.495911e+00  2.491605e+00  4.521475e+00  2.495544e-08  3.034244e-03  7.572089e-11  7.274607e+08  4.632713e+03
   476  2.504565e+00  2.500259e+00  4.536111e+00  2.318499e-08  2.967557e-03  6.880277e-11  7.917601e+08  4.860045e+03
   477  2.513218e+00  2.508913e+00  4.550538e+00  2.153138e-08  2.902002e-03  6.248411e-11  8.621430e+08  5.099863e+03
   478  2.521867e+00  2.517564e+00  4.564753e+00  1.999142e-08  2.837012e-03  5.671590e-11  9.391301e+08  5.352921e+03
   479  2.530510e+00  2.526210e+00  4.578744e+00  1.855002e-08  2.773790e-03  5.145387e-11  1.023573e+09  5.619973e+03
   480  2.539149e+00  2.534851e+00  4.592517e+00  1.721118e-08  2.710798e-03  4.665603e-11  1.115940e+09  5.901866e+03
   481  2.547780e+00  2.543486e+00  4.606062e+00  1.595876e-08  2.649537e-03  4.228334e-11  1.217351e+09  6.199528e+03
   482  2.556400e+00  2.552111e+00  4.619369e+00  1.479402e-08  2.589008e-03  3.830184e-11  1.328456e+09  6.513785e+03
   483  2.565009e+00  2.560726e+00  4.632443e+00  1.370986e-08  2.529442e-03  3.467829e-11  1.450289e+09  6.845645e+03
   484  2.573605e+00  2.569328e+00  4.645273e+00  1.269813e-08  2.471412e-03  3.138232e-11  1.584118e+09  7.196159e+03
   485  2.582185e+00  2.577916e+00  4.657858e+00  1.175990e-08  2.413830e-03  2.838639e-11  1.730785e+09  7.566380e+03
   486  2.590747e+00  2.586487e+00  4.670191e+00  1.088435e-08  2.357956e-03  2.566482e-11  1.892037e+09  7.957454e+03
   487  2.599289e+00  2.595039e+00  4.682273e+00  1.007480e-08  2.302170e-03  2.319389e-11  2.068688e+09  8.370598e+03
   488  2.607809e+00  2.603570e+00  4.694093e+00  9.317269e-09  2.248738e-03  2.095210e-11  2.263299e+09  8.807030e+03
   489  2.616301e+00  2.612075e+00  4.705648e+00  8.616110e-09  2.195895e-03  1.892007e-11  2.476755e+09  9.267912e+03
   490  2.624764e+00  2.620553e+00  4.716936e+00  7.965630e-09  2.144111e-03  1.707919e-11  2.711167e+09  9.754603e+03
   491  2.633196e+00  2.629000e+00  4.727955e+00  7.361877e-09  2.093537e-03  1.541236e-11  2.968733e+09  1.026854e+04
   492  2.641590e+00  2.637413e+00  4.738698e+00  6.802345e-09  2.044034e-03  1.390422e-11  3.251601e+09  1.081110e+04
   493  2.649947e+00  2.645789e+00  4.749160e+00  6.281399e-09  1.996506e-03  1.254085e-11  3.562939e+09  1.138360e+04
   494  2.658257e+00  2.654121e+00  4.759340e+00  5.801640e-09  1.949327e-03  1.130930e-11  3.903973e+09  1.198741e+04
   495  2.666518e+00  2.662407e+00  4.769233e+00  5.355731e-09  1.904057e-03  1.019762e-11  4.278990e+09  1.262391e+04
   496  2.674724e+00  2.670640e+00  4.778833e+00  4.943305e-09  1.860103e-03  9.195055e-12  4.690446e+09  1.329432e+04
   497  2.682874e+00  2.678818e+00  4.788149e+00  4.564367e-09  1.816493e-03  8.291139e-12  5.140468e+09  1.400026e+04
   498  2.690958e+00  2.686935e+00  4.797166e+00  4.211659e-09  1.775269e-03  7.476830e-12  5.635269e+09  1.474295e+04
   499  2.698970e+00  2.694982e+00  4.805881e+00  3.884777e-09  1.736095e-03  6.744341e-12  6.177989e+09  1.552292e+04
