     i         log_r      log_rmid             m           rho            v2             p        trelax            kn
     0  -2.179331e+00  -2.480361e+00  4.936543e-05  5.111380e+02  4.368047e-01  2.232675e+02  2.960180e-03  2.697929e-03
     1  -2.173103e+00  -2.176206e+00  5.153900e-05  5.119018e+02  4.361529e-01  2.232675e+02  2.957971e-03  2.697929e-03
     2  -2.166879e+00  -2.169980e+00  5.380601e-05  5.117949e+02  4.361340e-01  2.232111e+02  2.958653e-03  2.698269e-03
     3  -2.160648e+00  -2.163752e+00  5.617461e-05  5.116849e+02  4.361145e-01  2.231532e+02  2.959356e-03  2.698620e-03
     4  -2.154419e+00  -2.157522e+00  5.864622e-05  5.115716e+02  4.360944e-01  2.230935e+02  2.960079e-03  2.698981e-03
     5  -2.148197e+00  -2.151297e+00  6.122269e-05  5.114551e+02  4.360737e-01  2.230321e+02  2.960824e-03  2.699352e-03
     6  -2.141966e+00  -2.145070e+00  6.391625e-05  5.113353e+02  4.360524e-01  2.229690e+02  2.961590e-03  2.699734e-03
     7  -2.135733e+00  -2.138838e+00  6.672776e-05  5.112118e+02  4.360305e-01  2.229040e+02  2.962379e-03  2.700128e-03
     8  -2.129495e+00  -2.132603e+00  6.966511e-05  5.110848e+02  4.360079e-01  2.228370e+02  2.963192e-03  2.700534e-03
     9  -2.123268e+00  -2.126370e+00  7.272580e-05  5.109541e+02  4.359847e-01  2.227682e+02  2.964029e-03  2.700951e-03
    10  -2.117034e+00  -2.120139e+00  7.592335e-05  5.108197e+02  4.359609e-01  2.226974e+02  2.964890e-03  2.701380e-03
    11  -2.110803e+00  -2.113907e+00  7.925890e-05  5.106813e+02  4.359363e-01  2.226245e+02  2.965777e-03  2.701822e-03
    12  -2.104570e+00  -2.107676e+00  8.274157e-05  5.105390e+02  4.359110e-01  2.225496e+02  2.966690e-03  2.702277e-03
    13  -2.098342e+00  -2.101445e+00  8.637379e-05  5.103926e+02  4.358850e-01  2.224725e+02  2.967629e-03  2.702745e-03
    14  -2.092114e+00  -2.095217e+00  9.016405e-05  5.102421e+02  4.358582e-01  2.223932e+02  2.968596e-03  2.703227e-03
    15  -2.085876e+00  -2.088984e+00  9.412640e-05  5.100871e+02  4.358306e-01  2.223116e+02  2.969592e-03  2.703723e-03
    16  -2.079644e+00  -2.082749e+00  9.825814e-05  5.099276e+02  4.358023e-01  2.222276e+02  2.970618e-03  2.704234e-03
    17  -2.073405e+00  -2.076513e+00  1.025750e-04  5.097635e+02  4.357731e-01  2.221412e+02  2.971674e-03  2.704760e-03
    18  -2.067175e+00  -2.070278e+00  1.070736e-04  5.095947e+02  4.357430e-01  2.220523e+02  2.972760e-03  2.705301e-03
    19  -2.060941e+00  -2.064047e+00  1.117716e-04  5.094211e+02  4.357121e-01  2.219609e+02  2.973879e-03  2.705858e-03
    20  -2.054708e+00  -2.057813e+00  1.166741e-04  5.092425e+02  4.356803e-01  2.218669e+02  2.975030e-03  2.706431e-03
    21  -2.048474e+00  -2.051580e+00  1.217905e-04  5.090587e+02  4.356476e-01  2.217702e+02  2.976216e-03  2.707021e-03
    22  -2.042240e+00  -2.045346e+00  1.271309e-04  5.088697e+02  4.356139e-01  2.216707e+02  2.977437e-03  2.707629e-03
    23  -2.036010e+00  -2.039114e+00  1.327005e-04  5.086753e+02  4.355793e-01  2.215684e+02  2.978693e-03  2.708254e-03
    24  -2.029776e+00  -2.032882e+00  1.385159e-04  5.084754e+02  4.355436e-01  2.214632e+02  2.979986e-03  2.708897e-03
    25  -2.023543e+00  -2.026648e+00  1.445845e-04  5.082697e+02  4.355069e-01  2.213550e+02  2.981318e-03  2.709559e-03
    26  -2.017312e+00  -2.020416e+00  1.509149e-04  5.080581e+02  4.354692e-01  2.212437e+02  2.982688e-03  2.710241e-03
    27  -2.011073e+00  -2.014181e+00  1.575290e-04  5.078404e+02  4.354304e-01  2.211291e+02  2.984100e-03  2.710942e-03
    28  -2.004842e+00  -2.007946e+00  1.644237e-04  5.076165e+02  4.353904e-01  2.210113e+02  2.985553e-03  2.711665e-03
    29  -1.998611e+00  -2.001715e+00  1.716176e-04  5.073863e+02  4.353493e-01  2.208903e+02  2.987049e-03  2.712408e-03
    30  -1.992380e+00  -1.995484e+00  1.791246e-04  5.071496e+02  4.353070e-01  2.207658e+02  2.988588e-03  2.713172e-03
    31  -1.986146e+00  -1.989252e+00  1.869613e-04  5.069061e+02  4.352635e-01  2.206377e+02  2.990173e-03  2.713960e-03
    32  -1.979912e+00  -1.983018e+00  1.951388e-04  5.066556e+02  4.352187e-01  2.205060e+02  2.991806e-03  2.714770e-03
    33  -1.973682e+00  -1.976786e+00  2.036668e-04  5.063980e+02  4.351726e-01  2.203706e+02  2.993486e-03  2.715604e-03
    34  -1.967450e+00  -1.970555e+00  2.125676e-04  5.061331e+02  4.351253e-01  2.202313e+02  2.995216e-03  2.716463e-03
    35  -1.961218e+00  -1.964323e+00  2.218557e-04  5.058607e+02  4.350765e-01  2.200881e+02  2.996996e-03  2.717346e-03
    36  -1.954988e+00  -1.958092e+00  2.315430e-04  5.055806e+02  4.350264e-01  2.199409e+02  2.998830e-03  2.718255e-03
    37  -1.948757e+00  -1.951862e+00  2.416522e-04  5.052926e+02  4.349748e-01  2.197895e+02  3.000717e-03  2.719191e-03
    38  -1.942526e+00  -1.945631e+00  2.522004e-04  5.049964e+02  4.349217e-01  2.196339e+02  3.002660e-03  2.720155e-03
    39  -1.936294e+00  -1.939399e+00  2.632088e-04  5.046918e+02  4.348671e-01  2.194738e+02  3.004661e-03  2.721146e-03
    40  -1.930065e+00  -1.933168e+00  2.746873e-04  5.043786e+02  4.348109e-01  2.193093e+02  3.006721e-03  2.722167e-03
    41  -1.923834e+00  -1.926938e+00  2.866651e-04  5.040566e+02  4.347531e-01  2.191402e+02  3.008842e-03  2.723217e-03
    42  -1.917606e+00  -1.920709e+00  2.991578e-04  5.037256e+02  4.346937e-01  2.189663e+02  3.011025e-03  2.724298e-03
    43  -1.911378e+00  -1.914481e+00  3.121906e-04  5.033853e+02  4.346326e-01  2.187876e+02  3.013272e-03  2.725410e-03
    44  -1.905148e+00  -1.908252e+00  3.257907e-04  5.030353e+02  4.345697e-01  2.186039e+02  3.015587e-03  2.726555e-03
    45  -1.898920e+00  -1.902023e+00  3.399746e-04  5.026755e+02  4.345050e-01  2.184150e+02  3.017970e-03  2.727734e-03
    46  -1.892691e+00  -1.895794e+00  3.547724e-04  5.023057e+02  4.344384e-01  2.182209e+02  3.020423e-03  2.728947e-03
    47  -1.886464e+00  -1.889566e+00  3.702053e-04  5.019255e+02  4.343700e-01  2.180214e+02  3.022949e-03  2.730195e-03
    48  -1.880238e+00  -1.883340e+00  3.863001e-04  5.015347e+02  4.342996e-01  2.178163e+02  3.025550e-03  2.731480e-03
    49  -1.874010e+00  -1.877113e+00  4.030957e-04  5.011330e+02  4.342272e-01  2.176056e+02  3.028228e-03  2.732803e-03
    50  -1.867783e+00  -1.870885e+00  4.206106e-04  5.007200e+02  4.341527e-01  2.173889e+02  3.030985e-03  2.734164e-03
    51  -1.861557e+00  -1.864659e+00  4.388801e-04  5.002955e+02  4.340761e-01  2.171663e+02  3.033824e-03  2.735565e-03
    52  -1.855331e+00  -1.858433e+00  4.579325e-04  4.998593e+02  4.339973e-01  2.169376e+02  3.036748e-03  2.737007e-03
    53  -1.849102e+00  -1.852206e+00  4.778138e-04  4.994108e+02  4.339162e-01  2.167024e+02  3.039759e-03  2.738491e-03
    54  -1.842878e+00  -1.845979e+00  4.985347e-04  4.989499e+02  4.338329e-01  2.164609e+02  3.042859e-03  2.740019e-03
    55  -1.836654e+00  -1.839755e+00  5.201481e-04  4.984763e+02  4.337472e-01  2.162127e+02  3.046051e-03  2.741591e-03
    56  -1.830429e+00  -1.833530e+00  5.426885e-04  4.979896e+02  4.336590e-01  2.159577e+02  3.049338e-03  2.743209e-03
    57  -1.824204e+00  -1.827305e+00  5.661971e-04  4.974894e+02  4.335684e-01  2.156957e+02  3.052723e-03  2.744875e-03
    58  -1.817980e+00  -1.821081e+00  5.907064e-04  4.969754e+02  4.334752e-01  2.154265e+02  3.056208e-03  2.746589e-03
    59  -1.811757e+00  -1.814857e+00  6.162668e-04  4.964473e+02  4.333793e-01  2.151500e+02  3.059798e-03  2.748353e-03
    60  -1.805533e+00  -1.808634e+00  6.429189e-04  4.959047e+02  4.332807e-01  2.148659e+02  3.063495e-03  2.750170e-03
    61  -1.799310e+00  -1.802411e+00  6.707104e-04  4.953471e+02  4.331793e-01  2.145741e+02  3.067302e-03  2.752039e-03
    62  -1.793088e+00  -1.796188e+00  6.996861e-04  4.947743e+02  4.330751e-01  2.142744e+02  3.071222e-03  2.753963e-03
    63  -1.786865e+00  -1.789965e+00  7.298974e-04  4.941858e+02  4.329679e-01  2.139666e+02  3.075260e-03  2.755943e-03
    64  -1.780643e+00  -1.783743e+00  7.613962e-04  4.935812e+02  4.328576e-01  2.136504e+02  3.079419e-03  2.757982e-03
    65  -1.774421e+00  -1.777521e+00  7.942322e-04  4.929602e+02  4.327443e-01  2.133257e+02  3.083702e-03  2.760080e-03
    66  -1.768199e+00  -1.771299e+00  8.284723e-04  4.923222e+02  4.326278e-01  2.129923e+02  3.088114e-03  2.762240e-03
    67  -1.761977e+00  -1.765077e+00  8.641640e-04  4.916669e+02  4.325079e-01  2.126498e+02  3.092659e-03  2.764463e-03
    68  -1.755756e+00  -1.758856e+00  9.013664e-04  4.909938e+02  4.323847e-01  2.122982e+02  3.097340e-03  2.766751e-03
    69  -1.749535e+00  -1.752635e+00  9.401486e-04  4.903026e+02  4.322581e-01  2.119372e+02  3.102161e-03  2.769106e-03
    70  -1.743314e+00  -1.746414e+00  9.805784e-04  4.895926e+02  4.321278e-01  2.115666e+02  3.107127e-03  2.771531e-03
    71  -1.737092e+00  -1.740192e+00  1.022722e-03  4.888634e+02  4.319939e-01  2.111860e+02  3.112244e-03  2.774027e-03
    72  -1.730871e+00  -1.733971e+00  1.066645e-03  4.881147e+02  4.318562e-01  2.107953e+02  3.117515e-03  2.776596e-03
    73  -1.724651e+00  -1.727750e+00  1.112418e-03  4.873459e+02  4.317147e-01  2.103944e+02  3.122945e-03  2.779241e-03
    74  -1.718430e+00  -1.721530e+00  1.160127e-03  4.865565e+02  4.315692e-01  2.099828e+02  3.128538e-03  2.781963e-03
    75  -1.712210e+00  -1.715309e+00  1.209843e-03  4.857460e+02  4.314196e-01  2.095604e+02  3.134302e-03  2.784766e-03
    76  -1.705989e+00  -1.709089e+00  1.261660e-03  4.849140e+02  4.312659e-01  2.091268e+02  3.140239e-03  2.787651e-03
    77  -1.699769e+00  -1.702868e+00  1.315650e-03  4.840598e+02  4.311078e-01  2.086820e+02  3.146357e-03  2.790621e-03
    78  -1.693549e+00  -1.696648e+00  1.371910e-03  4.831830e+02  4.309454e-01  2.082255e+02  3.152661e-03  2.793678e-03
    79  -1.687328e+00  -1.690427e+00  1.430537e-03  4.822829e+02  4.307784e-01  2.077570e+02  3.159157e-03  2.796826e-03
    80  -1.681107e+00  -1.684206e+00  1.491613e-03  4.813591e+02  4.306067e-01  2.072765e+02  3.165851e-03  2.800066e-03
    81  -1.674886e+00  -1.677986e+00  1.555254e-03  4.804110e+02  4.304303e-01  2.067835e+02  3.172748e-03  2.803402e-03
    82  -1.668665e+00  -1.671765e+00  1.621555e-03  4.794380e+02  4.302489e-01  2.062777e+02  3.179857e-03  2.806837e-03
    83  -1.662444e+00  -1.665544e+00  1.690622e-03  4.784396e+02  4.300625e-01  2.057589e+02  3.187184e-03  2.810373e-03
    84  -1.656223e+00  -1.659323e+00  1.762572e-03  4.774151e+02  4.298710e-01  2.052269e+02  3.194734e-03  2.814013e-03
    85  -1.650001e+00  -1.653101e+00  1.837521e-03  4.763640e+02  4.296741e-01  2.046813e+02  3.202517e-03  2.817761e-03
    86  -1.643779e+00  -1.646879e+00  1.915590e-03  4.752855e+02  4.294718e-01  2.041217e+02  3.210540e-03  2.821621e-03
    87  -1.637557e+00  -1.640657e+00  1.996900e-03  4.741792e+02  4.292639e-01  2.035480e+02  3.218810e-03  2.825594e-03
    88  -1.631334e+00  -1.634434e+00  2.081586e-03  4.730444e+02  4.290502e-01  2.029598e+02  3.227335e-03  2.829686e-03
    89  -1.625110e+00  -1.628211e+00  2.169788e-03  4.718804e+02  4.288307e-01  2.023568e+02  3.236124e-03  2.833899e-03
    90  -1.618885e+00  -1.621986e+00  2.261641e-03  4.706866e+02  4.286050e-01  2.017386e+02  3.245186e-03  2.838238e-03
    91  -1.612660e+00  -1.615762e+00  2.357288e-03  4.694622e+02  4.283732e-01  2.011050e+02  3.254530e-03  2.842705e-03
    92  -1.606435e+00  -1.609536e+00  2.456877e-03  4.682068e+02  4.281350e-01  2.004557e+02  3.264164e-03  2.847305e-03
    93  -1.600208e+00  -1.603310e+00  2.560586e-03  4.669195e+02  4.278902e-01  1.997903e+02  3.274099e-03  2.852043e-03
    94  -1.593981e+00  -1.597083e+00  2.668544e-03  4.655997e+02  4.276387e-01  1.991084e+02  3.284345e-03  2.856922e-03
    95  -1.587752e+00  -1.590855e+00  2.780947e-03  4.642467e+02  4.273803e-01  1.984099e+02  3.294912e-03  2.861947e-03
    96  -1.581523e+00  -1.584627e+00  2.897949e-03  4.628599e+02  4.271149e-01  1.976944e+02  3.305811e-03  2.867122e-03
    97  -1.575293e+00  -1.578397e+00  3.019750e-03  4.614385e+02  4.268422e-01  1.969614e+02  3.317054e-03  2.872451e-03
    98  -1.569062e+00  -1.572166e+00  3.146529e-03  4.599817e+02  4.265620e-01  1.962107e+02  3.328652e-03  2.877941e-03
    99  -1.562829e+00  -1.565934e+00  3.278481e-03  4.584889e+02  4.262742e-01  1.954420e+02  3.340617e-03  2.883595e-03
   100  -1.556595e+00  -1.559701e+00  3.415810e-03  4.569592e+02  4.259786e-01  1.946549e+02  3.352962e-03  2.889420e-03
   101  -1.550359e+00  -1.553466e+00  3.558731e-03  4.553921e+02  4.256749e-01  1.938490e+02  3.365701e-03  2.895419e-03
   102  -1.544122e+00  -1.547229e+00  3.707443e-03  4.537866e+02  4.253630e-01  1.930241e+02  3.378846e-03  2.901600e-03
   103  -1.537883e+00  -1.540992e+00  3.862193e-03  4.521422e+02  4.250427e-01  1.921797e+02  3.392413e-03  2.907967e-03
   104  -1.531643e+00  -1.534752e+00  4.023197e-03  4.504579e+02  4.247136e-01  1.913156e+02  3.406416e-03  2.914527e-03
   105  -1.525400e+00  -1.528510e+00  4.190697e-03  4.487332e+02  4.243756e-01  1.904315e+02  3.420870e-03  2.921285e-03
   106  -1.519156e+00  -1.522267e+00  4.364955e-03  4.469672e+02  4.240286e-01  1.895269e+02  3.435792e-03  2.928248e-03
   107  -1.512909e+00  -1.516021e+00  4.546218e-03  4.451590e+02  4.236721e-01  1.886015e+02  3.451198e-03  2.935423e-03
   108  -1.506661e+00  -1.509774e+00  4.734748e-03  4.433081e+02  4.233061e-01  1.876550e+02  3.467106e-03  2.942816e-03
   109  -1.500410e+00  -1.503524e+00  4.930837e-03  4.414135e+02  4.229303e-01  1.866871e+02  3.483533e-03  2.950435e-03
   110  -1.494156e+00  -1.497271e+00  5.134764e-03  4.394746e+02  4.225443e-01  1.856975e+02  3.500500e-03  2.958287e-03
   111  -1.487899e+00  -1.491016e+00  5.346829e-03  4.374904e+02  4.221480e-01  1.846857e+02  3.518026e-03  2.966379e-03
   112  -1.481640e+00  -1.484758e+00  5.567324e-03  4.354604e+02  4.217411e-01  1.836515e+02  3.536131e-03  2.974719e-03
   113  -1.475378e+00  -1.478498e+00  5.796581e-03  4.333837e+02  4.213233e-01  1.825947e+02  3.554837e-03  2.983316e-03
   114  -1.469113e+00  -1.472234e+00  6.034915e-03  4.312595e+02  4.208944e-01  1.815147e+02  3.574166e-03  2.992177e-03
   115  -1.462844e+00  -1.465967e+00  6.282676e-03  4.290870e+02  4.204541e-01  1.804114e+02  3.594143e-03  3.001313e-03
   116  -1.456572e+00  -1.459697e+00  6.540210e-03  4.268655e+02  4.200021e-01  1.792844e+02  3.614791e-03  3.010731e-03
   117  -1.450296e+00  -1.453423e+00  6.807874e-03  4.245943e+02  4.195381e-01  1.781335e+02  3.636136e-03  3.020442e-03
   118  -1.444017e+00  -1.447145e+00  7.086044e-03  4.222725e+02  4.190618e-01  1.769583e+02  3.658206e-03  3.030455e-03
   119  -1.437733e+00  -1.440863e+00  7.375103e-03  4.198995e+02  4.185729e-01  1.757586e+02  3.681028e-03  3.040780e-03
   120  -1.431445e+00  -1.434577e+00  7.675455e-03  4.174745e+02  4.180711e-01  1.745340e+02  3.704631e-03  3.051429e-03
   121  -1.425152e+00  -1.428287e+00  7.987504e-03  4.149968e+02  4.175560e-01  1.732844e+02  3.729047e-03  3.062411e-03
   122  -1.418855e+00  -1.421992e+00  8.311671e-03  4.124657e+02  4.170275e-01  1.720095e+02  3.754308e-03  3.073739e-03
   123  -1.412553e+00  -1.415692e+00  8.648426e-03  4.098803e+02  4.164850e-01  1.707090e+02  3.780448e-03  3.085425e-03
   124  -1.406245e+00  -1.409387e+00  8.998165e-03  4.072401e+02  4.159283e-01  1.693827e+02  3.807502e-03  3.097481e-03
   125  -1.399933e+00  -1.403077e+00  9.361386e-03  4.045446e+02  4.153571e-01  1.680305e+02  3.835507e-03  3.109920e-03
   126  -1.393614e+00  -1.396762e+00  9.738557e-03  4.017929e+02  4.147710e-01  1.666520e+02  3.864502e-03  3.122755e-03
   127  -1.387290e+00  -1.390440e+00  1.013019e-02  3.989844e+02  4.141696e-01  1.652472e+02  3.894529e-03  3.136001e-03
   128  -1.380959e+00  -1.384113e+00  1.053678e-02  3.961185e+02  4.135526e-01  1.638158e+02  3.925631e-03  3.149672e-03
   129  -1.374622e+00  -1.377779e+00  1.095886e-02  3.931947e+02  4.129195e-01  1.623578e+02  3.957853e-03  3.163783e-03
   130  -1.368277e+00  -1.371438e+00  1.139696e-02  3.902123e+02  4.122701e-01  1.608729e+02  3.991243e-03  3.178351e-03
   131  -1.361926e+00  -1.365090e+00  1.185164e-02  3.871709e+02  4.116039e-01  1.593611e+02  4.025850e-03  3.193392e-03
   132  -1.355567e+00  -1.358735e+00  1.232348e-02  3.840700e+02  4.109205e-01  1.578222e+02  4.061727e-03  3.208922e-03
   133  -1.349201e+00  -1.352372e+00  1.281308e-02  3.809089e+02  4.102195e-01  1.562562e+02  4.098932e-03  3.224962e-03
   134  -1.342826e+00  -1.346001e+00  1.332102e-02  3.776874e+02  4.095004e-01  1.546631e+02  4.137522e-03  3.241528e-03
   135  -1.336442e+00  -1.339622e+00  1.384795e-02  3.744050e+02  4.087630e-01  1.530429e+02  4.177559e-03  3.258642e-03
   136  -1.330050e+00  -1.333234e+00  1.439450e-02  3.710614e+02  4.080066e-01  1.513955e+02  4.219108e-03  3.276324e-03
   137  -1.323648e+00  -1.326837e+00  1.496132e-02  3.676561e+02  4.072310e-01  1.497210e+02  4.262239e-03  3.294594e-03
   138  -1.317236e+00  -1.320430e+00  1.554911e-02  3.641890e+02  4.064356e-01  1.480194e+02  4.307024e-03  3.313477e-03
   139  -1.310814e+00  -1.314013e+00  1.615855e-02  3.606598e+02  4.056200e-01  1.462908e+02  4.353541e-03  3.332995e-03
   140  -1.304382e+00  -1.307586e+00  1.679038e-02  3.570683e+02  4.047837e-01  1.445354e+02  4.401870e-03  3.353174e-03
   141  -1.297938e+00  -1.301148e+00  1.744530e-02  3.534143e+02  4.039262e-01  1.427533e+02  4.452100e-03  3.374040e-03
   142  -1.291483e+00  -1.294698e+00  1.812408e-02  3.496978e+02  4.030470e-01  1.409447e+02  4.504320e-03  3.395619e-03
   143  -1.285015e+00  -1.288237e+00  1.882751e-02  3.459188e+02  4.021457e-01  1.391097e+02  4.558628e-03  3.417940e-03
   144  -1.278535e+00  -1.281763e+00  1.955637e-02  3.420772e+02  4.012217e-01  1.372488e+02  4.615128e-03  3.441035e-03
   145  -1.272042e+00  -1.275276e+00  2.031146e-02  3.381731e+02  4.002745e-01  1.353621e+02  4.673928e-03  3.464932e-03
   146  -1.265534e+00  -1.268776e+00  2.109364e-02  3.342068e+02  3.993036e-01  1.334499e+02  4.735144e-03  3.489668e-03
   147  -1.259012e+00  -1.262261e+00  2.190376e-02  3.301783e+02  3.983084e-01  1.315128e+02  4.798901e-03  3.515275e-03
   148  -1.252476e+00  -1.255732e+00  2.274267e-02  3.260880e+02  3.972883e-01  1.295510e+02  4.865329e-03  3.541791e-03
   149  -1.245923e+00  -1.249187e+00  2.361129e-02  3.219364e+02  3.962430e-01  1.275650e+02  4.934568e-03  3.569254e-03
   150  -1.239354e+00  -1.242626e+00  2.451054e-02  3.177237e+02  3.951716e-01  1.255554e+02  5.006769e-03  3.597705e-03
   151  -1.232768e+00  -1.236049e+00  2.544136e-02  3.134505e+02  3.940737e-01  1.235226e+02  5.082090e-03  3.627188e-03
   152  -1.226164e+00  -1.229454e+00  2.640469e-02  3.091174e+02  3.929487e-01  1.214673e+02  5.160701e-03  3.657747e-03
   153  -1.219542e+00  -1.222841e+00  2.740152e-02  3.047251e+02  3.917958e-01  1.193900e+02  5.242783e-03  3.689430e-03
   154  -1.212900e+00  -1.216208e+00  2.843287e-02  3.002743e+02  3.906147e-01  1.172915e+02  5.328532e-03  3.722288e-03
   155  -1.206238e+00  -1.209556e+00  2.949974e-02  2.957659e+02  3.894044e-01  1.151726e+02  5.418155e-03  3.756373e-03
   156  -1.199554e+00  -1.202883e+00  3.060319e-02  2.912009e+02  3.881646e-01  1.130339e+02  5.511875e-03  3.791744e-03
   157  -1.192849e+00  -1.196189e+00  3.174428e-02  2.865803e+02  3.868943e-01  1.108763e+02  5.609931e-03  3.828458e-03
   158  -1.186121e+00  -1.189472e+00  3.292412e-02  2.819052e+02  3.855931e-01  1.087007e+02  5.712580e-03  3.866581e-03
   159  -1.179368e+00  -1.182731e+00  3.414379e-02  2.771769e+02  3.842602e-01  1.065080e+02  5.820098e-03  3.906178e-03
   160  -1.172590e+00  -1.175966e+00  3.540444e-02  2.723967e+02  3.828948e-01  1.042993e+02  5.932782e-03  3.947322e-03
   161  -1.165787e+00  -1.169175e+00  3.670722e-02  2.675661e+02  3.814963e-01  1.020755e+02  6.050952e-03  3.990088e-03
   162  -1.158955e+00  -1.162358e+00  3.805332e-02  2.626867e+02  3.800639e-01  9.983773e+01  6.174952e-03  4.034557e-03
   163  -1.152096e+00  -1.155512e+00  3.944390e-02  2.577601e+02  3.785969e-01  9.758717e+01  6.305155e-03  4.080815e-03
   164  -1.145206e+00  -1.148637e+00  4.088021e-02  2.527882e+02  3.770944e-01  9.532501e+01  6.441963e-03  4.128952e-03
   165  -1.138286e+00  -1.141732e+00  4.236348e-02  2.477727e+02  3.755558e-01  9.305248e+01  6.585811e-03  4.179067e-03
   166  -1.131333e+00  -1.134795e+00  4.389496e-02  2.427159e+02  3.739801e-01  9.077090e+01  6.737172e-03  4.231262e-03
   167  -1.124345e+00  -1.127825e+00  4.547592e-02  2.376197e+02  3.723666e-01  8.848164e+01  6.896555e-03  4.285650e-03
   168  -1.117323e+00  -1.120820e+00  4.710768e-02  2.324865e+02  3.707144e-01  8.618610e+01  7.064518e-03  4.342348e-03
   169  -1.110263e+00  -1.113778e+00  4.879156e-02  2.273186e+02  3.690226e-01  8.388572e+01  7.241666e-03  4.401485e-03
   170  -1.103164e+00  -1.106699e+00  5.052886e-02  2.221187e+02  3.672904e-01  8.158205e+01  7.428655e-03  4.463196e-03
   171  -1.096025e+00  -1.099580e+00  5.232095e-02  2.168893e+02  3.655168e-01  7.927667e+01  7.626202e-03  4.527626e-03
   172  -1.088843e+00  -1.092419e+00  5.416922e-02  2.116331e+02  3.637009e-01  7.697116e+01  7.835093e-03  4.594934e-03
   173  -1.081617e+00  -1.085215e+00  5.607503e-02  2.063532e+02  3.618418e-01  7.466721e+01  8.056185e-03  4.665286e-03
   174  -1.074345e+00  -1.077966e+00  5.803982e-02  2.010525e+02  3.599384e-01  7.236651e+01  8.290418e-03  4.738866e-03
   175  -1.067024e+00  -1.070669e+00  6.006498e-02  1.957342e+02  3.579897e-01  7.007081e+01  8.538825e-03  4.815869e-03
   176  -1.059651e+00  -1.063322e+00  6.215198e-02  1.904015e+02  3.559947e-01  6.778191e+01  8.802539e-03  4.896507e-03
   177  -1.052226e+00  -1.055923e+00  6.430225e-02  1.850578e+02  3.539523e-01  6.550165e+01  9.082808e-03  4.981007e-03
   178  -1.044744e+00  -1.048469e+00  6.651726e-02  1.797068e+02  3.518614e-01  6.323190e+01  9.381010e-03  5.069617e-03
   179  -1.037203e+00  -1.040957e+00  6.879851e-02  1.743521e+02  3.497209e-01  6.097456e+01  9.698669e-03  5.162605e-03
   180  -1.029601e+00  -1.033386e+00  7.114747e-02  1.689973e+02  3.475296e-01  5.873157e+01  1.003747e-02  5.260263e-03
   181  -1.021934e+00  -1.025751e+00  7.356565e-02  1.636466e+02  3.452863e-01  5.650491e+01  1.039928e-02  5.362906e-03
   182  -1.014199e+00  -1.018050e+00  7.605458e-02  1.583038e+02  3.429896e-01  5.429657e+01  1.078619e-02  5.470879e-03
   183  -1.006393e+00  -1.010279e+00  7.861579e-02  1.529731e+02  3.406385e-01  5.210854e+01  1.120051e-02  5.584558e-03
   184  -9.985116e-01  -1.002434e+00  8.125079e-02  1.476589e+02  3.382314e-01  4.994286e+01  1.164484e-02  5.704355e-03
   185  -9.905510e-01  -9.945131e-01  8.396115e-02  1.423654e+02  3.357670e-01  4.780159e+01  1.212207e-02  5.830719e-03
   186  -9.825071e-01  -9.865104e-01  8.674840e-02  1.370971e+02  3.332438e-01  4.568676e+01  1.263545e-02  5.964143e-03
   187  -9.743755e-01  -9.784223e-01  8.961413e-02  1.318586e+02  3.306604e-01  4.360043e+01  1.318865e-02  6.105172e-03
   188  -9.661514e-01  -9.702440e-01  9.255987e-02  1.266546e+02  3.280152e-01  4.154465e+01  1.378580e-02  6.254401e-03
   189  -9.578296e-01  -9.619706e-01  9.558720e-02  1.214899e+02  3.253066e-01  3.952146e+01  1.443156e-02  6.412491e-03
   190  -9.494047e-01  -9.535967e-01  9.869768e-02  1.163693e+02  3.225329e-01  3.753292e+01  1.513125e-02  6.580170e-03
   191  -9.408708e-01  -9.451168e-01  1.018929e-01  1.112977e+02  3.196923e-01  3.558101e+01  1.589087e-02  6.758248e-03
   192  -9.322216e-01  -9.365247e-01  1.051744e-01  1.062801e+02  3.167830e-01  3.366774e+01  1.671733e-02  6.947624e-03
   193  -9.234501e-01  -9.278137e-01  1.085438e-01  1.013217e+02  3.138030e-01  3.179504e+01  1.761851e-02  7.149300e-03
   194  -9.145490e-01  -9.189768e-01  1.120026e-01  9.642739e+01  3.107504e-01  2.996485e+01  1.860346e-02  7.364397e-03
   195  -9.055104e-01  -9.100062e-01  1.155524e-01  9.160250e+01  3.076230e-01  2.817903e+01  1.968264e-02  7.594168e-03
   196  -8.963256e-01  -9.008938e-01  1.191948e-01  8.685217e+01  3.044185e-01  2.643941e+01  2.086814e-02  7.840024e-03
   197  -8.869853e-01  -8.916304e-01  1.229312e-01  8.218163e+01  3.011347e-01  2.474774e+01  2.217404e-02  8.103553e-03
   198  -8.774792e-01  -8.822063e-01  1.267634e-01  7.759612e+01  2.977690e-01  2.310572e+01  2.361675e-02  8.386553e-03
   199  -8.677961e-01  -8.726107e-01  1.306927e-01  7.310085e+01  2.943189e-01  2.151496e+01  2.521555e-02  8.691065e-03
   200  -8.579240e-01  -8.628320e-01  1.347208e-01  6.870105e+01  2.907814e-01  1.997699e+01  2.699314e-02  9.019413e-03
   201  -8.478494e-01  -8.528575e-01  1.388490e-01  6.440191e+01  2.871537e-01  1.849325e+01  2.897638e-02  9.374253e-03
   202  -8.375577e-01  -8.426731e-01  1.430790e-01  6.020858e+01  2.834326e-01  1.706507e+01  3.119728e-02  9.758637e-03
   203  -8.270327e-01  -8.322633e-01  1.474123e-01  5.612612e+01  2.796148e-01  1.569369e+01  3.369418e-02  1.017608e-02
   204  -8.162565e-01  -8.216111e-01  1.518502e-01  5.215957e+01  2.756967e-01  1.438022e+01  3.651323e-02  1.063067e-02
   205  -8.052092e-01  -8.106977e-01  1.563943e-01  4.831383e+01  2.716744e-01  1.312563e+01  3.971039e-02  1.112713e-02
   206  -7.938689e-01  -7.995020e-01  1.610460e-01  4.459372e+01  2.675439e-01  1.193078e+01  4.335396e-02  1.167102e-02
   207  -7.822107e-01  -7.880007e-01  1.658067e-01  4.100389e+01  2.633007e-01  1.079635e+01  4.752793e-02  1.226887e-02
   208  -7.702069e-01  -7.761673e-01  1.706778e-01  3.754884e+01  2.589400e-01  9.722900e+00  5.233640e-02  1.292842e-02
   209  -7.578264e-01  -7.639726e-01  1.756607e-01  3.423289e+01  2.544568e-01  8.710793e+00  5.790944e-02  1.365886e-02
   210  -7.450338e-01  -7.513830e-01  1.807567e-01  3.106016e+01  2.498454e-01  7.760237e+00  6.441109e-02  1.447124e-02
   211  -7.317889e-01  -7.383609e-01  1.859671e-01  2.803450e+01  2.450997e-01  6.871248e+00  7.205030e-02  1.537891e-02
   212  -7.180457e-01  -7.248629e-01  1.912933e-01  2.515951e+01  2.402132e-01  6.043646e+00  8.109599e-02  1.639811e-02
   213  -7.037513e-01  -7.108397e-01  1.967366e-01  2.243848e+01  2.351787e-01  5.277052e+00  9.189833e-02  1.754881e-02
   214  -6.888445e-01  -6.962339e-01  2.022981e-01  1.987435e+01  2.299882e-01  4.570867e+00  1.049190e-01  1.885576e-02
   215  -6.732540e-01  -6.809793e-01  2.079790e-01  1.746968e+01  2.246333e-01  3.924271e+00  1.207753e-01  2.034997e-02
   216  -6.568962e-01  -6.649981e-01  2.137806e-01  1.522658e+01  2.191043e-01  3.336209e+00  1.403047e-01  2.207073e-02
   217  -6.396720e-01  -6.481987e-01  2.197041e-01  1.314669e+01  2.133910e-01  2.805385e+00  1.646629e-01  2.406839e-02
   218  -6.214636e-01  -6.304724e-01  2.257504e-01  1.123108e+01  2.074820e-01  2.330247e+00  1.954736e-01  2.640841e-02
   219  -6.021287e-01  -6.116885e-01  2.319208e-01  9.480233e+00  2.013647e-01  1.908985e+00  2.350657e-01  2.917709e-02
   220  -5.814947e-01  -5.916892e-01  2.382162e-01  7.893909e+00  1.950256e-01  1.539515e+00  2.868547e-01  3.249012e-02
   221  -5.593493e-01  -5.702808e-01  2.446377e-01  6.471085e+00  1.884500e-01  1.219476e+00  3.559794e-01  3.650536e-02
   222  -5.354285e-01  -5.472242e-01  2.511862e-01  5.209841e+00  1.816219e-01  9.462214e-01  4.503927e-01  4.144259e-02
   223  -5.094004e-01  -5.222195e-01  2.578626e-01  4.107226e+00  1.745252e-01  7.168145e-01  5.828038e-01  4.761457e-02
   224  -4.808423e-01  -4.948867e-01  2.646680e-01  3.159104e+00  1.671437e-01  5.280242e-01  7.742677e-01  5.547743e-02
   225  -4.492091e-01  -4.647378e-01  2.716031e-01  2.359970e+00  1.594629e-01  3.763277e-01  1.061118e+00  6.571435e-02
   226  -4.137924e-01  -4.311398e-01  2.786687e-01  1.702725e+00  1.514735e-01  2.579177e-01  1.508993e+00  7.937846e-02
   227  -3.736660e-01  -3.932659e-01  2.858656e-01  1.178417e+00  1.431766e-01  1.687217e-01  2.242668e+00  9.814265e-02
   228  -3.276289e-01  -3.500377e-01  2.931946e-01  7.759504e-01  1.345945e-01  1.044386e-01  3.512792e+00  1.247420e-01
   229  -2.741745e-01  -3.000798e-01  3.006563e-01  4.818158e-01  1.257884e-01  6.060682e-02  5.851925e+00  1.637504e-01
   230  -2.115825e-01  -2.417519e-01  3.082514e-01  2.799352e-01  1.168860e-01  3.272050e-02  1.044868e+01  2.228606e-01
   231  -1.383554e-01  -1.734274e-01  3.159805e-01  1.518898e-01  1.081120e-01  1.642112e-02  2.002324e+01  3.145878e-01
   232  -5.430712e-02  -9.430122e-02  3.238442e-01  7.794571e-02  9.978679e-02  7.777952e-03  4.061358e+01  4.570994e-01
   233  3.787075e-02  -5.777196e-03  3.318430e-01  3.922146e-02  9.222774e-02  3.617307e-03  8.395478e+01  6.702712e-01
   234  1.321938e-01  8.758797e-02  3.399773e-01  2.045207e-02  8.557546e-02  1.750196e-03  1.671429e+02  9.636071e-01
   235  2.218109e-01  1.793098e-01  3.482476e-01  1.161438e-02  7.976187e-02  9.263848e-04  3.048641e+02  1.324487e+00
   236  3.022610e-01  2.638961e-01  3.566544e-01  7.331661e-03  7.467467e-02  5.474894e-04  4.991269e+02  1.722882e+00
   237  3.722867e-01  3.386837e-01  3.651978e-01  5.106381e-03  7.024719e-02  3.587089e-04  7.388773e+02  2.128493e+00
   238  4.326309e-01  4.035060e-01  3.738783e-01  3.847473e-03  6.642359e-02  2.555630e-04  1.008471e+03  2.521705e+00
   239  4.847500e-01  4.594719e-01  3.826961e-01  3.074210e-03  6.313192e-02  1.940808e-04  1.294619e+03  2.893690e+00
   240  5.301285e-01  5.080317e-01  3.916514e-01  2.564006e-03  6.029126e-02  1.545871e-04  1.588378e+03  3.242325e+00
   241  5.700409e-01  5.505430e-01  4.007443e-01  2.206752e-03  5.782447e-02  1.276043e-04  1.884476e+03  3.568705e+00
   242  6.055121e-01  5.881385e-01  4.099751e-01  1.944153e-03  5.566500e-02  1.082213e-04  2.180110e+03  3.875135e+00
   243  6.373479e-01  6.217216e-01  4.193438e-01  1.743339e-03  5.375818e-02  9.371876e-05  2.473978e+03  4.164185e+00
   244  6.661783e-01  6.520022e-01  4.288503e-01  1.584714e-03  5.206014e-02  8.250045e-05  2.765644e+03  4.438284e+00
   245  6.924982e-01  6.795376e-01  4.384948e-01  1.456015e-03  5.053592e-02  7.358105e-05  3.055161e+03  4.699593e+00
   246  7.166995e-01  7.047674e-01  4.482772e-01  1.349238e-03  4.915765e-02  6.632537e-05  3.342842e+03  4.949980e+00
   247  7.390952e-01  7.280417e-01  4.581974e-01  1.258970e-03  4.790300e-02  6.030843e-05  3.629136e+03  5.191038e+00
   248  7.599379e-01  7.496416e-01  4.682552e-01  1.181432e-03  4.675394e-02  5.523660e-05  3.914553e+03  5.424126e+00
   249  7.794341e-01  7.697954e-01  4.784506e-01  1.113914e-03  4.569580e-02  5.090118e-05  4.199623e+03  5.650402e+00
   250  7.977534e-01  7.886903e-01  4.887832e-01  1.054424e-03  4.471654e-02  4.715021e-05  4.484876e+03  5.870856e+00
   251  8.150371e-01  8.064812e-01  4.992529e-01  1.001471e-03  4.380620e-02  4.387063e-05  4.770829e+03  6.086342e+00
   252  8.314035e-01  8.232974e-01  5.098594e-01  9.539124e-04  4.295645e-02  4.097669e-05  5.057982e+03  6.297596e+00
   253  8.469528e-01  8.392477e-01  5.206023e-01  9.108630e-04  4.216030e-02  3.840226e-05  5.346814e+03  6.505263e+00
   254  8.617700e-01  8.544246e-01  5.314812e-01  8.716243e-04  4.141183e-02  3.609556e-05  5.637784e+03  6.709905e+00
   255  8.759285e-01  8.689069e-01  5.424959e-01  8.356385e-04  4.070598e-02  3.401548e-05  5.931336e+03  6.912020e+00
   256  8.894911e-01  8.827627e-01  5.536457e-01  8.024546e-04  4.003839e-02  3.212899e-05  6.227895e+03  7.112049e+00
   257  9.025129e-01  8.960508e-01  5.649304e-01  7.717043e-04  3.940531e-02  3.040924e-05  6.527874e+03  7.310388e+00
   258  9.150416e-01  9.088224e-01  5.763493e-01  7.430835e-04  3.880348e-02  2.883423e-05  6.831672e+03  7.507392e+00
   259  9.271192e-01  9.211224e-01  5.879020e-01  7.163393e-04  3.823005e-02  2.738569e-05  7.139681e+03  7.703382e+00
   260  9.387828e-01  9.329901e-01  5.995879e-01  6.912590e-04  3.768251e-02  2.604837e-05  7.452282e+03  7.898651e+00
   261  9.500653e-01  9.444607e-01  6.114063e-01  6.676630e-04  3.715865e-02  2.480946e-05  7.769852e+03  8.093468e+00
   262  9.609958e-01  9.555649e-01  6.233566e-01  6.453982e-04  3.665651e-02  2.365804e-05  8.092761e+03  8.288079e+00
   263  9.716006e-01  9.663306e-01  6.354383e-01  6.243331e-04  3.617434e-02  2.258484e-05  8.421381e+03  8.482713e+00
   264  9.819031e-01  9.767824e-01  6.476505e-01  6.043546e-04  3.571059e-02  2.158186e-05  8.756080e+03  8.677585e+00
   265  9.919243e-01  9.869426e-01  6.599927e-01  5.853644e-04  3.526385e-02  2.064220e-05  9.097223e+03  8.872893e+00
   266  1.001683e+00  9.968312e-01  6.724639e-01  5.672768e-04  3.483287e-02  1.975988e-05  9.445182e+03  9.068827e+00
   267  1.011197e+00  1.006466e+00  6.850636e-01  5.500167e-04  3.441652e-02  1.892966e-05  9.800329e+03  9.265564e+00
   268  1.020482e+00  1.015865e+00  6.977908e-01  5.335180e-04  3.401375e-02  1.814695e-05  1.016304e+04  9.463275e+00
   269  1.029552e+00  1.025041e+00  7.106448e-01  5.177223e-04  3.362364e-02  1.740771e-05  1.053370e+04  9.662121e+00
   270  1.038420e+00  1.034009e+00  7.236247e-01  5.025776e-04  3.324533e-02  1.670836e-05  1.091268e+04  9.862258e+00
   271  1.047098e+00  1.042781e+00  7.367296e-01  4.880376e-04  3.287805e-02  1.604572e-05  1.130040e+04  1.006384e+01
   272  1.055597e+00  1.051369e+00  7.499587e-01  4.740609e-04  3.252107e-02  1.541697e-05  1.169724e+04  1.026701e+01
   273  1.063928e+00  1.059783e+00  7.633112e-01  4.606104e-04  3.217375e-02  1.481956e-05  1.210362e+04  1.047190e+01
   274  1.072099e+00  1.068032e+00  7.767859e-01  4.476525e-04  3.183548e-02  1.425123e-05  1.251997e+04  1.067867e+01
   275  1.080119e+00  1.076127e+00  7.903821e-01  4.351570e-04  3.150571e-02  1.370993e-05  1.294671e+04  1.088744e+01
   276  1.087996e+00  1.084075e+00  8.040988e-01  4.230963e-04  3.118392e-02  1.319380e-05  1.338429e+04  1.109835e+01
   277  1.095737e+00  1.091884e+00  8.179349e-01  4.114456e-04  3.086965e-02  1.270118e-05  1.383317e+04  1.131153e+01
   278  1.103351e+00  1.099561e+00  8.318895e-01  4.001821e-04  3.056245e-02  1.223054e-05  1.429382e+04  1.152711e+01
   279  1.110842e+00  1.107112e+00  8.459616e-01  3.892850e-04  3.026191e-02  1.178051e-05  1.476672e+04  1.174522e+01
   280  1.118216e+00  1.114545e+00  8.601502e-01  3.787352e-04  2.996765e-02  1.134980e-05  1.525239e+04  1.196600e+01
   281  1.125481e+00  1.121864e+00  8.744542e-01  3.685151e-04  2.967933e-02  1.093728e-05  1.575135e+04  1.218957e+01
   282  1.132640e+00  1.129075e+00  8.888727e-01  3.586087e-04  2.939661e-02  1.054188e-05  1.626412e+04  1.241607e+01
   283  1.139699e+00  1.136184e+00  9.034045e-01  3.490009e-04  2.911919e-02  1.016262e-05  1.679128e+04  1.264563e+01
   284  1.146662e+00  1.143194e+00  9.180486e-01  3.396780e-04  2.884678e-02  9.798615e-06  1.733341e+04  1.287837e+01
   285  1.153533e+00  1.150111e+00  9.328039e-01  3.306272e-04  2.857911e-02  9.449030e-06  1.789110e+04  1.311444e+01
   286  1.160318e+00  1.156939e+00  9.476693e-01  3.218366e-04  2.831593e-02  9.113103e-06  1.846499e+04  1.335396e+01
   287  1.167019e+00  1.163681e+00  9.626437e-01  3.132950e-04  2.805702e-02  8.790124e-06  1.905574e+04  1.359708e+01
   288  1.173640e+00  1.170342e+00  9.777261e-01  3.049922e-04  2.780215e-02  8.479436e-06  1.966401e+04  1.384394e+01
   289  1.180185e+00  1.176925e+00  9.929154e-01  2.969183e-04  2.755111e-02  8.180430e-06  2.029053e+04  1.409468e+01
   290  1.186657e+00  1.183433e+00  1.008210e+00  2.890645e-04  2.730372e-02  7.892536e-06  2.093603e+04  1.434944e+01
   291  1.193059e+00  1.189870e+00  1.023610e+00  2.814220e-04  2.705980e-02  7.615224e-06  2.160129e+04  1.460838e+01
   292  1.199394e+00  1.196238e+00  1.039113e+00  2.739830e-04  2.681918e-02  7.347999e-06  2.228710e+04  1.487163e+01
   293  1.205665e+00  1.202541e+00  1.054718e+00  2.667398e-04  2.658171e-02  7.090399e-06  2.299433e+04  1.513937e+01
   294  1.211875e+00  1.208781e+00  1.070425e+00  2.596854e-04  2.634723e-02  6.841991e-06  2.372384e+04  1.541175e+01
   295  1.218026e+00  1.214962e+00  1.086232e+00  2.528129e-04  2.611562e-02  6.602367e-06  2.447657e+04  1.568893e+01
   296  1.224121e+00  1.221084e+00  1.102138e+00  2.461161e-04  2.588675e-02  6.371146e-06  2.525348e+04  1.597109e+01
   297  1.230162e+00  1.227152e+00  1.118142e+00  2.395888e-04  2.566051e-02  6.147970e-06  2.605559e+04  1.625839e+01
   298  1.236150e+00  1.233166e+00  1.134242e+00  2.332253e-04  2.543677e-02  5.932500e-06  2.688396e+04  1.655101e+01
   299  1.242090e+00  1.239130e+00  1.150438e+00  2.270202e-04  2.521546e-02  5.724420e-06  2.773971e+04  1.684913e+01
   300  1.247982e+00  1.245046e+00  1.166729e+00  2.209683e-04  2.499647e-02  5.523427e-06  2.862402e+04  1.715295e+01
   301  1.253828e+00  1.250915e+00  1.183113e+00  2.150646e-04  2.477972e-02  5.329241e-06  2.953812e+04  1.746267e+01
   302  1.259631e+00  1.256739e+00  1.199589e+00  2.093044e-04  2.456513e-02  5.141591e-06  3.048331e+04  1.777848e+01
   303  1.265392e+00  1.262521e+00  1.216156e+00  2.036831e-04  2.435265e-02  4.960223e-06  3.146095e+04  1.810059e+01
   304  1.271114e+00  1.268262e+00  1.232813e+00  1.981965e-04  2.414220e-02  4.784899e-06  3.247250e+04  1.842922e+01
   305  1.276797e+00  1.273964e+00  1.249559e+00  1.928403e-04  2.393374e-02  4.615389e-06  3.351945e+04  1.876459e+01
   306  1.282444e+00  1.279630e+00  1.266393e+00  1.876107e-04  2.372721e-02  4.451478e-06  3.460342e+04  1.910694e+01
   307  1.288056e+00  1.285259e+00  1.283313e+00  1.825038e-04  2.352258e-02  4.292960e-06  3.572610e+04  1.945651e+01
   308  1.293635e+00  1.290855e+00  1.300318e+00  1.775159e-04  2.331982e-02  4.139639e-06  3.688927e+04  1.981354e+01
   309  1.299183e+00  1.296418e+00  1.317409e+00  1.726436e-04  2.311889e-02  3.991329e-06  3.809482e+04  2.017830e+01
   310  1.304701e+00  1.301951e+00  1.334582e+00  1.678835e-04  2.291978e-02  3.847853e-06  3.934475e+04  2.055105e+01
   311  1.310191e+00  1.307455e+00  1.351837e+00  1.632323e-04  2.272248e-02  3.709043e-06  4.064115e+04  2.093208e+01
   312  1.315654e+00  1.312931e+00  1.369174e+00  1.586870e-04  2.252698e-02  3.574737e-06  4.198627e+04  2.132167e+01
   313  1.321091e+00  1.318381e+00  1.386590e+00  1.542444e-04  2.233327e-02  3.444782e-06  4.338249e+04  2.172013e+01
   314  1.326505e+00  1.323806e+00  1.404086e+00  1.499018e-04  2.214136e-02  3.319030e-06  4.483230e+04  2.212777e+01
   315  1.331896e+00  1.329208e+00  1.421659e+00  1.456563e-04  2.195127e-02  3.197342e-06  4.633837e+04  2.254492e+01
   316  1.337266e+00  1.334589e+00  1.439309e+00  1.415054e-04  2.176301e-02  3.079582e-06  4.790355e+04  2.297192e+01
   317  1.342616e+00  1.339949e+00  1.457034e+00  1.374463e-04  2.157660e-02  2.965623e-06  4.953082e+04  2.340913e+01
   318  1.347949e+00  1.345291e+00  1.474834e+00  1.334767e-04  2.139207e-02  2.855343e-06  5.122337e+04  2.385691e+01
   319  1.353265e+00  1.350615e+00  1.492708e+00  1.295942e-04  2.120945e-02  2.748622e-06  5.298460e+04  2.431564e+01
   320  1.358565e+00  1.355923e+00  1.510654e+00  1.257965e-04  2.102878e-02  2.645348e-06  5.481813e+04  2.478574e+01
   321  1.363852e+00  1.361217e+00  1.528672e+00  1.220815e-04  2.085012e-02  2.545413e-06  5.672780e+04  2.526761e+01
   322  1.369126e+00  1.366497e+00  1.546760e+00  1.184470e-04  2.067349e-02  2.448713e-06  5.871770e+04  2.576169e+01
   323  1.374389e+00  1.371766e+00  1.564917e+00  1.148911e-04  2.049896e-02  2.355147e-06  6.079220e+04  2.626844e+01
   324  1.379643e+00  1.377024e+00  1.583142e+00  1.114118e-04  2.032657e-02  2.264620e-06  6.295594e+04  2.678833e+01
   325  1.384888e+00  1.382274e+00  1.601435e+00  1.080074e-04  2.015640e-02  2.177040e-06  6.521389e+04  2.732185e+01
   326  1.390127e+00  1.387516e+00  1.619794e+00  1.046761e-04  1.998849e-02  2.092317e-06  6.757133e+04  2.786952e+01
   327  1.395361e+00  1.392752e+00  1.638218e+00  1.014163e-04  1.982292e-02  2.010367e-06  7.003390e+04  2.843188e+01
   328  1.400591e+00  1.397984e+00  1.656707e+00  9.822653e-05  1.965974e-02  1.931108e-06  7.260764e+04  2.900948e+01
   329  1.405819e+00  1.403213e+00  1.675259e+00  9.510526e-05  1.949903e-02  1.854460e-06  7.529896e+04  2.960292e+01
   330  1.411046e+00  1.408440e+00  1.693873e+00  9.205116e-05  1.934084e-02  1.780347e-06  7.811475e+04  3.021280e+01
   331  1.416275e+00  1.413668e+00  1.712548e+00  8.906295e-05  1.918525e-02  1.708695e-06  8.106235e+04  3.083976e+01
   332  1.421505e+00  1.418898e+00  1.731284e+00  8.613947e-05  1.903232e-02  1.639434e-06  8.414958e+04  3.148446e+01
   333  1.426740e+00  1.424131e+00  1.750080e+00  8.327965e-05  1.888210e-02  1.572495e-06  8.738481e+04  3.214761e+01
   334  1.431981e+00  1.429368e+00  1.768933e+00  8.048249e-05  1.873466e-02  1.507812e-06  9.077698e+04  3.282991e+01
   335  1.437228e+00  1.434612e+00  1.787844e+00  7.774710e-05  1.859004e-02  1.445322e-06  9.433561e+04  3.353212e+01
   336  1.442485e+00  1.439865e+00  1.806811e+00  7.507264e-05  1.844829e-02  1.384962e-06  9.807093e+04  3.425503e+01
   337  1.447752e+00  1.445127e+00  1.825834e+00  7.245840e-05  1.830944e-02  1.326673e-06  1.019938e+05  3.499946e+01
   338  1.453032e+00  1.450400e+00  1.844912e+00  6.990371e-05  1.817353e-02  1.270397e-06  1.061158e+05  3.576626e+01
   339  1.458326e+00  1.455687e+00  1.864043e+00  6.740799e-05  1.804057e-02  1.216079e-06  1.104494e+05  3.655632e+01
   340  1.463635e+00  1.460988e+00  1.883227e+00  6.497075e-05  1.791057e-02  1.163663e-06  1.150078e+05  3.737056e+01
   341  1.468962e+00  1.466307e+00  1.902463e+00  6.259156e-05  1.778351e-02  1.113098e-06  1.198051e+05  3.820996e+01
   342  1.474308e+00  1.471643e+00  1.921749e+00  6.027002e-05  1.765939e-02  1.064332e-06  1.248564e+05  3.907552e+01
   343  1.479674e+00  1.476999e+00  1.941086e+00  5.800583e-05  1.753815e-02  1.017315e-06  1.301777e+05  3.996829e+01
   344  1.485063e+00  1.482377e+00  1.960472e+00  5.579870e-05  1.741975e-02  9.719994e-07  1.357860e+05  4.088936e+01
   345  1.490477e+00  1.487778e+00  1.979907e+00  5.364836e-05  1.730411e-02  9.283370e-07  1.416997e+05  4.183988e+01
   346  1.495916e+00  1.493205e+00  1.999389e+00  5.155464e-05  1.719114e-02  8.862830e-07  1.479381e+05  4.282102e+01
   347  1.501382e+00  1.498658e+00  2.018916e+00  4.951740e-05  1.708074e-02  8.457940e-07  1.545214e+05  4.383399e+01
   348  1.506878e+00  1.504139e+00  2.038490e+00  4.753642e-05  1.697278e-02  8.068253e-07  1.614719e+05  4.488007e+01
   349  1.512404e+00  1.509650e+00  2.058108e+00  4.561149e-05  1.686711e-02  7.693342e-07  1.688128e+05  4.596061e+01
   350  1.517962e+00  1.515192e+00  2.077770e+00  4.374245e-05  1.676357e-02  7.332798e-07  1.765687e+05  4.707696e+01
   351  1.523554e+00  1.520767e+00  2.097475e+00  4.192903e-05  1.666199e-02  6.986209e-07  1.847659e+05  4.823058e+01
   352  1.529180e+00  1.526376e+00  2.117222e+00  4.017098e-05  1.656215e-02  6.653180e-07  1.934324e+05  4.942294e+01
   353  1.534843e+00  1.532021e+00  2.137010e+00  3.846800e-05  1.646387e-02  6.333322e-07  2.025976e+05  5.065560e+01
   354  1.540543e+00  1.537703e+00  2.156839e+00  3.681970e-05  1.636692e-02  6.026250e-07  2.122933e+05  5.193016e+01
   355  1.546282e+00  1.543422e+00  2.176706e+00  3.522564e-05  1.627107e-02  5.731586e-07  2.225528e+05  5.324831e+01
   356  1.552060e+00  1.549181e+00  2.196613e+00  3.368531e-05  1.617609e-02  5.448964e-07  2.334118e+05  5.461177e+01
   357  1.557879e+00  1.554979e+00  2.216557e+00  3.219813e-05  1.608175e-02  5.178022e-07  2.449079e+05  5.602235e+01
   358  1.563739e+00  1.560819e+00  2.236538e+00  3.076343e-05  1.598782e-02  4.918401e-07  2.570814e+05  5.748192e+01
   359  1.569641e+00  1.566700e+00  2.256555e+00  2.938046e-05  1.589407e-02  4.669750e-07  2.699752e+05  5.899245e+01
   360  1.575587e+00  1.572624e+00  2.276608e+00  2.804839e-05  1.580028e-02  4.431726e-07  2.836348e+05  6.055595e+01
   361  1.581575e+00  1.578591e+00  2.296694e+00  2.676632e-05  1.570626e-02  4.203988e-07  2.981089e+05  6.217453e+01
   362  1.587608e+00  1.584602e+00  2.316815e+00  2.553325e-05  1.561180e-02  3.986200e-07  3.134493e+05  6.385041e+01
   363  1.593685e+00  1.590657e+00  2.336968e+00  2.434815e-05  1.551673e-02  3.778037e-07  3.297114e+05  6.558585e+01
   364  1.599807e+00  1.596757e+00  2.357153e+00  2.320990e-05  1.542090e-02  3.579176e-07  3.469539e+05  6.738321e+01
   365  1.605973e+00  1.602901e+00  2.377369e+00  2.211734e-05  1.532417e-02  3.389298e-07  3.652403e+05  6.924499e+01
   366  1.612185e+00  1.609090e+00  2.397614e+00  2.106925e-05  1.522641e-02  3.208091e-07  3.846379e+05  7.117376e+01
   367  1.618442e+00  1.615324e+00  2.417890e+00  2.006440e-05  1.512754e-02  3.035250e-07  4.052188e+05  7.317218e+01
   368  1.624744e+00  1.621604e+00  2.438194e+00  1.910151e-05  1.502747e-02  2.870473e-07  4.270604e+05  7.524307e+01
   369  1.631091e+00  1.627929e+00  2.458525e+00  1.817930e-05  1.492613e-02  2.713466e-07  4.502454e+05  7.738933e+01
   370  1.637483e+00  1.634299e+00  2.478883e+00  1.729646e-05  1.482349e-02  2.563940e-07  4.748621e+05  7.961399e+01
   371  1.643921e+00  1.640714e+00  2.499268e+00  1.645170e-05  1.471952e-02  2.421611e-07  5.010053e+05  8.192020e+01
   372  1.650404e+00  1.647174e+00  2.519677e+00  1.564373e-05  1.461420e-02  2.286205e-07  5.287767e+05  8.431128e+01
   373  1.656931e+00  1.653680e+00  2.540110e+00  1.487125e-05  1.450752e-02  2.157450e-07  5.582848e+05  8.679064e+01
   374  1.663503e+00  1.660230e+00  2.560567e+00  1.413300e-05  1.439949e-02  2.035081e-07  5.896469e+05  8.936191e+01
   375  1.670120e+00  1.666824e+00  2.581047e+00  1.342773e-05  1.429013e-02  1.918841e-07  6.229872e+05  9.202880e+01
   376  1.676780e+00  1.673463e+00  2.601548e+00  1.275423e-05  1.417946e-02  1.808481e-07  6.584396e+05  9.479519e+01
   377  1.683485e+00  1.680146e+00  2.622070e+00  1.211128e-05  1.406750e-02  1.703754e-07  6.961480e+05  9.766520e+01
   378  1.690234e+00  1.686872e+00  2.642612e+00  1.149771e-05  1.395428e-02  1.604422e-07  7.362663e+05  1.006431e+02
   379  1.697025e+00  1.693643e+00  2.663173e+00  1.091240e-05  1.383983e-02  1.510258e-07  7.789587e+05  1.037332e+02
   380  1.703860e+00  1.700456e+00  2.683753e+00  1.035421e-05  1.372421e-02  1.421034e-07  8.244023e+05  1.069402e+02
   381  1.710738e+00  1.707312e+00  2.704349e+00  9.822079e-06  1.360744e-02  1.336533e-07  8.727873e+05  1.102690e+02
   382  1.717658e+00  1.714211e+00  2.724962e+00  9.314945e-06  1.348956e-02  1.256545e-07  9.243166e+05  1.137245e+02
   383  1.724620e+00  1.721153e+00  2.745591e+00  8.831787e-06  1.337063e-02  1.180865e-07  9.792092e+05  1.173122e+02
   384  1.731624e+00  1.728136e+00  2.766234e+00  8.371621e-06  1.325068e-02  1.109297e-07  1.037699e+06  1.210373e+02
   385  1.738669e+00  1.735161e+00  2.786890e+00  7.933491e-06  1.312977e-02  1.041649e-07  1.100036e+06  1.249058e+02
   386  1.745756e+00  1.742227e+00  2.807560e+00  7.516464e-06  1.300795e-02  9.777376e-08  1.166493e+06  1.289235e+02
   387  1.752882e+00  1.749334e+00  2.828242e+00  7.119642e-06  1.288525e-02  9.173840e-08  1.237358e+06  1.330968e+02
   388  1.760050e+00  1.756481e+00  2.848934e+00  6.742159e-06  1.276175e-02  8.604172e-08  1.312943e+06  1.374323e+02
   389  1.767257e+00  1.763668e+00  2.869636e+00  6.383176e-06  1.263747e-02  8.066722e-08  1.393584e+06  1.419367e+02
   390  1.774503e+00  1.770895e+00  2.890347e+00  6.041891e-06  1.251249e-02  7.559909e-08  1.479637e+06  1.466172e+02
   391  1.781789e+00  1.778161e+00  2.911066e+00  5.717521e-06  1.238684e-02  7.082203e-08  1.571491e+06  1.514813e+02
   392  1.789113e+00  1.785466e+00  2.931793e+00  5.409316e-06  1.226058e-02  6.632136e-08  1.669560e+06  1.565368e+02
   393  1.796476e+00  1.792810e+00  2.952525e+00  5.116554e-06  1.213376e-02  6.208301e-08  1.774291e+06  1.617919e+02
   394  1.803876e+00  1.800191e+00  2.973262e+00  4.838536e-06  1.200641e-02  5.809343e-08  1.886164e+06  1.672552e+02
   395  1.811313e+00  1.807611e+00  2.994003e+00  4.574597e-06  1.187859e-02  5.433976e-08  2.005694e+06  1.729356e+02
   396  1.818788e+00  1.815067e+00  3.014747e+00  4.324098e-06  1.175034e-02  5.080963e-08  2.133434e+06  1.788423e+02
   397  1.826299e+00  1.822560e+00  3.035493e+00  4.086414e-06  1.162171e-02  4.749112e-08  2.269983e+06  1.849852e+02
   398  1.833846e+00  1.830089e+00  3.056239e+00  3.860954e-06  1.149273e-02  4.437291e-08  2.415982e+06  1.913746e+02
   399  1.841428e+00  1.837653e+00  3.076985e+00  3.647146e-06  1.136346e-02  4.144420e-08  2.572122e+06  1.980211e+02
   400  1.849045e+00  1.845253e+00  3.097730e+00  3.444441e-06  1.123394e-02  3.869464e-08  2.739146e+06  2.049358e+02
   401  1.856697e+00  1.852888e+00  3.118471e+00  3.252311e-06  1.110421e-02  3.611434e-08  2.917858e+06  2.121306e+02
   402  1.864384e+00  1.860558e+00  3.139210e+00  3.070251e-06  1.097432e-02  3.369392e-08  3.109119e+06  2.196178e+02
   403  1.872103e+00  1.868261e+00  3.159943e+00  2.897771e-06  1.084433e-02  3.142439e-08  3.313863e+06  2.274101e+02
   404  1.879856e+00  1.875997e+00  3.180670e+00  2.734409e-06  1.071429e-02  2.929726e-08  3.533091e+06  2.355211e+02
   405  1.887642e+00  1.883767e+00  3.201389e+00  2.579718e-06  1.058425e-02  2.730438e-08  3.767885e+06  2.439648e+02
   406  1.895460e+00  1.891568e+00  3.222100e+00  2.433272e-06  1.045425e-02  2.543803e-08  4.019415e+06  2.527560e+02
   407  1.903309e+00  1.899402e+00  3.242801e+00  2.294667e-06  1.032433e-02  2.369091e-08  4.288933e+06  2.619102e+02
   408  1.911190e+00  1.907268e+00  3.263492e+00  2.163513e-06  1.019454e-02  2.205603e-08  4.577797e+06  2.714436e+02
   409  1.919102e+00  1.915164e+00  3.284169e+00  2.039439e-06  1.006492e-02  2.052678e-08  4.887470e+06  2.813732e+02
   410  1.927045e+00  1.923092e+00  3.304833e+00  1.922091e-06  9.935484e-03  1.909690e-08  5.219532e+06  2.917170e+02
   411  1.935016e+00  1.931049e+00  3.325481e+00  1.811133e-06  9.806288e-03  1.776050e-08  5.575672e+06  3.024933e+02
   412  1.943018e+00  1.939036e+00  3.346113e+00  1.706244e-06  9.677345e-03  1.651191e-08  5.957729e+06  3.137217e+02
   413  1.951049e+00  1.947052e+00  3.366726e+00  1.607113e-06  9.548673e-03  1.534579e-08  6.367694e+06  3.254233e+02
   414  1.959107e+00  1.955097e+00  3.387321e+00  1.513445e-06  9.420326e-03  1.425715e-08  6.807698e+06  3.376190e+02
   415  1.967194e+00  1.963170e+00  3.407894e+00  1.424954e-06  9.292360e-03  1.324118e-08  7.280081e+06  3.503320e+02
   416  1.975309e+00  1.971270e+00  3.428445e+00  1.341369e-06  9.164836e-03  1.229342e-08  7.787347e+06  3.635857e+02
   417  1.983450e+00  1.979398e+00  3.448972e+00  1.262435e-06  9.037786e-03  1.140961e-08  8.332207e+06  3.774051e+02
   418  1.991618e+00  1.987553e+00  3.469473e+00  1.187916e-06  8.911190e-03  1.058574e-08  8.917570e+06  3.918164e+02
   419  1.999812e+00  1.995735e+00  3.489947e+00  1.117583e-06  8.785056e-03  9.818028e-09  9.546584e+06  4.068470e+02
   420  2.008032e+00  2.003942e+00  3.510392e+00  1.051216e-06  8.659399e-03  9.102901e-09  1.022266e+07  4.225259e+02
   421  2.016277e+00  2.012174e+00  3.530806e+00  9.885946e-07  8.534348e-03  8.437011e-09  1.094956e+07  4.388832e+02
   422  2.024546e+00  2.020431e+00  3.551188e+00  9.295043e-07  8.410051e-03  7.817178e-09  1.173138e+07  4.559511e+02
   423  2.032840e+00  2.028713e+00  3.571535e+00  8.737866e-07  8.286269e-03  7.240431e-09  1.257231e+07  4.737629e+02
   424  2.041157e+00  2.037019e+00  3.591847e+00  8.212707e-07  8.162917e-03  6.703965e-09  1.347693e+07  4.923539e+02
   425  2.049498e+00  2.045348e+00  3.612121e+00  7.717602e-07  8.040243e-03  6.205140e-09  1.445051e+07  5.117613e+02
   426  2.057862e+00  2.053700e+00  3.632356e+00  7.250901e-07  7.918291e-03  5.741474e-09  1.549859e+07  5.320244e+02
   427  2.066248e+00  2.062075e+00  3.652549e+00  6.810929e-07  7.797237e-03  5.310643e-09  1.662736e+07  5.531841e+02
   428  2.074655e+00  2.070472e+00  3.672697e+00  6.396417e-07  7.676913e-03  4.910474e-09  1.784308e+07  5.752830e+02
   429  2.083085e+00  2.078891e+00  3.692801e+00  6.005926e-07  7.557378e-03  4.538905e-09  1.915290e+07  5.983671e+02
   430  2.091535e+00  2.087331e+00  3.712856e+00  5.638265e-07  7.438480e-03  4.194013e-09  2.056423e+07  6.224843e+02
   431  2.100006e+00  2.095791e+00  3.732862e+00  5.291988e-07  7.320499e-03  3.873999e-09  2.208568e+07  6.476845e+02
   432  2.108498e+00  2.104273e+00  3.752816e+00  4.965973e-07  7.203347e-03  3.577163e-09  2.372622e+07  6.740217e+02
   433  2.117009e+00  2.112774e+00  3.772715e+00  4.659195e-07  7.086893e-03  3.301921e-09  2.549536e+07  7.015520e+02
   434  2.125540e+00  2.121295e+00  3.792558e+00  4.370490e-07  6.971290e-03  3.046796e-09  2.740396e+07  7.303341e+02
   435  2.134089e+00  2.129835e+00  3.812342e+00  4.098800e-07  6.856638e-03  2.810398e-09  2.946373e+07  7.604301e+02
   436  2.142657e+00  2.138394e+00  3.832064e+00  3.843112e-07  6.743059e-03  2.591434e-09  3.168753e+07  7.919052e+02
   437  2.151243e+00  2.146971e+00  3.851724e+00  3.602947e-07  6.629776e-03  2.388673e-09  3.408730e+07  8.248308e+02
   438  2.159847e+00  2.155566e+00  3.871316e+00  3.376695e-07  6.518175e-03  2.200989e-09  3.668133e+07  8.592792e+02
   439  2.168468e+00  2.164179e+00  3.890841e+00  3.164128e-07  6.407215e-03  2.027324e-09  3.948311e+07  8.953269e+02
   440  2.177106e+00  2.172808e+00  3.910294e+00  2.964351e-07  6.297093e-03  1.866679e-09  4.251090e+07  9.330575e+02
   441  2.185761e+00  2.181455e+00  3.929672e+00  2.776427e-07  6.188306e-03  1.718138e-09  4.578548e+07  9.725551e+02
   442  2.194431e+00  2.190118e+00  3.948974e+00  2.600081e-07  6.079950e-03  1.580836e-09  4.932454e+07  1.013911e+03
   443  2.203117e+00  2.198796e+00  3.968197e+00  2.434333e-07  5.972733e-03  1.453962e-09  5.315368e+07  1.057223e+03
   444  2.211819e+00  2.207490e+00  3.987338e+00  2.278679e-07  5.866406e-03  1.336766e-09  5.729685e+07  1.102594e+03
   445  2.220535e+00  2.216199e+00  4.006394e+00  2.132475e-07  5.761121e-03  1.228545e-09  6.178209e+07  1.150132e+03
   446  2.229265e+00  2.224922e+00  4.025361e+00  1.995200e-07  5.656844e-03  1.128653e-09  6.663871e+07  1.199950e+03
   447  2.238010e+00  2.233660e+00  4.044236e+00  1.866243e-07  5.553854e-03  1.036484e-09  7.190096e+07  1.252166e+03
   448  2.246768e+00  2.242411e+00  4.063018e+00  1.745273e-07  5.451668e-03  9.514649e-10  7.760182e+07  1.306914e+03
   449  2.255539e+00  2.251176e+00  4.081701e+00  1.631779e-07  5.350442e-03  8.730737e-10  8.378069e+07  1.364325e+03
   450  2.264324e+00  2.259954e+00  4.100285e+00  1.525205e-07  5.250548e-03  8.008164e-10  9.048350e+07  1.424547e+03
   451  2.273121e+00  2.268745e+00  4.118764e+00  1.425324e-07  5.151376e-03  7.342382e-10  9.775177e+07  1.487732e+03
   452  2.281930e+00  2.277547e+00  4.137136e+00  1.331644e-07  5.053287e-03  6.729179e-10  1.056392e+08  1.554040e+03
   453  2.290750e+00  2.286362e+00  4.155398e+00  1.243828e-07  4.956142e-03  6.164588e-10  1.142004e+08  1.623646e+03
   454  2.299581e+00  2.295188e+00  4.173546e+00  1.161429e-07  4.860359e-03  5.644961e-10  1.235018e+08  1.696730e+03
   455  2.308424e+00  2.304025e+00  4.191575e+00  1.084208e-07  4.765599e-03  5.166901e-10  1.336068e+08  1.773488e+03
   456  2.317277e+00  2.312873e+00  4.209483e+00  1.011898e-07  4.671680e-03  4.727266e-10  1.445861e+08  1.854122e+03
   457  2.326139e+00  2.321731e+00  4.227266e+00  9.441638e-08  4.578776e-03  4.323115e-10  1.565229e+08  1.938853e+03
   458  2.335012e+00  2.330598e+00  4.244922e+00  8.806869e-08  4.487074e-03  3.951707e-10  1.695106e+08  2.027920e+03
   459  2.343894e+00  2.339476e+00  4.262445e+00  8.212216e-08  4.396545e-03  3.610537e-10  1.836470e+08  2.121570e+03
   460  2.352784e+00  2.348362e+00  4.279832e+00  7.656233e-08  4.306674e-03  3.297290e-10  1.990278e+08  2.220060e+03
   461  2.361682e+00  2.357256e+00  4.297077e+00  7.134624e-08  4.218585e-03  3.009802e-10  2.157970e+08  2.323669e+03
   462  2.370588e+00  2.366158e+00  4.314179e+00  6.647991e-08  4.130649e-03  2.746052e-10  2.340456e+08  2.432702e+03
   463  2.379502e+00  2.375068e+00  4.331132e+00  6.191084e-08  4.044808e-03  2.504174e-10  2.539711e+08  2.547481e+03
   464  2.388422e+00  2.383985e+00  4.347934e+00  5.764749e-08  3.959343e-03  2.282462e-10  2.756818e+08  2.668342e+03
   465  2.397348e+00  2.392908e+00  4.364577e+00  5.365952e-08  3.875044e-03  2.079330e-10  2.993745e+08  2.795642e+03
   466  2.406282e+00  2.401838e+00  4.381063e+00  4.992883e-08  3.791975e-03  1.893289e-10  3.252489e+08  2.929779e+03
   467  2.415221e+00  2.410774e+00  4.397382e+00  4.643988e-08  3.710119e-03  1.722975e-10  3.535208e+08  3.071169e+03
   468  2.424163e+00  2.419715e+00  4.413531e+00  4.318364e-08  3.629045e-03  1.567154e-10  3.844010e+08  3.220234e+03
   469  2.433112e+00  2.428661e+00  4.429508e+00  4.013790e-08  3.549377e-03  1.424645e-10  4.181858e+08  3.377457e+03
   470  2.442064e+00  2.437611e+00  4.445308e+00  3.729624e-08  3.470507e-03  1.294368e-10  4.551332e+08  3.543352e+03
   471  2.451018e+00  2.446564e+00  4.460922e+00  3.464229e-08  3.392814e-03  1.175349e-10  4.955795e+08  3.718433e+03
   472  2.459976e+00  2.455520e+00  4.476353e+00  3.216685e-08  3.316014e-03  1.066657e-10  5.398626e+08  3.903290e+03
   473  2.468935e+00  2.464478e+00  4.491590e+00  2.985284e-08  3.240725e-03  9.674482e-11  5.884280e+08  4.098542e+03
   474  2.477895e+00  2.473438e+00  4.506634e+00  2.770119e-08  3.165722e-03  8.769426e-11  6.416012e+08  4.304846e+03
   475  2.486856e+00  2.482399e+00  4.521475e+00  2.568577e-08  3.092841e-03  7.944200e-11  7.000492e+08  4.522912e+03
   476  2.495817e+00  2.491360e+00  4.536111e+00  2.381167e-08  3.020470e-03  7.192244e-11  7.641398e+08  4.753473e+03
   477  2.504777e+00  2.500320e+00  4.550538e+00  2.206368e-08  2.949363e-03  6.507382e-11  8.345605e+08  4.997354e+03
   478  2.513736e+00  2.509280e+00  4.564753e+00  2.043851e-08  2.878855e-03  5.883952e-11  9.118865e+08  5.255435e+03
   479  2.522690e+00  2.518236e+00  4.578744e+00  1.891935e-08  2.810269e-03  5.316848e-11  9.970564e+08  5.528612e+03
   480  2.531642e+00  2.527189e+00  4.592517e+00  1.751066e-08  2.741902e-03  4.801252e-11  1.090615e+09  5.817897e+03
   481  2.540591e+00  2.536140e+00  4.606062e+00  1.619467e-08  2.675386e-03  4.332701e-11  1.193808e+09  6.124405e+03
   482  2.549531e+00  2.545084e+00  4.619369e+00  1.497271e-08  2.609623e-03  3.907312e-11  1.307407e+09  6.449176e+03
   483  2.558466e+00  2.554021e+00  4.632443e+00  1.383695e-08  2.544861e-03  3.521310e-11  1.432609e+09  6.793461e+03
   484  2.567392e+00  2.562952e+00  4.645273e+00  1.277859e-08  2.481694e-03  3.171255e-11  1.570880e+09  7.158593e+03
   485  2.576308e+00  2.571873e+00  4.657858e+00  1.179860e-08  2.418960e-03  2.854035e-11  1.723277e+09  7.545945e+03
   486  2.585214e+00  2.580784e+00  4.670191e+00  1.088537e-08  2.357988e-03  2.566757e-11  1.891847e+09  7.957028e+03
   487  2.594107e+00  2.589683e+00  4.682273e+00  1.004224e-08  2.297057e-03  2.306759e-11  2.077703e+09  8.393481e+03
   488  2.602985e+00  2.598569e+00  4.694093e+00  9.254482e-09  2.238520e-03  2.071634e-11  2.283849e+09  8.857002e+03
   489  2.611846e+00  2.607438e+00  4.705648e+00  8.526441e-09  2.180528e-03  1.859214e-11  2.511605e+09  9.349288e+03
   490  2.620688e+00  2.616290e+00  4.716936e+00  7.852000e-09  2.123573e-03  1.667430e-11  2.763669e+09  9.872326e+03
   491  2.629511e+00  2.625122e+00  4.727955e+00  7.226955e-09  2.067791e-03  1.494383e-11  3.042926e+09  1.042827e+04
   492  2.638309e+00  2.633932e+00  4.738698e+00  6.648587e-09  2.013022e-03  1.338375e-11  3.352327e+09  1.101931e+04
   493  2.647082e+00  2.642718e+00  4.749160e+00  6.111019e-09  1.960174e-03  1.197866e-11  3.696061e+09  1.164767e+04
   494  2.655824e+00  2.651475e+00  4.759340e+00  5.616659e-09  1.907592e-03  1.071429e-11  4.076423e+09  1.231577e+04
   495  2.664534e+00  2.660201e+00  4.769233e+00  5.157991e-09  1.856834e-03  9.577536e-12  4.499174e+09  1.302616e+04
   496  2.673206e+00  2.668891e+00  4.778833e+00  4.734477e-09  1.807293e-03  8.556586e-12  4.968368e+09  1.378139e+04
   497  2.681842e+00  2.677545e+00  4.788149e+00  4.345891e-09  1.757992e-03  7.640043e-12  5.487982e+09  1.458463e+04
   498  2.690431e+00  2.686158e+00  4.797166e+00  3.984986e-09  1.710933e-03  6.818045e-12  6.066758e+09  1.543879e+04
   499  2.698970e+00  2.694721e+00  4.805881e+00  3.651675e-09  1.665560e-03  6.082084e-12  6.710080e+09  1.634621e+04
