     i         log_r      log_rmid             m           rho            v2        trelax            kn
     0  -1.493484e+00  -1.794514e+00  4.936543e-05  4.477103e+00  9.555849e-02  7.225505e-01  3.804561e-02
     1  -1.482396e+00  -1.487905e+00  5.328937e-05  4.470451e+00  9.570069e-02  7.230879e-01  3.804561e-02
     2  -1.471308e+00  -1.476817e+00  5.752323e-05  4.468174e+00  9.570813e-02  7.234283e-01  3.805382e-02
     3  -1.460216e+00  -1.465727e+00  6.209370e-05  4.465780e+00  9.571596e-02  7.237866e-01  3.806247e-02
     4  -1.449126e+00  -1.454635e+00  6.702432e-05  4.463262e+00  9.572419e-02  7.241638e-01  3.807157e-02
     5  -1.438026e+00  -1.443541e+00  7.234881e-05  4.460614e+00  9.573284e-02  7.245609e-01  3.808114e-02
     6  -1.426934e+00  -1.432445e+00  7.809033e-05  4.457830e+00  9.574193e-02  7.249790e-01  3.809122e-02
     7  -1.415843e+00  -1.421353e+00  8.428458e-05  4.454904e+00  9.575149e-02  7.254190e-01  3.810183e-02
     8  -1.404747e+00  -1.410260e+00  9.096964e-05  4.451828e+00  9.576154e-02  7.258821e-01  3.811299e-02
     9  -1.393650e+00  -1.399163e+00  9.818356e-05  4.448594e+00  9.577210e-02  7.263697e-01  3.812474e-02
    10  -1.382549e+00  -1.388064e+00  1.059689e-04  4.445195e+00  9.578321e-02  7.268830e-01  3.813710e-02
    11  -1.371455e+00  -1.376967e+00  1.143624e-04  4.441622e+00  9.579488e-02  7.274233e-01  3.815011e-02
    12  -1.360359e+00  -1.365872e+00  1.234185e-04  4.437870e+00  9.580714e-02  7.279919e-01  3.816379e-02
    13  -1.349260e+00  -1.354774e+00  1.331900e-04  4.433925e+00  9.582002e-02  7.285905e-01  3.817820e-02
    14  -1.338164e+00  -1.343677e+00  1.437275e-04  4.429781e+00  9.583356e-02  7.292205e-01  3.819335e-02
    15  -1.327062e+00  -1.332578e+00  1.550994e-04  4.425427e+00  9.584779e-02  7.298838e-01  3.820930e-02
    16  -1.315965e+00  -1.321478e+00  1.673596e-04  4.420853e+00  9.586274e-02  7.305820e-01  3.822608e-02
    17  -1.304869e+00  -1.310382e+00  1.805806e-04  4.416051e+00  9.587844e-02  7.313167e-01  3.824373e-02
    18  -1.293770e+00  -1.299284e+00  1.948435e-04  4.411006e+00  9.589493e-02  7.320901e-01  3.826230e-02
    19  -1.282673e+00  -1.288186e+00  2.102204e-04  4.405708e+00  9.591225e-02  7.329043e-01  3.828184e-02
    20  -1.271576e+00  -1.277089e+00  2.268022e-04  4.400146e+00  9.593043e-02  7.337611e-01  3.830240e-02
    21  -1.260476e+00  -1.265990e+00  2.446857e-04  4.394306e+00  9.594954e-02  7.346632e-01  3.832403e-02
    22  -1.249373e+00  -1.254889e+00  2.639729e-04  4.388174e+00  9.596960e-02  7.356129e-01  3.834679e-02
    23  -1.238273e+00  -1.243787e+00  2.847617e-04  4.381738e+00  9.599066e-02  7.366126e-01  3.837073e-02
    24  -1.227174e+00  -1.232688e+00  3.071688e-04  4.374985e+00  9.601276e-02  7.376647e-01  3.839591e-02
    25  -1.216074e+00  -1.221589e+00  3.313271e-04  4.367899e+00  9.603596e-02  7.387722e-01  3.842240e-02
    26  -1.204975e+00  -1.210489e+00  3.573620e-04  4.360464e+00  9.606031e-02  7.399379e-01  3.845027e-02
    27  -1.193874e+00  -1.199389e+00  3.854278e-04  4.352666e+00  9.608585e-02  7.411651e-01  3.847958e-02
    28  -1.182770e+00  -1.188286e+00  4.156808e-04  4.344485e+00  9.611266e-02  7.424571e-01  3.851042e-02
    29  -1.171667e+00  -1.177183e+00  4.482776e-04  4.335906e+00  9.614078e-02  7.438173e-01  3.854286e-02
    30  -1.160562e+00  -1.166079e+00  4.834077e-04  4.326912e+00  9.617028e-02  7.452492e-01  3.857699e-02
    31  -1.149457e+00  -1.154974e+00  5.212579e-04  4.317483e+00  9.620121e-02  7.467567e-01  3.861288e-02
    32  -1.138350e+00  -1.143868e+00  5.620357e-04  4.307600e+00  9.623364e-02  7.483438e-01  3.865063e-02
    33  -1.127243e+00  -1.132761e+00  6.059606e-04  4.297245e+00  9.626764e-02  7.500146e-01  3.869034e-02
    34  -1.116134e+00  -1.121653e+00  6.532785e-04  4.286397e+00  9.630327e-02  7.517737e-01  3.873210e-02
    35  -1.105024e+00  -1.110544e+00  7.042385e-04  4.275034e+00  9.634061e-02  7.536258e-01  3.877602e-02
    36  -1.093912e+00  -1.099433e+00  7.591240e-04  4.263134e+00  9.637973e-02  7.555759e-01  3.882222e-02
    37  -1.082798e+00  -1.088319e+00  8.182252e-04  4.250676e+00  9.642071e-02  7.576294e-01  3.887081e-02
    38  -1.071682e+00  -1.077204e+00  8.818583e-04  4.237636e+00  9.646363e-02  7.597917e-01  3.892191e-02
    39  -1.060563e+00  -1.066087e+00  9.503637e-04  4.223991e+00  9.650856e-02  7.620687e-01  3.897565e-02
    40  -1.049440e+00  -1.054966e+00  1.024119e-03  4.209715e+00  9.655559e-02  7.644667e-01  3.903217e-02
    41  -1.038316e+00  -1.043842e+00  1.103493e-03  4.194784e+00  9.660481e-02  7.669923e-01  3.909161e-02
    42  -1.027187e+00  -1.032716e+00  1.188917e-03  4.179174e+00  9.665630e-02  7.696522e-01  3.915412e-02
    43  -1.016057e+00  -1.021586e+00  1.280828e-03  4.162857e+00  9.671015e-02  7.724537e-01  3.921985e-02
    44  -1.004921e+00  -1.010453e+00  1.379723e-03  4.145808e+00  9.676646e-02  7.754046e-01  3.928898e-02
    45  -9.937821e-01  -9.993160e-01  1.486103e-03  4.127998e+00  9.682532e-02  7.785133e-01  3.936167e-02
    46  -9.826382e-01  -9.881744e-01  1.600525e-03  4.109401e+00  9.688681e-02  7.817882e-01  3.943811e-02
    47  -9.714894e-01  -9.770280e-01  1.723575e-03  4.089989e+00  9.695105e-02  7.852385e-01  3.951850e-02
    48  -9.603351e-01  -9.658764e-01  1.855885e-03  4.069732e+00  9.701813e-02  7.888741e-01  3.960303e-02
    49  -9.491754e-01  -9.547194e-01  1.998123e-03  4.048604e+00  9.708814e-02  7.927050e-01  3.969191e-02
    50  -9.380092e-01  -9.435564e-01  2.151017e-03  4.026575e+00  9.716120e-02  7.967422e-01  3.978537e-02
    51  -9.268362e-01  -9.323868e-01  2.315332e-03  4.003615e+00  9.723739e-02  8.009974e-01  3.988366e-02
    52  -9.156558e-01  -9.212100e-01  2.491891e-03  3.979696e+00  9.731682e-02  8.054826e-01  3.998700e-02
    53  -9.044675e-01  -9.100256e-01  2.681574e-03  3.954789e+00  9.739960e-02  8.102110e-01  4.009567e-02
    54  -8.932715e-01  -8.988334e-01  2.885299e-03  3.928866e+00  9.748581e-02  8.151961e-01  4.020994e-02
    55  -8.820664e-01  -8.876328e-01  3.104081e-03  3.901899e+00  9.757556e-02  8.204526e-01  4.033009e-02
    56  -8.708517e-01  -8.764228e-01  3.338977e-03  3.873858e+00  9.766895e-02  8.259961e-01  4.045644e-02
    57  -8.596269e-01  -8.652030e-01  3.591122e-03  3.844718e+00  9.776607e-02  8.318430e-01  4.058929e-02
    58  -8.483912e-01  -8.539727e-01  3.861724e-03  3.814452e+00  9.786700e-02  8.380110e-01  4.072898e-02
    59  -8.371439e-01  -8.427311e-01  4.152066e-03  3.783033e+00  9.797185e-02  8.445186e-01  4.087587e-02
    60  -8.258843e-01  -8.314776e-01  4.463517e-03  3.750437e+00  9.808069e-02  8.513858e-01  4.103034e-02
    61  -8.146113e-01  -8.202112e-01  4.797536e-03  3.716639e+00  9.819361e-02  8.586338e-01  4.119276e-02
    62  -8.033246e-01  -8.089313e-01  5.155655e-03  3.681620e+00  9.831066e-02  8.662850e-01  4.136357e-02
    63  -7.920230e-01  -7.976370e-01  5.539526e-03  3.645357e+00  9.843192e-02  8.743634e-01  4.154318e-02
    64  -7.807053e-01  -7.863273e-01  5.950900e-03  3.607831e+00  9.855744e-02  8.828950e-01  4.173207e-02
    65  -7.693711e-01  -7.750012e-01  6.391610e-03  3.569027e+00  9.868727e-02  8.919070e-01  4.193071e-02
    66  -7.580192e-01  -7.636581e-01  6.863620e-03  3.528930e+00  9.882144e-02  9.014286e-01  4.213962e-02
    67  -7.466485e-01  -7.522967e-01  7.369017e-03  3.487528e+00  9.895998e-02  9.114912e-01  4.235933e-02
    68  -7.352581e-01  -7.409159e-01  7.909987e-03  3.444812e+00  9.910288e-02  9.221284e-01  4.259041e-02
    69  -7.238467e-01  -7.295149e-01  8.488863e-03  3.400775e+00  9.925015e-02  9.333758e-01  4.283347e-02
    70  -7.124131e-01  -7.180923e-01  9.108117e-03  3.355414e+00  9.940176e-02  9.452722e-01  4.308912e-02
    71  -7.009563e-01  -7.066469e-01  9.770334e-03  3.308729e+00  9.955767e-02  9.578586e-01  4.335805e-02
    72  -6.894749e-01  -6.951777e-01  1.047826e-02  3.260725e+00  9.971781e-02  9.711794e-01  4.364096e-02
    73  -6.779678e-01  -6.836833e-01  1.123480e-02  3.211410e+00  9.988209e-02  9.852819e-01  4.393859e-02
    74  -6.664335e-01  -6.721624e-01  1.204299e-02  3.160794e+00  1.000504e-01  1.000217e+00  4.425173e-02
    75  -6.548707e-01  -6.606136e-01  1.290606e-02  3.108895e+00  1.002226e-01  1.016041e+00  4.458121e-02
    76  -6.432781e-01  -6.490357e-01  1.382737e-02  3.055733e+00  1.003986e-01  1.032811e+00  4.492792e-02
    77  -6.316540e-01  -6.374271e-01  1.481049e-02  3.001333e+00  1.005781e-01  1.050592e+00  4.529279e-02
    78  -6.199970e-01  -6.257864e-01  1.585915e-02  2.945726e+00  1.007608e-01  1.069453e+00  4.567681e-02
    79  -6.083055e-01  -6.141119e-01  1.697728e-02  2.888946e+00  1.009467e-01  1.089468e+00  4.608102e-02
    80  -5.965780e-01  -6.024021e-01  1.816896e-02  2.831033e+00  1.011352e-01  1.110718e+00  4.650655e-02
    81  -5.848127e-01  -5.906555e-01  1.943850e-02  2.772034e+00  1.013262e-01  1.133289e+00  4.695455e-02
    82  -5.730081e-01  -5.788703e-01  2.079041e-02  2.711997e+00  1.015191e-01  1.157276e+00  4.742630e-02
    83  -5.611623e-01  -5.670448e-01  2.222937e-02  2.650979e+00  1.017136e-01  1.182780e+00  4.792311e-02
    84  -5.492737e-01  -5.551773e-01  2.376030e-02  2.589041e+00  1.019093e-01  1.209913e+00  4.844639e-02
    85  -5.373405e-01  -5.432661e-01  2.538829e-02  2.526248e+00  1.021055e-01  1.238795e+00  4.899765e-02
    86  -5.253606e-01  -5.313092e-01  2.711870e-02  2.462671e+00  1.023017e-01  1.269557e+00  4.957847e-02
    87  -5.133322e-01  -5.193048e-01  2.895704e-02  2.398386e+00  1.024973e-01  1.302341e+00  5.019056e-02
    88  -5.012536e-01  -5.072509e-01  3.090905e-02  2.333472e+00  1.026916e-01  1.337303e+00  5.083571e-02
    89  -4.891226e-01  -4.951457e-01  3.298073e-02  2.268015e+00  1.028839e-01  1.374612e+00  5.151586e-02
    90  -4.769373e-01  -4.829872e-01  3.517823e-02  2.202103e+00  1.030734e-01  1.414454e+00  5.223307e-02
    91  -4.646955e-01  -4.707733e-01  3.750796e-02  2.135829e+00  1.032593e-01  1.457031e+00  5.298951e-02
    92  -4.523953e-01  -4.585019e-01  3.997652e-02  2.069288e+00  1.034406e-01  1.502566e+00  5.378754e-02
    93  -4.400346e-01  -4.461710e-01  4.259071e-02  2.002580e+00  1.036165e-01  1.551300e+00  5.462966e-02
    94  -4.276111e-01  -4.337784e-01  4.535754e-02  1.935805e+00  1.037858e-01  1.603502e+00  5.551853e-02
    95  -4.151226e-01  -4.213220e-01  4.828429e-02  1.869066e+00  1.039477e-01  1.659465e+00  5.645703e-02
    96  -4.025671e-01  -4.087995e-01  5.137828e-02  1.802469e+00  1.041009e-01  1.719511e+00  5.744824e-02
    97  -3.899423e-01  -3.962089e-01  5.464712e-02  1.736120e+00  1.042443e-01  1.783998e+00  5.849541e-02
    98  -3.772458e-01  -3.835477e-01  5.809861e-02  1.670124e+00  1.043767e-01  1.853316e+00  5.960211e-02
    99  -3.644753e-01  -3.708136e-01  6.174066e-02  1.604588e+00  1.044969e-01  1.927901e+00  6.077211e-02
   100  -3.516285e-01  -3.580044e-01  6.558137e-02  1.539617e+00  1.046036e-01  2.008233e+00  6.200949e-02
   101  -3.387029e-01  -3.451176e-01  6.962896e-02  1.475314e+00  1.046954e-01  2.094844e+00  6.331864e-02
   102  -3.256961e-01  -3.321508e-01  7.389183e-02  1.411782e+00  1.047712e-01  2.188323e+00  6.470428e-02
   103  -3.126056e-01  -3.191015e-01  7.837842e-02  1.349120e+00  1.048294e-01  2.289328e+00  6.617150e-02
   104  -2.994290e-01  -3.059673e-01  8.309731e-02  1.287424e+00  1.048687e-01  2.398587e+00  6.772578e-02
   105  -2.861635e-01  -2.927456e-01  8.805718e-02  1.226787e+00  1.048877e-01  2.516914e+00  6.937306e-02
   106  -2.728067e-01  -2.794338e-01  9.326673e-02  1.167298e+00  1.048851e-01  2.645218e+00  7.111973e-02
   107  -2.593557e-01  -2.660291e-01  9.873473e-02  1.109039e+00  1.048594e-01  2.784514e+00  7.297274e-02
   108  -2.458079e-01  -2.525290e-01  1.044700e-01  1.052091e+00  1.048093e-01  2.935938e+00  7.493957e-02
   109  -2.321603e-01  -2.389305e-01  1.104813e-01  9.965253e-01  1.047335e-01  3.100765e+00  7.702839e-02
   110  -2.184101e-01  -2.252308e-01  1.167774e-01  9.424107e-01  1.046306e-01  3.280427e+00  7.924799e-02
   111  -2.045544e-01  -2.114270e-01  1.233670e-01  8.898083e-01  1.044994e-01  3.476535e+00  8.160797e-02
   112  -1.905899e-01  -1.975160e-01  1.302589e-01  8.387728e-01  1.043387e-01  3.690905e+00  8.411875e-02
   113  -1.765136e-01  -1.834947e-01  1.374615e-01  7.893529e-01  1.041473e-01  3.925588e+00  8.679168e-02
   114  -1.623221e-01  -1.693599e-01  1.449834e-01  7.415901e-01  1.039242e-01  4.182902e+00  8.963910e-02
   115  -1.480121e-01  -1.551082e-01  1.528329e-01  6.955195e-01  1.036683e-01  4.465476e+00  9.267448e-02
   116  -1.335801e-01  -1.407362e-01  1.610180e-01  6.511692e-01  1.033787e-01  4.776289e+00  9.591251e-02
   117  -1.190224e-01  -1.262403e-01  1.695469e-01  6.085604e-01  1.030547e-01  5.118733e+00  9.936927e-02
   118  -1.043351e-01  -1.116166e-01  1.784273e-01  5.677075e-01  1.026954e-01  5.496672e+00  1.030623e-01
   119  -8.951430e-02  -9.686146e-02  1.876667e-01  5.286186e-01  1.023004e-01  5.914512e+00  1.070109e-01
   120  -7.455594e-02  -8.197072e-02  1.972725e-01  4.912950e-01  1.018691e-01  6.377293e+00  1.112360e-01
   121  -5.945573e-02  -6.694021e-02  2.072515e-01  4.557319e-01  1.014013e-01  6.890787e+00  1.157607e-01
   122  -4.420916e-02  -5.176554e-02  2.176105e-01  4.219184e-01  1.008966e-01  7.461622e+00  1.206105e-01
   123  -2.881167e-02  -3.644218e-02  2.283559e-01  3.898379e-01  1.003551e-01  8.097413e+00  1.258132e-01
   124  -1.325840e-02  -2.096541e-02  2.394938e-01  3.594683e-01  9.977671e-02  8.806936e+00  1.313993e-01
   125  2.455689e-03  -5.330289e-03  2.510298e-01  3.307822e-01  9.916178e-02  9.600321e+00  1.374025e-01
   126  1.833574e-02  1.046829e-02  2.629693e-01  3.037476e-01  9.851063e-02  1.048928e+01  1.438599e-01
   127  3.438714e-02  2.643559e-02  2.753172e-01  2.783280e-01  9.782380e-02  1.148738e+01  1.508124e-01
   128  5.061544e-02  4.257709e-02  2.880780e-01  2.544830e-01  9.710195e-02  1.261035e+01  1.583049e-01
   129  6.702635e-02  5.889841e-02  3.012559e-01  2.321682e-01  9.634591e-02  1.387652e+01  1.663871e-01
   130  8.362571e-02  7.540533e-02  3.148546e-01  2.113362e-01  9.555666e-02  1.530719e+01  1.751138e-01
   131  1.004195e-01  9.210380e-02  3.288774e-01  1.919367e-01  9.473532e-02  1.692724e+01  1.845452e-01
   132  1.174138e-01  1.089998e-01  3.433271e-01  1.739167e-01  9.388315e-02  1.876570e+01  1.947481e-01
   133  1.346147e-01  1.260994e-01  3.582062e-01  1.572214e-01  9.300155e-02  2.085659e+01  2.057960e-01
   134  1.520283e-01  1.434088e-01  3.735166e-01  1.417940e-01  9.209205e-02  2.323973e+01  2.177698e-01
   135  1.696605e-01  1.609339e-01  3.892599e-01  1.275766e-01  9.115630e-02  2.596185e+01  2.307591e-01
   136  1.875174e-01  1.786807e-01  4.054373e-01  1.145102e-01  9.019604e-02  2.907784e+01  2.448623e-01
   137  2.056045e-01  1.966551e-01  4.220493e-01  1.025352e-01  8.921314e-02  3.265222e+01  2.601878e-01
   138  2.239271e-01  2.148624e-01  4.390963e-01  9.159180e-02  8.820951e-02  3.676086e+01  2.768546e-01
   139  2.424901e-01  2.333078e-01  4.565780e-01  8.162025e-02  8.718714e-02  4.149310e+01  2.949936e-01
   140  2.612976e-01  2.519957e-01  4.744939e-01  7.256115e-02  8.614803e-02  4.695406e+01  3.147480e-01
   141  2.803532e-01  2.709299e-01  4.928430e-01  6.435582e-02  8.509423e-02  5.326748e+01  3.362744e-01
   142  2.996593e-01  2.901135e-01  5.116240e-01  5.694648e-02  8.402773e-02  6.057896e+01  3.597435e-01
   143  3.192172e-01  3.095484e-01  5.308350e-01  5.027663e-02  8.295050e-02  6.905964e+01  3.853409e-01
   144  3.390270e-01  3.292350e-01  5.504739e-01  4.429124e-02  8.186444e-02  7.891045e+01  4.132674e-01
   145  3.590868e-01  3.491727e-01  5.705382e-01  3.893694e-02  8.077129e-02  9.036696e+01  4.437397e-01
   146  3.793935e-01  3.693589e-01  5.910251e-01  3.416227e-02  7.967268e-02  1.037047e+02  4.769905e-01
   147  3.999414e-01  3.897889e-01  6.119315e-01  2.991783e-02  7.857004e-02  1.192453e+02  5.132680e-01
   148  4.207226e-01  4.104563e-01  6.332539e-01  2.615649e-02  7.746456e-02  1.373628e+02  5.528362e-01
   149  4.417269e-01  4.313517e-01  6.549885e-01  2.283346e-02  7.635720e-02  1.584905e+02  5.959734e-01
   150  4.629413e-01  4.524637e-01  6.771312e-01  1.990645e-02  7.524863e-02  1.831289e+02  6.429712e-01
   151  4.843501e-01  4.737776e-01  6.996779e-01  1.733571e-02  7.413924e-02  2.118529e+02  6.941333e-01
   152  5.059346e-01  4.952765e-01  7.226239e-01  1.508411e-02  7.302912e-02  2.453197e+02  7.497732e-01
   153  5.276734e-01  5.169400e-01  7.459645e-01  1.311717e-02  7.191805e-02  2.842764e+02  8.102121e-01
   154  5.495423e-01  5.387455e-01  7.696946e-01  1.140307e-02  7.080557e-02  3.295676e+02  8.757762e-01
   155  5.715146e-01  5.606674e-01  7.938092e-01  9.912593e-03  6.969098e-02  3.821417e+02  9.467947e-01
   156  5.935613e-01  5.826778e-01  8.183029e-01  8.619096e-03  6.857340e-02  4.430578e+02  1.023597e+00
   157  6.156516e-01  6.047469e-01  8.431702e-01  7.498434e-03  6.745184e-02  5.134906e+02  1.106511e+00
   158  6.377533e-01  6.268430e-01  8.684054e-01  6.528852e-03  6.632526e-02  5.947353e+02  1.195859e+00
   159  6.598333e-01  6.489336e-01  8.940028e-01  5.690869e-03  6.519269e-02  6.882116e+02  1.291960e+00
   160  6.818585e-01  6.709855e-01  9.199565e-01  4.967144e-03  6.405323e-02  7.954680e+02  1.395127e+00
   161  7.037959e-01  6.929657e-01  9.462603e-01  4.342332e-03  6.290620e-02  9.181851e+02  1.505669e+00
   162  7.256135e-01  7.148417e-01  9.729084e-01  3.802926e-03  6.175117e-02  1.058180e+03  1.623889e+00
   163  7.472810e-01  7.365823e-01  9.998945e-01  3.337098e-03  6.058799e-02  1.217413e+03  1.750089e+00
   164  7.687700e-01  7.581584e-01  1.027212e+00  2.934540e-03  5.941687e-02  1.397993e+03  1.884572e+00
   165  7.900547e-01  7.795427e-01  1.054856e+00  2.586313e-03  5.823833e-02  1.602191e+03  2.027649e+00
   166  8.111121e-01  8.007110e-01  1.082819e+00  2.284690e-03  5.705327e-02  1.832451e+03  2.179635e+00
   167  8.319222e-01  8.216418e-01  1.111094e+00  2.023017e-03  5.586288e-02  2.091408e+03  2.340865e+00
   168  8.524682e-01  8.423167e-01  1.139677e+00  1.795583e-03  5.466867e-02  2.381910e+03  2.511689e+00
   169  8.727366e-01  8.627206e-01  1.168559e+00  1.597495e-03  5.347238e-02  2.707047e+03  2.692485e+00
   170  8.927172e-01  8.828418e-01  1.197736e+00  1.424573e-03  5.227600e-02  3.070182e+03  2.883661e+00
   171  9.124029e-01  9.026716e-01  1.227200e+00  1.273249e-03  5.108164e-02  3.474994e+03  3.085664e+00
   172  9.317896e-01  9.222044e-01  1.256946e+00  1.140483e-03  4.989157e-02  3.925524e+03  3.298981e+00
   173  9.508760e-01  9.414376e-01  1.286966e+00  1.023683e-03  4.870810e-02  4.426229e+03  3.524150e+00
   174  9.696635e-01  9.603714e-01  1.317256e+00  9.206433e-04  4.753362e-02  4.982051e+03  3.761765e+00
   175  9.881557e-01  9.790081e-01  1.347808e+00  8.294849e-04  4.637049e-02  5.598487e+03  4.012478e+00
   176  1.006359e+00  9.973526e-01  1.378616e+00  7.486067e-04  4.522106e-02  6.281682e+03  4.277013e+00
   177  1.024280e+00  1.015412e+00  1.409675e+00  6.766437e-04  4.408763e-02  7.038524e+03  4.556164e+00
   178  1.041929e+00  1.033194e+00  1.440978e+00  6.124312e-04  4.297242e-02  7.876763e+03  4.850809e+00
   179  1.059318e+00  1.050711e+00  1.472519e+00  5.549744e-04  4.187756e-02  8.805142e+03  5.161912e+00
   180  1.076457e+00  1.067972e+00  1.504292e+00  5.034228e-04  4.080506e-02  9.833544e+03  5.490530e+00
   181  1.093361e+00  1.084992e+00  1.536292e+00  4.570484e-04  3.975680e-02  1.097317e+04  5.837823e+00
   182  1.110045e+00  1.101783e+00  1.568512e+00  4.152270e-04  3.873449e-02  1.223673e+04  6.205061e+00
   183  1.126522e+00  1.118361e+00  1.600947e+00  3.774234e-04  3.773963e-02  1.363868e+04  6.593629e+00
   184  1.142809e+00  1.134742e+00  1.633591e+00  3.431776e-04  3.677353e-02  1.519544e+04  7.005040e+00
   185  1.158922e+00  1.150940e+00  1.666439e+00  3.120939e-04  3.583724e-02  1.692573e+04  7.440941e+00
   186  1.174878e+00  1.166973e+00  1.699484e+00  2.838319e-04  3.493151e-02  1.885082e+04  7.903119e+00
   187  1.190693e+00  1.182857e+00  1.732722e+00  2.580976e-04  3.405679e-02  2.099492e+04  8.393516e+00
   188  1.206383e+00  1.198609e+00  1.766147e+00  2.346373e-04  3.321319e-02  2.338555e+04  8.914232e+00
   189  1.221965e+00  1.214244e+00  1.799754e+00  2.132309e-04  3.240045e-02  2.605399e+04  9.467540e+00
   190  1.237455e+00  1.229779e+00  1.833536e+00  1.936871e-04  3.161796e-02  2.903570e+04  1.005589e+01
   191  1.252867e+00  1.245229e+00  1.867490e+00  1.758387e-04  3.086474e-02  3.237085e+04  1.068192e+01
   192  1.268216e+00  1.260609e+00  1.901609e+00  1.595384e-04  3.013948e-02  3.610496e+04  1.134847e+01
   193  1.283516e+00  1.275934e+00  1.935889e+00  1.446555e-04  2.944058e-02  4.028951e+04  1.205861e+01
   194  1.298779e+00  1.291215e+00  1.970325e+00  1.310728e-04  2.876622e-02  4.498275e+04  1.281563e+01
   195  1.314017e+00  1.306465e+00  2.004912e+00  1.186849e-04  2.811444e-02  5.025045e+04  1.362308e+01
   196  1.329238e+00  1.321694e+00  2.039645e+00  1.073955e-04  2.748325e-02  5.616681e+04  1.448474e+01
   197  1.344452e+00  1.336912e+00  2.074518e+00  9.711635e-05  2.687068e-02  6.281572e+04  1.540466e+01
   198  1.359667e+00  1.352126e+00  2.109526e+00  8.776537e-05  2.627485e-02  7.029213e+04  1.638725e+01
   199  1.374888e+00  1.367344e+00  2.144666e+00  7.926655e-05  2.569404e-02  7.870347e+04  1.743719e+01
   200  1.390122e+00  1.382572e+00  2.179932e+00  7.154915e-05  2.512675e-02  8.817133e+04  1.855955e+01
   201  1.405374e+00  1.397815e+00  2.215319e+00  6.454738e-05  2.457167e-02  9.883347e+04  1.975973e+01
   202  1.420646e+00  1.413077e+00  2.250822e+00  5.819997e-05  2.402770e-02  1.108463e+05  2.104361e+01
   203  1.435942e+00  1.428361e+00  2.286438e+00  5.245015e-05  2.349394e-02  1.243871e+05  2.241746e+01
   204  1.451266e+00  1.443671e+00  2.322160e+00  4.724539e-05  2.296966e-02  1.396572e+05  2.388805e+01
   205  1.466618e+00  1.459009e+00  2.357985e+00  4.253719e-05  2.245425e-02  1.568852e+05  2.546268e+01
   206  1.482001e+00  1.474377e+00  2.393907e+00  3.828089e-05  2.194724e-02  1.763308e+05  2.714919e+01
   207  1.497416e+00  1.489776e+00  2.429923e+00  3.443539e-05  2.144824e-02  1.982892e+05  2.895605e+01
   208  1.512863e+00  1.505208e+00  2.466027e+00  3.096305e-05  2.095696e-02  2.230961e+05  3.089240e+01
   209  1.528345e+00  1.520673e+00  2.502214e+00  2.782940e-05  2.047316e-02  2.511329e+05  3.296806e+01
   210  1.543861e+00  1.536172e+00  2.538480e+00  2.500288e-05  1.999664e-02  2.828338e+05  3.519364e+01
   211  1.559411e+00  1.551706e+00  2.574820e+00  2.245469e-05  1.952725e-02  3.186929e+05  3.758059e+01
   212  1.574997e+00  1.567274e+00  2.611229e+00  2.015853e-05  1.906487e-02  3.592726e+05  4.014129e+01
   213  1.590617e+00  1.582877e+00  2.647704e+00  1.809043e-05  1.860941e-02  4.052143e+05  4.288910e+01
   214  1.606272e+00  1.598515e+00  2.684236e+00  1.622860e-05  1.816083e-02  4.572474e+05  4.583840e+01
   215  1.621961e+00  1.614187e+00  2.720824e+00  1.455321e-05  1.771904e-02  5.162036e+05  4.900475e+01
   216  1.637684e+00  1.629894e+00  2.757461e+00  1.304623e-05  1.728402e-02  5.830322e+05  5.240502e+01
   217  1.653441e+00  1.645634e+00  2.794143e+00  1.169129e-05  1.685573e-02  6.588155e+05  5.605738e+01
   218  1.669231e+00  1.661408e+00  2.830864e+00  1.047353e-05  1.643418e-02  7.447888e+05  5.998150e+01
   219  1.685053e+00  1.677214e+00  2.867619e+00  9.379497e-06  1.601932e-02  8.423613e+05  6.419865e+01
   220  1.700908e+00  1.693053e+00  2.904402e+00  8.397013e-06  1.561112e-02  9.531431e+05  6.873188e+01
   221  1.716794e+00  1.708923e+00  2.941208e+00  7.515016e-06  1.520958e-02  1.078975e+06  7.360615e+01
   222  1.732710e+00  1.724825e+00  2.978032e+00  6.723504e-06  1.481472e-02  1.221962e+06  7.884846e+01
   223  1.748656e+00  1.740756e+00  3.014867e+00  6.013446e-06  1.442651e-02  1.384509e+06  8.448807e+01
   224  1.764631e+00  1.756717e+00  3.051708e+00  5.376691e-06  1.404493e-02  1.569369e+06  9.055668e+01
   225  1.780635e+00  1.772707e+00  3.088549e+00  4.805892e-06  1.366984e-02  1.779690e+06  9.708878e+01
   226  1.796666e+00  1.788725e+00  3.125383e+00  4.294317e-06  1.330144e-02  2.019094e+06  1.041217e+02
   227  1.812724e+00  1.804769e+00  3.162204e+00  3.835975e-06  1.293971e-02  2.291722e+06  1.116960e+02
   228  1.828808e+00  1.820841e+00  3.199004e+00  3.425499e-06  1.258448e-02  2.602307e+06  1.198556e+02
   229  1.844917e+00  1.836937e+00  3.235778e+00  3.058007e-06  1.223569e-02  2.956292e+06  1.286484e+02
   230  1.861051e+00  1.853059e+00  3.272518e+00  2.729090e-06  1.189333e-02  3.359931e+06  1.381265e+02
   231  1.877208e+00  1.869205e+00  3.309218e+00  2.434772e-06  1.155744e-02  3.820418e+06  1.483467e+02
   232  1.893388e+00  1.885374e+00  3.345867e+00  2.171459e-06  1.122818e-02  4.346041e+06  1.593703e+02
   233  1.909591e+00  1.901565e+00  3.382461e+00  1.936044e-06  1.090498e-02  4.946208e+06  1.712646e+02
   234  1.925814e+00  1.917778e+00  3.418989e+00  1.725547e-06  1.058832e-02  5.631962e+06  1.841030e+02
   235  1.942059e+00  1.934013e+00  3.455443e+00  1.537437e-06  1.027782e-02  6.415822e+06  1.979651e+02
   236  1.958323e+00  1.950267e+00  3.491816e+00  1.369364e-06  9.973528e-03  7.312346e+06  2.129384e+02
   237  1.974606e+00  1.966541e+00  3.528096e+00  1.219219e-06  9.675559e-03  8.338352e+06  2.291178e+02
   238  1.990908e+00  1.982834e+00  3.564275e+00  1.085166e-06  9.383537e-03  9.513071e+06  2.466076e+02
   239  2.007228e+00  1.999145e+00  3.600342e+00  9.654925e-07  9.097584e-03  1.085896e+07  2.655219e+02
   240  2.023565e+00  2.015474e+00  3.636288e+00  8.586987e-07  8.817527e-03  1.240183e+07  2.859855e+02
   241  2.039919e+00  2.031819e+00  3.672101e+00  7.633993e-07  8.543612e-03  1.417188e+07  3.081350e+02
   242  2.056289e+00  2.048181e+00  3.707770e+00  6.784201e-07  8.275324e-03  1.620350e+07  3.321207e+02
   243  2.072674e+00  2.064558e+00  3.743285e+00  6.026581e-07  8.012665e-03  1.853705e+07  3.581078e+02
   244  2.089073e+00  2.080951e+00  3.778631e+00  5.350998e-07  7.756078e-03  2.121994e+07  3.862774e+02
   245  2.105487e+00  2.097358e+00  3.813796e+00  4.749102e-07  7.504979e-03  2.430601e+07  4.168283e+02
   246  2.121915e+00  2.113779e+00  3.848769e+00  4.213032e-07  7.259260e-03  2.785859e+07  4.499811e+02
   247  2.138356e+00  2.130213e+00  3.883532e+00  3.735466e-07  7.019374e-03  3.195259e+07  4.859775e+02
   248  2.154809e+00  2.146660e+00  3.918075e+00  3.310555e-07  6.784456e-03  3.667260e+07  5.250853e+02
   249  2.171275e+00  2.163120e+00  3.952381e+00  2.932388e-07  6.554908e-03  4.212067e+07  5.676018e+02
   250  2.187752e+00  2.179592e+00  3.986434e+00  2.595830e-07  6.330969e-03  4.841597e+07  6.138532e+02
   251  2.204241e+00  2.196075e+00  4.020220e+00  2.296718e-07  6.111761e-03  5.569409e+07  6.642028e+02
   252  2.220740e+00  2.212569e+00  4.053721e+00  2.030760e-07  5.897835e-03  6.412023e+07  7.190550e+02
   253  2.237250e+00  2.229074e+00  4.086918e+00  1.794397e-07  5.689084e-03  7.388569e+07  7.788563e+02
   254  2.253770e+00  2.245589e+00  4.119796e+00  1.584588e-07  5.484846e-03  8.521214e+07  8.441068e+02
   255  2.270300e+00  2.262114e+00  4.152333e+00  1.398175e-07  5.286007e-03  9.837270e+07  9.153625e+02
   256  2.286839e+00  2.278648e+00  4.184514e+00  1.232895e-07  5.091397e-03  1.136725e+08  9.932446e+02
   257  2.303387e+00  2.295192e+00  4.216317e+00  1.086269e-07  4.901577e-03  1.314906e+08  1.078453e+03
   258  2.319943e+00  2.311744e+00  4.247720e+00  9.562076e-08  4.716755e-03  1.522741e+08  1.171764e+03
   259  2.336508e+00  2.328305e+00  4.278704e+00  8.410684e-08  4.535954e-03  1.765364e+08  1.274054e+03
   260  2.353081e+00  2.344873e+00  4.309247e+00  7.390642e-08  4.359835e-03  2.049193e+08  1.386314e+03
   261  2.369661e+00  2.361450e+00  4.339327e+00  6.487921e-08  4.188072e-03  2.381702e+08  1.509656e+03
   262  2.386250e+00  2.378035e+00  4.368920e+00  5.689452e-08  4.020643e-03  2.771927e+08  1.645337e+03
   263  2.402845e+00  2.394626e+00  4.398003e+00  4.983737e-08  3.857411e-03  3.230702e+08  1.794784e+03
   264  2.419447e+00  2.411225e+00  4.426551e+00  4.360339e-08  3.698388e-03  3.771147e+08  1.959618e+03
   265  2.436056e+00  2.427831e+00  4.454541e+00  3.810127e-08  3.543449e-03  4.409075e+08  2.141682e+03
   266  2.452672e+00  2.444444e+00  4.481946e+00  3.324849e-08  3.392567e-03  5.163733e+08  2.343082e+03
   267  2.469294e+00  2.461063e+00  4.508746e+00  2.897604e-08  3.245189e-03  6.058164e+08  2.566246e+03
   268  2.485923e+00  2.477688e+00  4.534908e+00  2.520856e-08  3.102395e-03  7.122022e+08  2.813942e+03
   269  2.502557e+00  2.494319e+00  4.560415e+00  2.190111e-08  2.962573e-03  8.388790e+08  3.089371e+03
   270  2.519197e+00  2.510957e+00  4.585232e+00  1.898888e-08  2.827350e-03  9.904004e+08  3.396239e+03
   271  2.535844e+00  2.527600e+00  4.609339e+00  1.643694e-08  2.695158e-03  1.171890e+09  3.738824e+03
   272  2.552496e+00  2.544250e+00  4.632710e+00  1.419851e-08  2.566738e-03  1.390166e+09  4.122168e+03
   273  2.569153e+00  2.560904e+00  4.655317e+00  1.223759e-08  2.442051e-03  1.653586e+09  4.552107e+03
   274  2.585816e+00  2.577565e+00  4.677135e+00  1.052359e-08  2.320723e-03  1.972533e+09  5.035517e+03
   275  2.602485e+00  2.594231e+00  4.698144e+00  9.028177e-09  2.202508e-03  2.360159e+09  5.580576e+03
   276  2.619159e+00  2.610902e+00  4.718316e+00  7.722837e-09  2.088066e-03  2.833681e+09  6.196939e+03
   277  2.635838e+00  2.627579e+00  4.737631e+00  6.588208e-09  1.976503e-03  3.414160e+09  6.896128e+03
   278  2.652523e+00  2.644261e+00  4.756067e+00  5.602000e-09  1.868310e-03  4.129833e+09  7.692045e+03
   279  2.669214e+00  2.660949e+00  4.773601e+00  4.746250e-09  1.763578e-03  5.017093e+09  8.601322e+03
   280  2.685909e+00  2.677642e+00  4.790222e+00  4.007891e-09  1.661149e-03  6.121809e+09  9.644407e+03
   281  2.702610e+00  2.694340e+00  4.805906e+00  3.368657e-09  1.562640e-03  7.509547e+09  1.084626e+04
   282  2.719317e+00  2.711044e+00  4.820645e+00  2.819941e-09  1.466374e-03  9.260568e+09  1.223757e+04
   283  2.736029e+00  2.727754e+00  4.834423e+00  2.347884e-09  1.373638e-03  1.149178e+10  1.385681e+04
   284  2.752747e+00  2.744469e+00  4.847237e+00  1.944868e-09  1.283241e-03  1.435343e+10  1.575211e+04
   285  2.769470e+00  2.761189e+00  4.859082e+00  1.601151e-09  1.195672e-03  1.806183e+10  1.798521e+04
   286  2.786199e+00  2.777915e+00  4.869952e+00  1.308635e-09  1.111395e-03  2.292173e+10  2.063452e+04
   287  2.802932e+00  2.794646e+00  4.879856e+00  1.061898e-09  1.029335e-03  2.935209e+10  2.380225e+04
   288  2.819670e+00  2.811382e+00  4.888804e+00  8.543274e-10  9.498649e-04  3.797911e+10  2.762452e+04
   289  2.836412e+00  2.828122e+00  4.896806e+00  6.805230e-10  8.731598e-04  4.972907e+10  3.228267e+04
   290  2.853155e+00  2.844864e+00  4.903884e+00  5.360775e-10  7.989936e-04  6.599343e+10  3.802352e+04
   291  2.869898e+00  2.861607e+00  4.910061e+00  4.168565e-10  7.274591e-04  8.894247e+10  4.518978e+04
   292  2.886633e+00  2.878346e+00  4.915372e+00  3.193104e-10  6.585808e-04  1.220344e+11  5.426586e+04
   293  2.903354e+00  2.895074e+00  4.919859e+00  2.406223e-10  5.915334e-04  1.708734e+11  6.595992e+04
   294  2.920042e+00  2.911778e+00  4.923565e+00  1.773643e-10  5.279544e-04  2.453780e+11  8.132170e+04
   295  2.936668e+00  2.928434e+00  4.926545e+00  1.276372e-10  4.669293e-04  3.625744e+11  1.019350e+05
   296  2.953174e+00  2.944999e+00  4.928872e+00  8.950347e-11  4.073110e-04  5.536013e+11  1.303331e+05
   297  2.969443e+00  2.961385e+00  4.930605e+00  6.040508e-11  3.524849e-04  8.817719e+11  1.705418e+05
   298  2.985231e+00  2.977409e+00  4.931833e+00  3.948860e-11  2.991441e-04  1.464158e+12  2.289611e+05
   299  3.000000e+00  2.992678e+00  4.932628e+00  2.459547e-11  2.540321e-04  2.550942e+12  3.148226e+05
