     i         log_r      log_rmid             m           rho            v2             p        trelax            kn
     0  -1.627426e+00  -1.928456e+00  4.936543e-05  1.129331e+01  1.532269e-01  1.730439e+00  2.262097e-01  3.064538e-02
     1  -1.621192e+00  -1.624298e+00  5.153900e-05  1.130070e+01  1.531267e-01  1.730439e+00  2.261357e-01  3.064538e-02
     2  -1.614963e+00  -1.618066e+00  5.380601e-05  1.129864e+01  1.531238e-01  1.730090e+00  2.261792e-01  3.064848e-02
     3  -1.608728e+00  -1.611834e+00  5.617461e-05  1.129651e+01  1.531208e-01  1.729731e+00  2.262240e-01  3.065166e-02
     4  -1.602495e+00  -1.605600e+00  5.864622e-05  1.129432e+01  1.531177e-01  1.729361e+00  2.262701e-01  3.065494e-02
     5  -1.596270e+00  -1.599371e+00  6.122269e-05  1.129207e+01  1.531145e-01  1.728980e+00  2.263175e-01  3.065831e-02
     6  -1.590035e+00  -1.593141e+00  6.391625e-05  1.128976e+01  1.531113e-01  1.728589e+00  2.263663e-01  3.066178e-02
     7  -1.583800e+00  -1.586906e+00  6.672776e-05  1.128737e+01  1.531079e-01  1.728186e+00  2.264166e-01  3.066536e-02
     8  -1.577559e+00  -1.580668e+00  6.966511e-05  1.128492e+01  1.531044e-01  1.727771e+00  2.264684e-01  3.066904e-02
     9  -1.571328e+00  -1.574432e+00  7.272580e-05  1.128240e+01  1.531008e-01  1.727344e+00  2.265217e-01  3.067283e-02
    10  -1.565093e+00  -1.568199e+00  7.592335e-05  1.127980e+01  1.530972e-01  1.726906e+00  2.265766e-01  3.067672e-02
    11  -1.558860e+00  -1.561965e+00  7.925890e-05  1.127713e+01  1.530934e-01  1.726454e+00  2.266330e-01  3.068073e-02
    12  -1.552626e+00  -1.555732e+00  8.274157e-05  1.127438e+01  1.530895e-01  1.725989e+00  2.266911e-01  3.068486e-02
    13  -1.546396e+00  -1.549500e+00  8.637379e-05  1.127156e+01  1.530855e-01  1.725512e+00  2.267510e-01  3.068911e-02
    14  -1.540167e+00  -1.543271e+00  9.016405e-05  1.126865e+01  1.530814e-01  1.725020e+00  2.268125e-01  3.069348e-02
    15  -1.533929e+00  -1.537037e+00  9.412640e-05  1.126566e+01  1.530771e-01  1.724515e+00  2.268759e-01  3.069798e-02
    16  -1.527696e+00  -1.530801e+00  9.825814e-05  1.126258e+01  1.530728e-01  1.723994e+00  2.269411e-01  3.070262e-02
    17  -1.521457e+00  -1.524565e+00  1.025750e-04  1.125941e+01  1.530683e-01  1.723459e+00  2.270083e-01  3.070739e-02
    18  -1.515227e+00  -1.518331e+00  1.070736e-04  1.125615e+01  1.530637e-01  1.722908e+00  2.270775e-01  3.071229e-02
    19  -1.508994e+00  -1.512099e+00  1.117716e-04  1.125280e+01  1.530589e-01  1.722341e+00  2.271486e-01  3.071734e-02
    20  -1.502761e+00  -1.505866e+00  1.166741e-04  1.124935e+01  1.530540e-01  1.721759e+00  2.272218e-01  3.072254e-02
    21  -1.496528e+00  -1.499634e+00  1.217905e-04  1.124581e+01  1.530490e-01  1.721159e+00  2.272972e-01  3.072789e-02
    22  -1.490295e+00  -1.493401e+00  1.271309e-04  1.124216e+01  1.530438e-01  1.720543e+00  2.273748e-01  3.073339e-02
    23  -1.484066e+00  -1.487170e+00  1.327005e-04  1.123841e+01  1.530385e-01  1.719909e+00  2.274547e-01  3.073906e-02
    24  -1.477834e+00  -1.480939e+00  1.385159e-04  1.123455e+01  1.530330e-01  1.719257e+00  2.275369e-01  3.074489e-02
    25  -1.471603e+00  -1.474707e+00  1.445845e-04  1.123058e+01  1.530273e-01  1.718586e+00  2.276215e-01  3.075089e-02
    26  -1.465374e+00  -1.468477e+00  1.509149e-04  1.122650e+01  1.530215e-01  1.717896e+00  2.277086e-01  3.075706e-02
    27  -1.459138e+00  -1.462245e+00  1.575290e-04  1.122230e+01  1.530156e-01  1.717186e+00  2.277983e-01  3.076342e-02
    28  -1.452909e+00  -1.456012e+00  1.644237e-04  1.121798e+01  1.530094e-01  1.716456e+00  2.278906e-01  3.076996e-02
    29  -1.446681e+00  -1.449784e+00  1.716176e-04  1.121354e+01  1.530031e-01  1.715706e+00  2.279855e-01  3.077669e-02
    30  -1.440453e+00  -1.443556e+00  1.791246e-04  1.120897e+01  1.529966e-01  1.714934e+00  2.280833e-01  3.078361e-02
    31  -1.434222e+00  -1.437326e+00  1.869613e-04  1.120427e+01  1.529899e-01  1.714140e+00  2.281839e-01  3.079074e-02
    32  -1.427992e+00  -1.431096e+00  1.951388e-04  1.119944e+01  1.529830e-01  1.713324e+00  2.282875e-01  3.079807e-02
    33  -1.421766e+00  -1.424868e+00  2.036668e-04  1.119447e+01  1.529759e-01  1.712484e+00  2.283942e-01  3.080562e-02
    34  -1.415538e+00  -1.418641e+00  2.125676e-04  1.118936e+01  1.529686e-01  1.711621e+00  2.285039e-01  3.081339e-02
    35  -1.409310e+00  -1.412413e+00  2.218557e-04  1.118410e+01  1.529611e-01  1.710733e+00  2.286169e-01  3.082138e-02
    36  -1.403085e+00  -1.406186e+00  2.315430e-04  1.117870e+01  1.529534e-01  1.709820e+00  2.287331e-01  3.082961e-02
    37  -1.396859e+00  -1.399961e+00  2.416522e-04  1.117315e+01  1.529455e-01  1.708882e+00  2.288528e-01  3.083807e-02
    38  -1.390633e+00  -1.393735e+00  2.522004e-04  1.116743e+01  1.529373e-01  1.707917e+00  2.289760e-01  3.084678e-02
    39  -1.384406e+00  -1.387508e+00  2.632088e-04  1.116156e+01  1.529289e-01  1.706925e+00  2.291028e-01  3.085575e-02
    40  -1.378182e+00  -1.381283e+00  2.746873e-04  1.115552e+01  1.529203e-01  1.705904e+00  2.292334e-01  3.086497e-02
    41  -1.371958e+00  -1.375059e+00  2.866651e-04  1.114931e+01  1.529114e-01  1.704856e+00  2.293677e-01  3.087447e-02
    42  -1.365736e+00  -1.368836e+00  2.991578e-04  1.114292e+01  1.529022e-01  1.703777e+00  2.295060e-01  3.088423e-02
    43  -1.359514e+00  -1.362614e+00  3.121906e-04  1.113636e+01  1.528928e-01  1.702669e+00  2.296483e-01  3.089428e-02
    44  -1.353290e+00  -1.356391e+00  3.257907e-04  1.112961e+01  1.528832e-01  1.701530e+00  2.297949e-01  3.090463e-02
    45  -1.347069e+00  -1.350169e+00  3.399746e-04  1.112267e+01  1.528732e-01  1.700358e+00  2.299457e-01  3.091527e-02
    46  -1.340848e+00  -1.343947e+00  3.547724e-04  1.111554e+01  1.528630e-01  1.699154e+00  2.301009e-01  3.092622e-02
    47  -1.334628e+00  -1.337727e+00  3.702053e-04  1.110821e+01  1.528524e-01  1.697916e+00  2.302607e-01  3.093749e-02
    48  -1.328410e+00  -1.331508e+00  3.863001e-04  1.110067e+01  1.528416e-01  1.696644e+00  2.304252e-01  3.094909e-02
    49  -1.322190e+00  -1.325289e+00  4.030957e-04  1.109292e+01  1.528304e-01  1.695337e+00  2.305945e-01  3.096102e-02
    50  -1.315972e+00  -1.319070e+00  4.206106e-04  1.108496e+01  1.528190e-01  1.693993e+00  2.307688e-01  3.097330e-02
    51  -1.309754e+00  -1.312852e+00  4.388801e-04  1.107678e+01  1.528072e-01  1.692611e+00  2.309483e-01  3.098594e-02
    52  -1.303537e+00  -1.306634e+00  4.579325e-04  1.106837e+01  1.527951e-01  1.691192e+00  2.311329e-01  3.099894e-02
    53  -1.297318e+00  -1.300416e+00  4.778138e-04  1.105972e+01  1.527826e-01  1.689732e+00  2.313231e-01  3.101232e-02
    54  -1.291104e+00  -1.294200e+00  4.985347e-04  1.105083e+01  1.527698e-01  1.688233e+00  2.315188e-01  3.102609e-02
    55  -1.284889e+00  -1.287985e+00  5.201481e-04  1.104170e+01  1.527566e-01  1.686693e+00  2.317203e-01  3.104026e-02
    56  -1.278674e+00  -1.281771e+00  5.426885e-04  1.103232e+01  1.527430e-01  1.685109e+00  2.319277e-01  3.105483e-02
    57  -1.272460e+00  -1.275556e+00  5.661971e-04  1.102268e+01  1.527290e-01  1.683483e+00  2.321412e-01  3.106983e-02
    58  -1.266248e+00  -1.269343e+00  5.907064e-04  1.101277e+01  1.527147e-01  1.681811e+00  2.323609e-01  3.108527e-02
    59  -1.260036e+00  -1.263131e+00  6.162668e-04  1.100259e+01  1.526999e-01  1.680094e+00  2.325872e-01  3.110115e-02
    60  -1.253824e+00  -1.256919e+00  6.429189e-04  1.099213e+01  1.526848e-01  1.678330e+00  2.328201e-01  3.111749e-02
    61  -1.247613e+00  -1.250708e+00  6.707104e-04  1.098138e+01  1.526691e-01  1.676518e+00  2.330598e-01  3.113430e-02
    62  -1.241403e+00  -1.244497e+00  6.996861e-04  1.097034e+01  1.526531e-01  1.674656e+00  2.333067e-01  3.115161e-02
    63  -1.235194e+00  -1.238288e+00  7.298974e-04  1.095900e+01  1.526366e-01  1.672744e+00  2.335608e-01  3.116941e-02
    64  -1.228985e+00  -1.232078e+00  7.613962e-04  1.094734e+01  1.526196e-01  1.670779e+00  2.338224e-01  3.118773e-02
    65  -1.222778e+00  -1.225870e+00  7.942322e-04  1.093537e+01  1.526022e-01  1.668762e+00  2.340917e-01  3.120657e-02
    66  -1.216570e+00  -1.219663e+00  8.284723e-04  1.092308e+01  1.525842e-01  1.666689e+00  2.343690e-01  3.122597e-02
    67  -1.210363e+00  -1.213455e+00  8.641640e-04  1.091045e+01  1.525657e-01  1.664561e+00  2.346545e-01  3.124593e-02
    68  -1.204157e+00  -1.207249e+00  9.013664e-04  1.089748e+01  1.525468e-01  1.662375e+00  2.349484e-01  3.126646e-02
    69  -1.197952e+00  -1.201044e+00  9.401486e-04  1.088416e+01  1.525272e-01  1.660131e+00  2.352510e-01  3.128759e-02
    70  -1.191747e+00  -1.194838e+00  9.805784e-04  1.087048e+01  1.525072e-01  1.657826e+00  2.355625e-01  3.130933e-02
    71  -1.185542e+00  -1.188633e+00  1.022722e-03  1.085643e+01  1.524866e-01  1.655459e+00  2.358834e-01  3.133170e-02
    72  -1.179338e+00  -1.182429e+00  1.066645e-03  1.084200e+01  1.524653e-01  1.653029e+00  2.362137e-01  3.135473e-02
    73  -1.173136e+00  -1.176226e+00  1.112418e-03  1.082719e+01  1.524435e-01  1.650535e+00  2.365538e-01  3.137841e-02
    74  -1.166934e+00  -1.170024e+00  1.160127e-03  1.081198e+01  1.524211e-01  1.647974e+00  2.369039e-01  3.140278e-02
    75  -1.160733e+00  -1.163822e+00  1.209843e-03  1.079636e+01  1.523981e-01  1.645345e+00  2.372645e-01  3.142786e-02
    76  -1.154531e+00  -1.157621e+00  1.261660e-03  1.078033e+01  1.523744e-01  1.642647e+00  2.376358e-01  3.145366e-02
    77  -1.148331e+00  -1.151420e+00  1.315650e-03  1.076388e+01  1.523500e-01  1.639877e+00  2.380181e-01  3.148021e-02
    78  -1.142132e+00  -1.145220e+00  1.371910e-03  1.074699e+01  1.523250e-01  1.637034e+00  2.384118e-01  3.150753e-02
    79  -1.135932e+00  -1.139021e+00  1.430537e-03  1.072965e+01  1.522992e-01  1.634117e+00  2.388172e-01  3.153564e-02
    80  -1.129734e+00  -1.132822e+00  1.491613e-03  1.071186e+01  1.522727e-01  1.631124e+00  2.392347e-01  3.156456e-02
    81  -1.123536e+00  -1.126624e+00  1.555254e-03  1.069360e+01  1.522455e-01  1.628052e+00  2.396646e-01  3.159433e-02
    82  -1.117338e+00  -1.120426e+00  1.621555e-03  1.067486e+01  1.522176e-01  1.624901e+00  2.401074e-01  3.162495e-02
    83  -1.111142e+00  -1.114229e+00  1.690622e-03  1.065563e+01  1.521888e-01  1.621667e+00  2.405635e-01  3.165646e-02
    84  -1.104945e+00  -1.108032e+00  1.762572e-03  1.063590e+01  1.521593e-01  1.618350e+00  2.410331e-01  3.168889e-02
    85  -1.098749e+00  -1.101836e+00  1.837521e-03  1.061565e+01  1.521289e-01  1.614948e+00  2.415168e-01  3.172225e-02
    86  -1.092554e+00  -1.095640e+00  1.915590e-03  1.059489e+01  1.520977e-01  1.611458e+00  2.420150e-01  3.175658e-02
    87  -1.086359e+00  -1.089445e+00  1.996900e-03  1.057358e+01  1.520656e-01  1.607879e+00  2.425282e-01  3.179191e-02
    88  -1.080164e+00  -1.083250e+00  2.081586e-03  1.055173e+01  1.520326e-01  1.604208e+00  2.430568e-01  3.182826e-02
    89  -1.073969e+00  -1.077055e+00  2.169788e-03  1.052932e+01  1.519988e-01  1.600444e+00  2.436013e-01  3.186567e-02
    90  -1.067774e+00  -1.070861e+00  2.261641e-03  1.050634e+01  1.519639e-01  1.596584e+00  2.441622e-01  3.190416e-02
    91  -1.061580e+00  -1.064666e+00  2.357288e-03  1.048277e+01  1.519281e-01  1.592627e+00  2.447400e-01  3.194377e-02
    92  -1.055387e+00  -1.058473e+00  2.456877e-03  1.045860e+01  1.518914e-01  1.588571e+00  2.453353e-01  3.198453e-02
    93  -1.049193e+00  -1.052279e+00  2.560586e-03  1.043382e+01  1.518536e-01  1.584413e+00  2.459485e-01  3.202647e-02
    94  -1.042999e+00  -1.046085e+00  2.668544e-03  1.040841e+01  1.518147e-01  1.580151e+00  2.465804e-01  3.206964e-02
    95  -1.036806e+00  -1.039892e+00  2.780947e-03  1.038237e+01  1.517748e-01  1.575783e+00  2.472313e-01  3.211405e-02
    96  -1.030613e+00  -1.033698e+00  2.897949e-03  1.035568e+01  1.517338e-01  1.571307e+00  2.479021e-01  3.215975e-02
    97  -1.024420e+00  -1.027505e+00  3.019750e-03  1.032832e+01  1.516917e-01  1.566721e+00  2.485932e-01  3.220679e-02
    98  -1.018226e+00  -1.021312e+00  3.146529e-03  1.030029e+01  1.516484e-01  1.562023e+00  2.493054e-01  3.225519e-02
    99  -1.012033e+00  -1.015119e+00  3.278481e-03  1.027156e+01  1.516040e-01  1.557209e+00  2.500393e-01  3.230500e-02
   100  -1.005840e+00  -1.008925e+00  3.415810e-03  1.024213e+01  1.515583e-01  1.552279e+00  2.507957e-01  3.235626e-02
   101  -9.996458e-01  -1.002732e+00  3.558731e-03  1.021197e+01  1.515113e-01  1.547230e+00  2.515752e-01  3.240902e-02
   102  -9.934521e-01  -9.965379e-01  3.707443e-03  1.018108e+01  1.514631e-01  1.542059e+00  2.523786e-01  3.246331e-02
   103  -9.872576e-01  -9.903438e-01  3.862193e-03  1.014945e+01  1.514136e-01  1.536764e+00  2.532067e-01  3.251919e-02
   104  -9.810630e-01  -9.841492e-01  4.023197e-03  1.011704e+01  1.513627e-01  1.531343e+00  2.540604e-01  3.257669e-02
   105  -9.748681e-01  -9.779545e-01  4.190697e-03  1.008387e+01  1.513104e-01  1.525794e+00  2.549403e-01  3.263588e-02
   106  -9.686723e-01  -9.717591e-01  4.364955e-03  1.004989e+01  1.512568e-01  1.520115e+00  2.558475e-01  3.269679e-02
   107  -9.624761e-01  -9.655631e-01  4.546218e-03  1.001512e+01  1.512016e-01  1.514302e+00  2.567827e-01  3.275948e-02
   108  -9.562795e-01  -9.593667e-01  4.734748e-03  9.979516e+00  1.511450e-01  1.508354e+00  2.577470e-01  3.282401e-02
   109  -9.500818e-01  -9.531696e-01  4.930837e-03  9.943079e+00  1.510868e-01  1.502268e+00  2.587413e-01  3.289043e-02
   110  -9.438834e-01  -9.469715e-01  5.134764e-03  9.905791e+00  1.510271e-01  1.496043e+00  2.597667e-01  3.295879e-02
   111  -9.376839e-01  -9.407725e-01  5.346829e-03  9.867636e+00  1.509657e-01  1.489675e+00  2.608241e-01  3.302916e-02
   112  -9.314836e-01  -9.345727e-01  5.567324e-03  9.828601e+00  1.509027e-01  1.483163e+00  2.619146e-01  3.310159e-02
   113  -9.252821e-01  -9.283718e-01  5.796581e-03  9.788670e+00  1.508380e-01  1.476504e+00  2.630395e-01  3.317615e-02
   114  -9.190795e-01  -9.221697e-01  6.034915e-03  9.747828e+00  1.507716e-01  1.469696e+00  2.641997e-01  3.325290e-02
   115  -9.128755e-01  -9.159664e-01  6.282676e-03  9.706062e+00  1.507034e-01  1.462736e+00  2.653967e-01  3.333191e-02
   116  -9.066700e-01  -9.097617e-01  6.540210e-03  9.663355e+00  1.506333e-01  1.455623e+00  2.666315e-01  3.341325e-02
   117  -9.004630e-01  -9.035554e-01  6.807874e-03  9.619694e+00  1.505614e-01  1.448355e+00  2.679057e-01  3.349699e-02
   118  -8.942544e-01  -8.973476e-01  7.086044e-03  9.575065e+00  1.504876e-01  1.440928e+00  2.692204e-01  3.358320e-02
   119  -8.880440e-01  -8.911381e-01  7.375103e-03  9.529453e+00  1.504118e-01  1.433342e+00  2.705771e-01  3.367196e-02
   120  -8.818317e-01  -8.849267e-01  7.675455e-03  9.482844e+00  1.503340e-01  1.425593e+00  2.719774e-01  3.376334e-02
   121  -8.756173e-01  -8.787134e-01  7.987504e-03  9.435224e+00  1.502541e-01  1.417681e+00  2.734228e-01  3.385743e-02
   122  -8.694009e-01  -8.724980e-01  8.311671e-03  9.386579e+00  1.501721e-01  1.409602e+00  2.749148e-01  3.395432e-02
   123  -8.631817e-01  -8.662802e-01  8.648426e-03  9.336896e+00  1.500879e-01  1.401355e+00  2.764551e-01  3.405408e-02
   124  -8.569605e-01  -8.600600e-01  8.998165e-03  9.286161e+00  1.500015e-01  1.392938e+00  2.780456e-01  3.415681e-02
   125  -8.507366e-01  -8.538374e-01  9.361386e-03  9.234363e+00  1.499128e-01  1.384350e+00  2.796879e-01  3.426260e-02
   126  -8.445101e-01  -8.476122e-01  9.738557e-03  9.181489e+00  1.498218e-01  1.375587e+00  2.813840e-01  3.437155e-02
   127  -8.382805e-01  -8.413841e-01  1.013019e-02  9.127526e+00  1.497284e-01  1.366650e+00  2.831358e-01  3.448376e-02
   128  -8.320478e-01  -8.351530e-01  1.053678e-02  9.072462e+00  1.496326e-01  1.357536e+00  2.849455e-01  3.459932e-02
   129  -8.258118e-01  -8.289186e-01  1.095886e-02  9.016286e+00  1.495342e-01  1.348243e+00  2.868151e-01  3.471835e-02
   130  -8.195724e-01  -8.226809e-01  1.139696e-02  8.958986e+00  1.494333e-01  1.338771e+00  2.887470e-01  3.484096e-02
   131  -8.133294e-01  -8.164397e-01  1.185164e-02  8.900554e+00  1.493297e-01  1.329117e+00  2.907434e-01  3.496726e-02
   132  -8.070825e-01  -8.101947e-01  1.232348e-02  8.840978e+00  1.492235e-01  1.319281e+00  2.928068e-01  3.509737e-02
   133  -8.008314e-01  -8.039457e-01  1.281308e-02  8.780248e+00  1.491145e-01  1.309262e+00  2.949398e-01  3.523141e-02
   134  -7.945762e-01  -7.976926e-01  1.332102e-02  8.718357e+00  1.490026e-01  1.299058e+00  2.971450e-01  3.536951e-02
   135  -7.883165e-01  -7.914351e-01  1.384795e-02  8.655296e+00  1.488879e-01  1.288669e+00  2.994252e-01  3.551179e-02
   136  -7.820520e-01  -7.851729e-01  1.439450e-02  8.591057e+00  1.487702e-01  1.278093e+00  3.017835e-01  3.565841e-02
   137  -7.757826e-01  -7.789060e-01  1.496132e-02  8.525633e+00  1.486495e-01  1.267331e+00  3.042227e-01  3.580950e-02
   138  -7.695080e-01  -7.726340e-01  1.554911e-02  8.459020e+00  1.485256e-01  1.256381e+00  3.067463e-01  3.596521e-02
   139  -7.632279e-01  -7.663566e-01  1.615855e-02  8.391210e+00  1.483986e-01  1.245244e+00  3.093574e-01  3.612568e-02
   140  -7.569421e-01  -7.600737e-01  1.679038e-02  8.322200e+00  1.482684e-01  1.233919e+00  3.120597e-01  3.629108e-02
   141  -7.506504e-01  -7.537849e-01  1.744530e-02  8.251986e+00  1.481348e-01  1.222406e+00  3.148568e-01  3.646158e-02
   142  -7.443524e-01  -7.474900e-01  1.812408e-02  8.180566e+00  1.479978e-01  1.210706e+00  3.177526e-01  3.663734e-02
   143  -7.380478e-01  -7.411886e-01  1.882751e-02  8.107937e+00  1.478573e-01  1.198818e+00  3.207512e-01  3.681855e-02
   144  -7.317363e-01  -7.348806e-01  1.955637e-02  8.034100e+00  1.477133e-01  1.186743e+00  3.238568e-01  3.700538e-02
   145  -7.254177e-01  -7.285655e-01  2.031146e-02  7.959054e+00  1.475656e-01  1.174482e+00  3.270740e-01  3.719804e-02
   146  -7.190915e-01  -7.222431e-01  2.109364e-02  7.882800e+00  1.474142e-01  1.162036e+00  3.304075e-01  3.739671e-02
   147  -7.127576e-01  -7.159130e-01  2.190376e-02  7.805342e+00  1.472589e-01  1.149406e+00  3.338622e-01  3.760161e-02
   148  -7.064154e-01  -7.095749e-01  2.274267e-02  7.726684e+00  1.470998e-01  1.136594e+00  3.374433e-01  3.781296e-02
   149  -7.000648e-01  -7.032285e-01  2.361129e-02  7.646830e+00  1.469367e-01  1.123600e+00  3.411563e-01  3.803097e-02
   150  -6.937052e-01  -6.968733e-01  2.451054e-02  7.565786e+00  1.467695e-01  1.110427e+00  3.450071e-01  3.825589e-02
   151  -6.873362e-01  -6.905090e-01  2.544136e-02  7.483560e+00  1.465981e-01  1.097076e+00  3.490017e-01  3.848796e-02
   152  -6.809577e-01  -6.841352e-01  2.640469e-02  7.400161e+00  1.464225e-01  1.083550e+00  3.531465e-01  3.872744e-02
   153  -6.745689e-01  -6.777516e-01  2.740152e-02  7.315600e+00  1.462425e-01  1.069852e+00  3.574483e-01  3.897458e-02
   154  -6.681697e-01  -6.713575e-01  2.843287e-02  7.229888e+00  1.460580e-01  1.055983e+00  3.619143e-01  3.922968e-02
   155  -6.617595e-01  -6.649528e-01  2.949974e-02  7.143039e+00  1.458690e-01  1.041948e+00  3.665519e-01  3.949301e-02
   156  -6.553379e-01  -6.585368e-01  3.060319e-02  7.055067e+00  1.456754e-01  1.027750e+00  3.713691e-01  3.976487e-02
   157  -6.489043e-01  -6.521092e-01  3.174428e-02  6.965989e+00  1.454770e-01  1.013391e+00  3.763744e-01  4.004559e-02
   158  -6.424583e-01  -6.456694e-01  3.292412e-02  6.875822e+00  1.452737e-01  9.988762e-01  3.815767e-01  4.033550e-02
   159  -6.359995e-01  -6.392169e-01  3.414379e-02  6.784587e+00  1.450655e-01  9.842094e-01  3.869854e-01  4.063493e-02
   160  -6.295272e-01  -6.327513e-01  3.540444e-02  6.692305e+00  1.448522e-01  9.693950e-01  3.926104e-01  4.094425e-02
   161  -6.230410e-01  -6.262720e-01  3.670722e-02  6.598998e+00  1.446337e-01  9.544376e-01  3.984623e-01  4.126383e-02
   162  -6.165401e-01  -6.197784e-01  3.805332e-02  6.504692e+00  1.444099e-01  9.393422e-01  4.045523e-01  4.159406e-02
   163  -6.100243e-01  -6.132700e-01  3.944390e-02  6.409414e+00  1.441808e-01  9.241142e-01  4.108923e-01  4.193537e-02
   164  -6.034926e-01  -6.067462e-01  4.088021e-02  6.313191e+00  1.439461e-01  9.087590e-01  4.174949e-01  4.228817e-02
   165  -5.969446e-01  -6.002063e-01  4.236348e-02  6.216053e+00  1.437058e-01  8.932826e-01  4.243735e-01  4.265292e-02
   166  -5.903797e-01  -5.936497e-01  4.389496e-02  6.118033e+00  1.434597e-01  8.776911e-01  4.315422e-01  4.303011e-02
   167  -5.837971e-01  -5.870759e-01  4.547592e-02  6.019164e+00  1.432078e-01  8.619910e-01  4.390162e-01  4.342021e-02
   168  -5.771961e-01  -5.804840e-01  4.710768e-02  5.919483e+00  1.429498e-01  8.461891e-01  4.468116e-01  4.382375e-02
   169  -5.705759e-01  -5.738734e-01  4.879156e-02  5.819025e+00  1.426858e-01  8.302922e-01  4.549455e-01  4.424129e-02
   170  -5.639361e-01  -5.672433e-01  5.052886e-02  5.717831e+00  1.424155e-01  8.143080e-01  4.634362e-01  4.467339e-02
   171  -5.572757e-01  -5.605931e-01  5.232095e-02  5.615944e+00  1.421389e-01  7.982440e-01  4.723031e-01  4.512066e-02
   172  -5.505939e-01  -5.539219e-01  5.416922e-02  5.513405e+00  1.418558e-01  7.821082e-01  4.815669e-01  4.558373e-02
   173  -5.438899e-01  -5.472289e-01  5.607503e-02  5.410259e+00  1.415660e-01  7.659088e-01  4.912498e-01  4.606327e-02
   174  -5.371628e-01  -5.405133e-01  5.803982e-02  5.306554e+00  1.412695e-01  7.496543e-01  5.013756e-01  4.655998e-02
   175  -5.304118e-01  -5.337742e-01  6.006498e-02  5.202338e+00  1.409661e-01  7.333533e-01  5.119695e-01  4.707460e-02
   176  -5.236359e-01  -5.270106e-01  6.215198e-02  5.097661e+00  1.406557e-01  7.170151e-01  5.230587e-01  4.760791e-02
   177  -5.168342e-01  -5.202217e-01  6.430225e-02  4.992575e+00  1.403381e-01  7.006487e-01  5.346721e-01  4.816073e-02
   178  -5.100057e-01  -5.134065e-01  6.651726e-02  4.887136e+00  1.400133e-01  6.842639e-01  5.468409e-01  4.873393e-02
   179  -5.031493e-01  -5.065640e-01  6.879851e-02  4.781398e+00  1.396810e-01  6.678702e-01  5.595985e-01  4.932842e-02
   180  -4.962641e-01  -4.996930e-01  7.114747e-02  4.675418e+00  1.393411e-01  6.514778e-01  5.729807e-01  4.994517e-02
   181  -4.893489e-01  -4.927927e-01  7.356565e-02  4.569256e+00  1.389935e-01  6.350968e-01  5.870259e-01  5.058518e-02
   182  -4.824025e-01  -4.858618e-01  7.605458e-02  4.462973e+00  1.386380e-01  6.187375e-01  6.017757e-01  5.124955e-02
   183  -4.754238e-01  -4.788991e-01  7.861579e-02  4.356628e+00  1.382745e-01  6.024106e-01  6.172746e-01  5.193940e-02
   184  -4.684115e-01  -4.719035e-01  8.125079e-02  4.250287e+00  1.379028e-01  5.861267e-01  6.335707e-01  5.265596e-02
   185  -4.613644e-01  -4.648737e-01  8.396115e-02  4.144015e+00  1.375229e-01  5.698968e-01  6.507156e-01  5.340048e-02
   186  -4.542812e-01  -4.578084e-01  8.674840e-02  4.037875e+00  1.371345e-01  5.537318e-01  6.687654e-01  5.417433e-02
   187  -4.471603e-01  -4.507062e-01  8.961413e-02  3.931937e+00  1.367374e-01  5.376429e-01  6.877804e-01  5.497893e-02
   188  -4.400005e-01  -4.435657e-01  9.255987e-02  3.826267e+00  1.363316e-01  5.216411e-01  7.078260e-01  5.581583e-02
   189  -4.328003e-01  -4.363855e-01  9.558720e-02  3.720935e+00  1.359169e-01  5.057378e-01  7.289727e-01  5.668662e-02
   190  -4.255580e-01  -4.291640e-01  9.869768e-02  3.616010e+00  1.354931e-01  4.899443e-01  7.512973e-01  5.759303e-02
   191  -4.182721e-01  -4.218998e-01  1.018929e-01  3.511564e+00  1.350600e-01  4.742720e-01  7.748827e-01  5.853687e-02
   192  -4.109409e-01  -4.145911e-01  1.051744e-01  3.407668e+00  1.346176e-01  4.587320e-01  7.998193e-01  5.952011e-02
   193  -4.035628e-01  -4.072362e-01  1.085438e-01  3.304392e+00  1.341656e-01  4.433358e-01  8.262050e-01  6.054480e-02
   194  -3.961357e-01  -3.998333e-01  1.120026e-01  3.201809e+00  1.337040e-01  4.280945e-01  8.541467e-01  6.161315e-02
   195  -3.886579e-01  -3.923807e-01  1.155524e-01  3.099991e+00  1.332324e-01  4.130193e-01  8.837606e-01  6.272752e-02
   196  -3.811275e-01  -3.848764e-01  1.191948e-01  2.999010e+00  1.327509e-01  3.981212e-01  9.151734e-01  6.389040e-02
   197  -3.735424e-01  -3.773184e-01  1.229312e-01  2.898939e+00  1.322591e-01  3.834111e-01  9.485235e-01  6.510448e-02
   198  -3.659004e-01  -3.697046e-01  1.267634e-01  2.799849e+00  1.317570e-01  3.688999e-01  9.839622e-01  6.637263e-02
   199  -3.581995e-01  -3.620329e-01  1.306927e-01  2.701812e+00  1.312445e-01  3.545979e-01  1.021655e+00  6.769790e-02
   200  -3.504371e-01  -3.543010e-01  1.347208e-01  2.604898e+00  1.307213e-01  3.405156e-01  1.061784e+00  6.908357e-02
   201  -3.426111e-01  -3.465065e-01  1.388490e-01  2.509178e+00  1.301872e-01  3.266630e-01  1.104547e+00  7.053316e-02
   202  -3.347189e-01  -3.386471e-01  1.430790e-01  2.414721e+00  1.296423e-01  3.130498e-01  1.150164e+00  7.205042e-02
   203  -3.267578e-01  -3.307201e-01  1.474123e-01  2.321594e+00  1.290862e-01  2.996856e-01  1.198875e+00  7.363941e-02
   204  -3.187252e-01  -3.227229e-01  1.518502e-01  2.229864e+00  1.285188e-01  2.865795e-01  1.250945e+00  7.530446e-02
   205  -3.106182e-01  -3.146528e-01  1.563943e-01  2.139598e+00  1.279400e-01  2.737402e-01  1.306666e+00  7.705023e-02
   206  -3.024340e-01  -3.065068e-01  1.610460e-01  2.050858e+00  1.273497e-01  2.611762e-01  1.366361e+00  7.888174e-02
   207  -2.941693e-01  -2.982820e-01  1.658067e-01  1.963707e+00  1.267477e-01  2.488952e-01  1.430387e+00  8.080439e-02
   208  -2.858211e-01  -2.899751e-01  1.706778e-01  1.878203e+00  1.261338e-01  2.369049e-01  1.499138e+00  8.282400e-02
   209  -2.773859e-01  -2.815830e-01  1.756607e-01  1.794405e+00  1.255080e-01  2.252122e-01  1.573054e+00  8.494685e-02
   210  -2.688604e-01  -2.731022e-01  1.807567e-01  1.712369e+00  1.248701e-01  2.138236e-01  1.652622e+00  8.717971e-02
   211  -2.602407e-01  -2.645292e-01  1.859671e-01  1.632146e+00  1.242199e-01  2.027450e-01  1.738383e+00  8.952991e-02
   212  -2.515233e-01  -2.558601e-01  1.912933e-01  1.553787e+00  1.235574e-01  1.919819e-01  1.830940e+00  9.200535e-02
   213  -2.427040e-01  -2.470912e-01  1.967366e-01  1.477338e+00  1.228825e-01  1.815391e-01  1.930967e+00  9.461461e-02
   214  -2.337787e-01  -2.382184e-01  2.022981e-01  1.402845e+00  1.221951e-01  1.714207e-01  2.039218e+00  9.736697e-02
   215  -2.247432e-01  -2.292375e-01  2.079790e-01  1.330346e+00  1.214950e-01  1.616304e-01  2.156533e+00  1.002725e-01
   216  -2.155929e-01  -2.201439e-01  2.137806e-01  1.259880e+00  1.207822e-01  1.521711e-01  2.283859e+00  1.033421e-01
   217  -2.063231e-01  -2.109332e-01  2.197041e-01  1.191481e+00  1.200566e-01  1.430451e-01  2.422256e+00  1.065876e-01
   218  -1.969289e-01  -2.016006e-01  2.257504e-01  1.125177e+00  1.193182e-01  1.342542e-01  2.572916e+00  1.100220e-01
   219  -1.874052e-01  -1.921409e-01  2.319208e-01  1.060996e+00  1.185670e-01  1.257991e-01  2.737186e+00  1.136592e-01
   220  -1.777468e-01  -1.825491e-01  2.382162e-01  9.989597e-01  1.178028e-01  1.176803e-01  2.916582e+00  1.175145e-01
   221  -1.679480e-01  -1.728197e-01  2.446377e-01  9.390856e-01  1.170258e-01  1.098972e-01  3.112820e+00  1.216046e-01
   222  -1.580031e-01  -1.629471e-01  2.511862e-01  8.813876e-01  1.162359e-01  1.024488e-01  3.327844e+00  1.259476e-01
   223  -1.479060e-01  -1.529252e-01  2.578626e-01  8.258751e-01  1.154331e-01  9.533332e-02  3.563859e+00  1.305632e-01
   224  -1.376507e-01  -1.427481e-01  2.646680e-01  7.725531e-01  1.146176e-01  8.854815e-02  3.823368e+00  1.354732e-01
   225  -1.272305e-01  -1.324094e-01  2.716031e-01  7.214220e-01  1.137893e-01  8.209012e-02  4.109224e+00  1.407012e-01
   226  -1.166389e-01  -1.219024e-01  2.786687e-01  6.724778e-01  1.129485e-01  7.595537e-02  4.424679e+00  1.462729e-01
   227  -1.058689e-01  -1.112205e-01  2.858656e-01  6.257118e-01  1.120953e-01  7.013933e-02  4.773446e+00  1.522167e-01
   228  -9.491320e-02  -1.003565e-01  2.931946e-01  5.811107e-01  1.112298e-01  6.463680e-02  5.159773e+00  1.585635e-01
   229  -8.376459e-02  -8.930312e-02  3.006563e-01  5.386565e-01  1.103522e-01  5.944193e-02  5.588530e+00  1.653472e-01
   230  -7.241543e-02  -7.805294e-02  3.082514e-01  4.983267e-01  1.094628e-01  5.454826e-02  6.065302e+00  1.726048e-01
   231  -6.085799e-02  -6.659827e-02  3.159805e-01  4.600942e-01  1.085620e-01  4.994874e-02  6.596512e+00  1.803769e-01
   232  -4.908431e-02  -5.493125e-02  3.238442e-01  4.239274e-01  1.076500e-01  4.563576e-02  7.189549e+00  1.887081e-01
   233  -3.708631e-02  -4.304388e-02  3.318430e-01  3.897900e-01  1.067271e-01  4.160117e-02  7.852933e+00  1.976471e-01
   234  -2.485584e-02  -3.092802e-02  3.399773e-01  3.576417e-01  1.057939e-01  3.783633e-02  8.596495e+00  2.072472e-01
   235  -1.238476e-02  -1.857554e-02  3.482476e-01  3.274380e-01  1.048509e-01  3.433216e-02  9.431589e+00  2.175668e-01
   236  3.351938e-04  -5.978217e-03  3.566544e-01  2.991302e-01  1.038984e-01  3.107916e-02  1.037135e+01  2.286697e-01
   237  1.331209e-02  6.872107e-03  3.651978e-01  2.726658e-01  1.029372e-01  2.806744e-02  1.143097e+01  2.406256e-01
   238  2.655385e-02  1.998343e-02  3.738783e-01  2.479887e-01  1.019677e-01  2.528685e-02  1.262806e+01  2.535105e-01
   239  4.006821e-02  3.336359e-02  3.826961e-01  2.250393e-01  1.009908e-01  2.272691e-02  1.398301e+01  2.674072e-01
   240  5.386237e-02  4.702005e-02  3.916514e-01  2.037551e-01  1.000071e-01  2.037696e-02  1.551944e+01  2.824058e-01
   241  6.794311e-02  6.095980e-02  4.007443e-01  1.840706e-01  9.901738e-02  1.822619e-02  1.726473e+01  2.986038e-01
   242  8.231653e-02  7.518928e-02  4.099751e-01  1.659180e-01  9.802243e-02  1.626369e-02  1.925057e+01  3.161067e-01
   243  9.698793e-02  8.971418e-02  4.193438e-01  1.492273e-01  9.702307e-02  1.447849e-02  2.151366e+01  3.350284e-01
   244  1.119614e-01  1.045392e-01  4.288503e-01  1.339266e-01  9.602015e-02  1.285965e-02  2.409639e+01  3.554910e-01
   245  1.272401e-01  1.196679e-01  4.384948e-01  1.199431e-01  9.501453e-02  1.139633e-02  2.704767e+01  3.776249e-01
   246  1.428254e-01  1.351027e-01  4.482772e-01  1.072026e-01  9.400705e-02  1.007781e-02  3.042386e+01  4.015691e-01
   247  1.587172e-01  1.508440e-01  4.581974e-01  9.563101e-02  9.299855e-02  8.893545e-03  3.428966e+01  4.274702e-01
   248  1.749134e-01  1.668908e-01  4.682552e-01  8.515384e-02  9.198980e-02  7.833284e-03  3.871916e+01  4.554821e-01
   249  1.914097e-01  1.832399e-01  4.784506e-01  7.569725e-02  9.098154e-02  6.887052e-03  4.379689e+01  4.857654e-01
   250  2.081994e-01  1.998857e-01  4.887832e-01  6.718832e-02  8.997445e-02  6.045232e-03  4.961884e+01  5.184857e-01
   251  2.252735e-01  2.168204e-01  4.992529e-01  5.955551e-02  8.896909e-02  5.298600e-03  5.629353e+01  5.538124e-01
   252  2.426197e-01  2.340332e-01  5.098594e-01  5.272913e-02  8.796593e-02  4.638367e-03  6.394287e+01  5.919168e-01
   253  2.602232e-01  2.515106e-01  5.206023e-01  4.664172e-02  8.696533e-02  4.056212e-03  7.270301e+01  6.329697e-01
   254  2.780661e-01  2.692363e-01  5.314812e-01  4.122838e-02  8.596751e-02  3.544302e-03  8.272495e+01  6.771391e-01
   255  2.961277e-01  2.871908e-01  5.424959e-01  3.642719e-02  8.497258e-02  3.095312e-03  9.417485e+01  7.245878e-01
   256  3.143844e-01  3.053520e-01  5.536457e-01  3.217939e-02  8.398052e-02  2.702442e-03  1.072341e+02  7.754701e-01
   257  3.328097e-01  3.236947e-01  5.649304e-01  2.842971e-02  8.299118e-02  2.359415e-03  1.220988e+02  8.299292e-01
   258  3.513751e-01  3.421916e-01  5.763493e-01  2.512645e-02  8.200435e-02  2.060478e-03  1.389794e+02  8.880946e-01
   259  3.700497e-01  3.608128e-01  5.879020e-01  2.222163e-02  8.101972e-02  1.800390e-03  1.580989e+02  9.500795e-01
   260  3.888013e-01  3.795267e-01  5.995879e-01  1.967101e-02  8.003697e-02  1.574408e-03  1.796917e+02  1.015979e+00
   261  4.075963e-01  3.983005e-01  6.114063e-01  1.743410e-02  7.905573e-02  1.378265e-03  2.040017e+02  1.085867e+00
   262  4.264007e-01  4.171003e-01  6.233566e-01  1.547407e-02  7.807569e-02  1.208149e-03  2.312796e+02  1.159800e+00
   263  4.451805e-01  4.358921e-01  6.354383e-01  1.375764e-02  7.709658e-02  1.060667e-03  2.617812e+02  1.237809e+00
   264  4.639021e-01  4.546422e-01  6.476505e-01  1.225492e-02  7.611824e-02  9.328226e-04  2.957640e+02  1.319908e+00
   265  4.825331e-01  4.733175e-01  6.599927e-01  1.093920e-02  7.514057e-02  8.219781e-04  3.334855e+02  1.406090e+00
   266  5.010426e-01  4.918865e-01  6.724639e-01  9.786797e-03  7.416364e-02  7.258245e-04  3.752009e+02  1.496330e+00
   267  5.194017e-01  5.103192e-01  6.850636e-01  8.776741e-03  7.318763e-02  6.423489e-04  4.211607e+02  1.590588e+00
   268  5.375838e-01  5.285879e-01  6.977908e-01  7.890599e-03  7.221285e-02  5.698026e-04  4.716098e+02  1.688811e+00
   269  5.555649e-01  5.466674e-01  7.106448e-01  7.112217e-03  7.123973e-02  5.066724e-04  5.267856e+02  1.790934e+00
   270  5.733235e-01  5.645350e-01  7.236247e-01  6.427485e-03  7.026883e-02  4.516518e-04  5.869182e+02  1.896887e+00
   271  5.908412e-01  5.821707e-01  7.367296e-01  5.824119e-03  6.930078e-02  4.036160e-04  6.522299e+02  2.006592e+00
   272  6.081023e-01  5.995575e-01  7.499587e-01  5.291454e-03  6.833629e-02  3.615984e-04  7.229350e+02  2.119972e+00
   273  6.250938e-01  6.166811e-01  7.633112e-01  4.820242e-03  6.737614e-02  3.247693e-04  7.992416e+02  2.236947e+00
   274  6.418054e-01  6.335300e-01  7.767859e-01  4.402484e-03  6.642109e-02  2.924178e-04  8.813516e+02  2.357444e+00
   275  6.582293e-01  6.500950e-01  7.903821e-01  4.031265e-03  6.547196e-02  2.639348e-04  9.694624e+02  2.481389e+00
   276  6.743599e-01  6.663694e-01  8.040988e-01  3.700613e-03  6.452952e-02  2.387988e-04  1.063768e+03  2.608718e+00
   277  6.901937e-01  6.823489e-01  8.179349e-01  3.405372e-03  6.359453e-02  2.165630e-04  1.164463e+03  2.739372e+00
   278  7.057294e-01  6.980310e-01  8.318895e-01  3.141091e-03  6.266770e-02  1.968449e-04  1.271738e+03  2.873301e+00
   279  7.209669e-01  7.134149e-01  8.459616e-01  2.903923e-03  6.174970e-02  1.793164e-04  1.385790e+03  3.010463e+00
   280  7.359078e-01  7.285016e-01  8.601502e-01  2.690546e-03  6.084113e-02  1.636959e-04  1.506819e+03  3.150826e+00
   281  7.505551e-01  7.432932e-01  8.744542e-01  2.498086e-03  5.994254e-02  1.497416e-04  1.635028e+03  3.294367e+00
   282  7.649125e-01  7.577931e-01  8.888727e-01  2.324054e-03  5.905440e-02  1.372456e-04  1.770629e+03  3.441074e+00
   283  7.789850e-01  7.720057e-01  9.034045e-01  2.166293e-03  5.817711e-02  1.260287e-04  1.913845e+03  3.590944e+00
   284  7.927779e-01  7.859362e-01  9.180486e-01  2.022929e-03  5.731104e-02  1.159361e-04  2.064906e+03  3.743983e+00
   285  8.062975e-01  7.995903e-01  9.328039e-01  1.892333e-03  5.645645e-02  1.068344e-04  2.224056e+03  3.900207e+00
   286  8.195503e-01  8.129744e-01  9.476693e-01  1.773086e-03  5.561359e-02  9.860768e-05  2.391551e+03  4.059643e+00
   287  8.325433e-01  8.260954e-01  9.626437e-01  1.663950e-03  5.478262e-02  9.115552e-05  2.567665e+03  4.222326e+00
   288  8.452836e-01  8.389602e-01  9.777261e-01  1.563841e-03  5.396366e-02  8.439057e-05  2.752687e+03  4.388300e+00
   289  8.577788e-01  8.515761e-01  9.929154e-01  1.471811e-03  5.315680e-02  7.823674e-05  2.946922e+03  4.557618e+00
   290  8.700361e-01  8.639507e-01  1.008210e+00  1.387027e-03  5.236208e-02  7.262760e-05  3.150698e+03  4.730340e+00
   291  8.820632e-01  8.760912e-01  1.023610e+00  1.308757e-03  5.157950e-02  6.750501e-05  3.364361e+03  4.906539e+00
   292  8.938676e-01  8.880055e-01  1.039113e+00  1.236355e-03  5.080904e-02  6.281798e-05  3.588281e+03  5.086292e+00
   293  9.054567e-01  8.997008e-01  1.054718e+00  1.169250e-03  5.005065e-02  5.852174e-05  3.822853e+03  5.269685e+00
   294  9.168380e-01  9.111846e-01  1.070425e+00  1.106940e-03  4.930425e-02  5.457682e-05  4.068496e+03  5.456814e+00
   295  9.280188e-01  9.224644e-01  1.086232e+00  1.048974e-03  4.856976e-02  5.094844e-05  4.325658e+03  5.647781e+00
   296  9.390062e-01  9.335473e-01  1.102138e+00  9.949570e-04  4.784708e-02  4.760579e-05  4.594814e+03  5.842697e+00
   297  9.498073e-01  9.444403e-01  1.118142e+00  9.445335e-04  4.713610e-02  4.452163e-05  4.876473e+03  6.041680e+00
   298  9.604289e-01  9.551506e-01  1.134242e+00  8.973877e-04  4.643669e-02  4.167171e-05  5.171176e+03  6.244858e+00
   299  9.708778e-01  9.656848e-01  1.150438e+00  8.532367e-04  4.574872e-02  3.903449e-05  5.479501e+03  6.452366e+00
   300  9.811605e-01  9.760496e-01  1.166729e+00  8.118275e-04  4.507208e-02  3.659076e-05  5.802063e+03  6.664346e+00
   301  9.912834e-01  9.862515e-01  1.183113e+00  7.729330e-04  4.440663e-02  3.432335e-05  6.139518e+03  6.880950e+00
   302  1.001253e+00  9.962967e-01  1.199589e+00  7.363486e-04  4.375224e-02  3.221690e-05  6.492566e+03  7.102338e+00
   303  1.011074e+00  1.006191e+00  1.216156e+00  7.018902e-04  4.310879e-02  3.025764e-05  6.861955e+03  7.328680e+00
   304  1.020755e+00  1.015941e+00  1.232813e+00  6.693916e-04  4.247615e-02  2.843318e-05  7.248483e+03  7.560152e+00
   305  1.030299e+00  1.025553e+00  1.249559e+00  6.387027e-04  4.185421e-02  2.673240e-05  7.652999e+03  7.796942e+00
   306  1.039712e+00  1.035031e+00  1.266393e+00  6.096873e-04  4.124287e-02  2.514525e-05  8.076411e+03  8.039245e+00
   307  1.049001e+00  1.044382e+00  1.283313e+00  5.822220e-04  4.064200e-02  2.366266e-05  8.519692e+03  8.287269e+00
   308  1.058170e+00  1.053610e+00  1.300318e+00  5.561945e-04  4.005152e-02  2.227643e-05  8.983878e+03  8.541230e+00
   309  1.067225e+00  1.062721e+00  1.317409e+00  5.315028e-04  3.947134e-02  2.097913e-05  9.470077e+03  8.801355e+00
   310  1.076169e+00  1.071720e+00  1.334582e+00  5.080540e-04  3.890137e-02  1.976399e-05  9.979476e+03  9.067883e+00
   311  1.085009e+00  1.080612e+00  1.351837e+00  4.857631e-04  3.834154e-02  1.862491e-05  1.051334e+04  9.341061e+00
   312  1.093749e+00  1.089401e+00  1.369174e+00  4.645525e-04  3.779179e-02  1.755627e-05  1.107303e+04  9.621153e+00
   313  1.102394e+00  1.098093e+00  1.386590e+00  4.443514e-04  3.725205e-02  1.655300e-05  1.165999e+04  9.908431e+00
   314  1.110947e+00  1.106692e+00  1.404086e+00  4.250947e-04  3.672228e-02  1.561045e-05  1.227579e+04  1.020318e+01
   315  1.119414e+00  1.115201e+00  1.421659e+00  4.067227e-04  3.620242e-02  1.472435e-05  1.292209e+04  1.050571e+01
   316  1.127799e+00  1.123627e+00  1.439309e+00  3.891808e-04  3.569244e-02  1.389081e-05  1.360068e+04  1.081632e+01
   317  1.136106e+00  1.131972e+00  1.457034e+00  3.724186e-04  3.519231e-02  1.310627e-05  1.431346e+04  1.113534e+01
   318  1.144339e+00  1.140242e+00  1.474834e+00  3.563902e-04  3.470199e-02  1.236745e-05  1.506250e+04  1.146313e+01
   319  1.152502e+00  1.148440e+00  1.492708e+00  3.410529e-04  3.422145e-02  1.167133e-05  1.584999e+04  1.180003e+01
   320  1.160599e+00  1.156570e+00  1.510654e+00  3.263674e-04  3.375068e-02  1.101512e-05  1.667831e+04  1.214643e+01
   321  1.168635e+00  1.164636e+00  1.528672e+00  3.122979e-04  3.328964e-02  1.039628e-05  1.754997e+04  1.250271e+01
   322  1.176612e+00  1.172642e+00  1.546760e+00  2.988110e-04  3.283830e-02  9.812445e-06  1.846771e+04  1.286929e+01
   323  1.184535e+00  1.180591e+00  1.564917e+00  2.858760e-04  3.239665e-02  9.261425e-06  1.943445e+04  1.324660e+01
   324  1.192407e+00  1.188489e+00  1.583142e+00  2.734648e-04  3.196464e-02  8.741202e-06  2.045332e+04  1.363508e+01
   325  1.200232e+00  1.196337e+00  1.601435e+00  2.615511e-04  3.154223e-02  8.249907e-06  2.152768e+04  1.403520e+01
   326  1.208014e+00  1.204140e+00  1.619794e+00  2.501111e-04  3.112938e-02  7.785804e-06  2.266114e+04  1.444746e+01
   327  1.215756e+00  1.211902e+00  1.638218e+00  2.391224e-04  3.072603e-02  7.347282e-06  2.385759e+04  1.487236e+01
   328  1.223461e+00  1.219626e+00  1.656707e+00  2.285645e-04  3.033210e-02  6.932842e-06  2.512118e+04  1.531044e+01
   329  1.231134e+00  1.227315e+00  1.675259e+00  2.184185e-04  2.994752e-02  6.541092e-06  2.645636e+04  1.576225e+01
   330  1.238777e+00  1.234972e+00  1.693873e+00  2.086670e-04  2.957216e-02  6.170734e-06  2.786793e+04  1.622837e+01
   331  1.246393e+00  1.242602e+00  1.712548e+00  1.992935e-04  2.920593e-02  5.820552e-06  2.936103e+04  1.670941e+01
   332  1.253987e+00  1.250207e+00  1.731284e+00  1.902833e-04  2.884866e-02  5.489419e-06  3.094115e+04  1.720601e+01
   333  1.261560e+00  1.257790e+00  1.750080e+00  1.816225e-04  2.850021e-02  5.176278e-06  3.261418e+04  1.771881e+01
   334  1.269117e+00  1.265355e+00  1.768933e+00  1.732981e-04  2.816038e-02  4.880139e-06  3.438643e+04  1.824850e+01
   335  1.276659e+00  1.272904e+00  1.787844e+00  1.652982e-04  2.782896e-02  4.600077e-06  3.626464e+04  1.879579e+01
   336  1.284191e+00  1.280441e+00  1.806811e+00  1.576116e-04  2.750572e-02  4.335221e-06  3.825606e+04  1.936144e+01
   337  1.291714e+00  1.287969e+00  1.825834e+00  1.502279e-04  2.719041e-02  4.084757e-06  4.036841e+04  1.994620e+01
   338  1.299232e+00  1.295489e+00  1.844912e+00  1.431371e-04  2.688272e-02  3.847915e-06  4.260996e+04  2.055089e+01
   339  1.306746e+00  1.303005e+00  1.864043e+00  1.363301e-04  2.658235e-02  3.623973e-06  4.498956e+04  2.117633e+01
   340  1.314261e+00  1.310520e+00  1.883227e+00  1.297979e-04  2.628897e-02  3.412254e-06  4.751661e+04  2.182341e+01
   341  1.321777e+00  1.318035e+00  1.902463e+00  1.235323e-04  2.600224e-02  3.212115e-06  5.020122e+04  2.249302e+01
   342  1.329298e+00  1.325554e+00  1.921749e+00  1.175250e-04  2.572177e-02  3.022950e-06  5.305416e+04  2.318610e+01
   343  1.336825e+00  1.333077e+00  1.941086e+00  1.117683e-04  2.544719e-02  2.844189e-06  5.608691e+04  2.390364e+01
   344  1.344360e+00  1.340609e+00  1.960472e+00  1.062546e-04  2.517810e-02  2.675289e-06  5.931176e+04  2.464665e+01
   345  1.351905e+00  1.348149e+00  1.979907e+00  1.009764e-04  2.491411e-02  2.515737e-06  6.274188e+04  2.541620e+01
   346  1.359463e+00  1.355701e+00  1.999389e+00  9.592650e-05  2.465482e-02  2.365051e-06  6.639119e+04  2.621338e+01
   347  1.367034e+00  1.363265e+00  2.018916e+00  9.109793e-05  2.439984e-02  2.222775e-06  7.027454e+04  2.703931e+01
   348  1.374619e+00  1.370843e+00  2.038490e+00  8.648347e-05  2.414877e-02  2.088470e-06  7.440795e+04  2.789518e+01
   349  1.382221e+00  1.378437e+00  2.058108e+00  8.207607e-05  2.390125e-02  1.961721e-06  7.880851e+04  2.878224e+01
   350  1.389840e+00  1.386047e+00  2.077770e+00  7.786885e-05  2.365693e-02  1.842137e-06  8.349435e+04  2.970176e+01
   351  1.397478e+00  1.393676e+00  2.097475e+00  7.385483e-05  2.341545e-02  1.729344e-06  8.848503e+04  3.065509e+01
   352  1.405135e+00  1.401323e+00  2.117222e+00  7.002719e-05  2.317652e-02  1.622987e-06  9.380136e+04  3.164359e+01
   353  1.412811e+00  1.408990e+00  2.137010e+00  6.637916e-05  2.293985e-02  1.522728e-06  9.946560e+04  3.266872e+01
   354  1.420509e+00  1.416677e+00  2.156839e+00  6.290397e-05  2.270519e-02  1.428246e-06  1.055017e+05  3.373197e+01
   355  1.428228e+00  1.424386e+00  2.176706e+00  5.959497e-05  2.247229e-02  1.339235e-06  1.119352e+05  3.483492e+01
   356  1.435969e+00  1.432116e+00  2.196613e+00  5.644562e-05  2.224097e-02  1.255405e-06  1.187936e+05  3.597918e+01
   357  1.443733e+00  1.439868e+00  2.216557e+00  5.344950e-05  2.201104e-02  1.176479e-06  1.261061e+05  3.716646e+01
   358  1.451519e+00  1.447643e+00  2.236538e+00  5.060029e-05  2.178235e-02  1.102193e-06  1.339043e+05  3.839851e+01
   359  1.459328e+00  1.455441e+00  2.256555e+00  4.789179e-05  2.155479e-02  1.032297e-06  1.422221e+05  3.967718e+01
   360  1.467160e+00  1.463262e+00  2.276608e+00  4.531800e-05  2.132824e-02  9.665533e-07  1.510956e+05  4.100439e+01
   361  1.475016e+00  1.471106e+00  2.296694e+00  4.287307e-05  2.110263e-02  9.047344e-07  1.605636e+05  4.238212e+01
   362  1.482896e+00  1.478974e+00  2.316815e+00  4.055127e-05  2.087788e-02  8.466244e-07  1.706681e+05  4.381248e+01
   363  1.490799e+00  1.486865e+00  2.336968e+00  3.834713e-05  2.065393e-02  7.920190e-07  1.814537e+05  4.529763e+01
   364  1.498725e+00  1.494780e+00  2.357153e+00  3.625533e-05  2.043077e-02  7.407241e-07  1.929682e+05  4.683980e+01
   365  1.506676e+00  1.502719e+00  2.377369e+00  3.427069e-05  2.020834e-02  6.925536e-07  2.052636e+05  4.844139e+01
   366  1.514650e+00  1.510681e+00  2.397614e+00  3.238826e-05  1.998663e-02  6.473321e-07  2.183950e+05  5.010484e+01
   367  1.522648e+00  1.518668e+00  2.417890e+00  3.060328e-05  1.976563e-02  6.048930e-07  2.324217e+05  5.183272e+01
   368  1.530670e+00  1.526678e+00  2.438194e+00  2.891113e-05  1.954533e-02  5.650776e-07  2.474078e+05  5.362771e+01
   369  1.538715e+00  1.534711e+00  2.458525e+00  2.730741e-05  1.932573e-02  5.277356e-07  2.634217e+05  5.549260e+01
   370  1.546784e+00  1.542768e+00  2.478883e+00  2.578788e-05  1.910683e-02  4.927248e-07  2.805369e+05  5.743030e+01
   371  1.554876e+00  1.550849e+00  2.499268e+00  2.434847e-05  1.888865e-02  4.599099e-07  2.988325e+05  5.944385e+01
   372  1.562991e+00  1.558953e+00  2.519677e+00  2.298529e-05  1.867120e-02  4.291629e-07  3.183933e+05  6.153641e+01
   373  1.571130e+00  1.567079e+00  2.540110e+00  2.169460e-05  1.845448e-02  4.003627e-07  3.393106e+05  6.371130e+01
   374  1.579291e+00  1.575229e+00  2.560567e+00  2.047281e-05  1.823853e-02  3.733939e-07  3.616827e+05  6.597200e+01
   375  1.587475e+00  1.583402e+00  2.581047e+00  1.931651e-05  1.802336e-02  3.481482e-07  3.856147e+05  6.832209e+01
   376  1.595682e+00  1.591598e+00  2.601548e+00  1.822243e-05  1.780899e-02  3.245231e-07  4.112198e+05  7.076532e+01
   377  1.603911e+00  1.599816e+00  2.622070e+00  1.718745e-05  1.759544e-02  3.024208e-07  4.386200e+05  7.330565e+01
   378  1.612162e+00  1.608056e+00  2.642612e+00  1.620857e-05  1.738275e-02  2.817495e-07  4.679464e+05  7.594719e+01
   379  1.620435e+00  1.616318e+00  2.663173e+00  1.528297e-05  1.717092e-02  2.624227e-07  4.993388e+05  7.869417e+01
   380  1.628730e+00  1.624602e+00  2.683753e+00  1.440793e-05  1.695998e-02  2.443583e-07  5.329490e+05  8.155109e+01
   381  1.637046e+00  1.632908e+00  2.704349e+00  1.358085e-05  1.674995e-02  2.274785e-07  5.689399e+05  8.452265e+01
   382  1.645384e+00  1.641235e+00  2.724962e+00  1.279925e-05  1.654085e-02  2.117105e-07  6.074863e+05  8.761370e+01
   383  1.653742e+00  1.649583e+00  2.745591e+00  1.206078e-05  1.633271e-02  1.969853e-07  6.487769e+05  9.082938e+01
   384  1.662121e+00  1.657952e+00  2.766234e+00  1.136320e-05  1.612556e-02  1.832380e-07  6.930139e+05  9.417498e+01
   385  1.670521e+00  1.666341e+00  2.786890e+00  1.070436e-05  1.591943e-02  1.704073e-07  7.404155e+05  9.765604e+01
   386  1.678941e+00  1.674751e+00  2.807560e+00  1.008222e-05  1.571435e-02  1.584355e-07  7.912170e+05  1.012784e+02
   387  1.687381e+00  1.683181e+00  2.828242e+00  9.494841e-06  1.551034e-02  1.472682e-07  8.456714e+05  1.050482e+02
   388  1.695840e+00  1.691631e+00  2.848934e+00  8.940373e-06  1.530745e-02  1.368543e-07  9.040511e+05  1.089718e+02
   389  1.704319e+00  1.700100e+00  2.869636e+00  8.417060e-06  1.510570e-02  1.271456e-07  9.666499e+05  1.130558e+02
   390  1.712817e+00  1.708589e+00  2.890347e+00  7.923237e-06  1.490513e-02  1.180969e-07  1.033783e+06  1.173070e+02
   391  1.721334e+00  1.717096e+00  2.911066e+00  7.457324e-06  1.470576e-02  1.096656e-07  1.105792e+06  1.217329e+02
   392  1.729870e+00  1.725623e+00  2.931793e+00  7.017820e-06  1.450760e-02  1.018117e-07  1.183041e+06  1.263410e+02
   393  1.738423e+00  1.734168e+00  2.952525e+00  6.603302e-06  1.431067e-02  9.449769e-08  1.265927e+06  1.311392e+02
   394  1.746996e+00  1.742731e+00  2.973262e+00  6.212406e-06  1.411499e-02  8.768808e-08  1.354877e+06  1.361360e+02
   395  1.755585e+00  1.751312e+00  2.994003e+00  5.843852e-06  1.392059e-02  8.134989e-08  1.450347e+06  1.413399e+02
   396  1.764193e+00  1.759910e+00  3.014747e+00  5.496425e-06  1.372748e-02  7.545207e-08  1.552831e+06  1.467600e+02
   397  1.772817e+00  1.768526e+00  3.035493e+00  5.168963e-06  1.353567e-02  6.996535e-08  1.662864e+06  1.524059e+02
   398  1.781458e+00  1.777159e+00  3.056239e+00  4.860367e-06  1.334517e-02  6.486243e-08  1.781020e+06  1.582875e+02
   399  1.790116e+00  1.785809e+00  3.076985e+00  4.569597e-06  1.315601e-02  6.011766e-08  1.907919e+06  1.644153e+02
   400  1.798790e+00  1.794475e+00  3.097730e+00  4.295672e-06  1.296818e-02  5.570705e-08  2.044228e+06  1.708001e+02
   401  1.807481e+00  1.803157e+00  3.118471e+00  4.037651e-06  1.278170e-02  5.160804e-08  2.190670e+06  1.774535e+02
   402  1.816187e+00  1.811856e+00  3.139210e+00  3.794642e-06  1.259661e-02  4.779961e-08  2.348024e+06  1.843873e+02
   403  1.824908e+00  1.820569e+00  3.159943e+00  3.565794e-06  1.241294e-02  4.426198e-08  2.517135e+06  1.916143e+02
   404  1.833645e+00  1.829298e+00  3.180670e+00  3.350311e-06  1.223073e-02  4.097675e-08  2.698912e+06  1.991473e+02
   405  1.842396e+00  1.838042e+00  3.201389e+00  3.147434e-06  1.205002e-02  3.792664e-08  2.894339e+06  2.070003e+02
   406  1.851162e+00  1.846801e+00  3.222100e+00  2.956464e-06  1.187076e-02  3.509547e-08  3.104475e+06  2.151878e+02
   407  1.859943e+00  1.855575e+00  3.242801e+00  2.776726e-06  1.169298e-02  3.246821e-08  3.330460e+06  2.237248e+02
   408  1.868738e+00  1.864362e+00  3.263492e+00  2.607573e-06  1.151673e-02  3.003072e-08  3.573542e+06  2.326271e+02
   409  1.877546e+00  1.873164e+00  3.284169e+00  2.448407e-06  1.134200e-02  2.776984e-08  3.835055e+06  2.419116e+02
   410  1.886369e+00  1.881980e+00  3.304833e+00  2.298670e-06  1.116874e-02  2.567324e-08  4.116436e+06  2.515955e+02
   411  1.895204e+00  1.890809e+00  3.325481e+00  2.157807e-06  1.099705e-02  2.372952e-08  4.419257e+06  2.616970e+02
   412  1.904052e+00  1.899651e+00  3.346113e+00  2.025310e-06  1.082694e-02  2.192791e-08  4.745213e+06  2.722354e+02
   413  1.912914e+00  1.908506e+00  3.366726e+00  1.900743e-06  1.065813e-02  2.025837e-08  5.096078e+06  2.832311e+02
   414  1.921788e+00  1.917373e+00  3.387321e+00  1.783600e-06  1.049094e-02  1.871163e-08  5.473882e+06  2.947049e+02
   415  1.930674e+00  1.926254e+00  3.407894e+00  1.673460e-06  1.032529e-02  1.727895e-08  5.880762e+06  3.066793e+02
   416  1.939572e+00  1.935146e+00  3.428445e+00  1.569917e-06  1.016121e-02  1.595226e-08  6.319033e+06  3.191774e+02
   417  1.948482e+00  1.944050e+00  3.448972e+00  1.472555e-06  9.998934e-03  1.472398e-08  6.791279e+06  3.322237e+02
   418  1.957404e+00  1.952966e+00  3.469473e+00  1.381084e-06  9.837985e-03  1.358708e-08  7.300069e+06  3.458440e+02
   419  1.966337e+00  1.961893e+00  3.489947e+00  1.295112e-06  9.678696e-03  1.253500e-08  7.848454e+06  3.600652e+02
   420  1.975281e+00  1.970832e+00  3.510392e+00  1.214364e-06  9.520730e-03  1.156163e-08  8.439486e+06  3.749158e+02
   421  1.984235e+00  1.979781e+00  3.530806e+00  1.138514e-06  9.364225e-03  1.066131e-08  9.076649e+06  3.904254e+02
   422  1.993201e+00  1.988741e+00  3.551188e+00  1.067159e-06  9.210164e-03  9.828712e-09  9.764209e+06  4.066258e+02
   423  2.002176e+00  1.997712e+00  3.571535e+00  1.000192e-06  9.057201e-03  9.058944e-09  1.050557e+07  4.235498e+02
   424  2.011162e+00  2.006692e+00  3.591847e+00  9.373631e-07  8.905216e-03  8.347421e-09  1.130498e+07  4.412321e+02
   425  2.020157e+00  2.015683e+00  3.612121e+00  8.783176e-07  8.755239e-03  7.689880e-09  1.216787e+07  4.597095e+02
   426  2.029162e+00  2.024683e+00  3.632356e+00  8.229028e-07  8.606560e-03  7.082362e-09  1.309896e+07  4.790206e+02
   427  2.038177e+00  2.033693e+00  3.652549e+00  7.708201e-07  8.460067e-03  6.521190e-09  1.410458e+07  4.992061e+02
   428  2.047201e+00  2.042712e+00  3.672697e+00  7.219609e-07  8.314806e-03  6.002965e-09  1.519009e+07  5.203078e+02
   429  2.056234e+00  2.051741e+00  3.692801e+00  6.760766e-07  8.171413e-03  5.524501e-09  1.636272e+07  5.423713e+02
   430  2.065275e+00  2.060778e+00  3.712856e+00  6.330549e-07  8.029080e-03  5.082849e-09  1.762892e+07  5.654441e+02
   431  2.074326e+00  2.069824e+00  3.732862e+00  5.926546e-07  7.888709e-03  4.675280e-09  1.899745e+07  5.895755e+02
   432  2.083385e+00  2.078879e+00  3.752816e+00  5.547483e-07  7.749895e-03  4.299241e-09  2.047652e+07  6.148191e+02
   433  2.092452e+00  2.087942e+00  3.772715e+00  5.192059e-07  7.612348e-03  3.952376e-09  2.207502e+07  6.412304e+02
   434  2.101527e+00  2.097013e+00  3.792558e+00  4.858618e-07  7.476412e-03  3.632503e-09  2.380349e+07  6.688678e+02
   435  2.110609e+00  2.106091e+00  3.812342e+00  4.545860e-07  7.342050e-03  3.337593e-09  2.567292e+07  6.977929e+02
   436  2.119699e+00  2.115178e+00  3.832064e+00  4.252217e-07  7.209813e-03  3.065769e-09  2.769635e+07  7.280707e+02
   437  2.128797e+00  2.124272e+00  3.851724e+00  3.977682e-07  7.077665e-03  2.815270e-09  2.988305e+07  7.597719e+02
   438  2.137902e+00  2.133373e+00  3.871316e+00  3.719373e-07  6.948714e-03  2.584486e-09  3.225359e+07  7.929689e+02
   439  2.147014e+00  2.142482e+00  3.890841e+00  3.477624e-07  6.820534e-03  2.371925e-09  3.481835e+07  8.277378e+02
   440  2.156134e+00  2.151598e+00  3.910294e+00  3.251084e-07  6.693727e-03  2.176187e-09  3.759566e+07  8.641619e+02
   441  2.165260e+00  2.160721e+00  3.929672e+00  3.038431e-07  6.569170e-03  1.995997e-09  4.060648e+07  9.023256e+02
   442  2.174392e+00  2.169850e+00  3.948974e+00  2.839589e-07  6.445169e-03  1.830163e-09  4.386593e+07  9.423199e+02
   443  2.183531e+00  2.178985e+00  3.968197e+00  2.653102e-07  6.323067e-03  1.677574e-09  4.740042e+07  9.842431e+02
   444  2.192676e+00  2.188127e+00  3.987338e+00  2.478468e-07  6.202259e-03  1.537210e-09  5.123205e+07  1.028198e+03
   445  2.201827e+00  2.197275e+00  4.006394e+00  2.314841e-07  6.083028e-03  1.408124e-09  5.538841e+07  1.074293e+03
   446  2.210983e+00  2.206429e+00  4.025361e+00  2.161613e-07  5.965222e-03  1.289450e-09  5.989751e+07  1.122641e+03
   447  2.220145e+00  2.215588e+00  4.044236e+00  2.017990e-07  5.849280e-03  1.180379e-09  6.479326e+07  1.173363e+03
   448  2.229313e+00  2.224753e+00  4.063018e+00  1.883615e-07  5.734479e-03  1.080155e-09  7.010690e+07  1.226592e+03
   449  2.238485e+00  2.233923e+00  4.081701e+00  1.757847e-07  5.621040e-03  9.880929e-10  7.587707e+07  1.282462e+03
   450  2.247664e+00  2.243099e+00  4.100285e+00  1.639992e-07  5.509462e-03  9.035472e-10  8.214928e+07  1.341121e+03
   451  2.256847e+00  2.252280e+00  4.118764e+00  1.529815e-07  5.398878e-03  8.259286e-10  8.896297e+07  1.402723e+03
   452  2.266035e+00  2.261465e+00  4.137136e+00  1.426693e-07  5.289812e-03  7.546937e-10  9.637167e+07  1.467432e+03
   453  2.275227e+00  2.270656e+00  4.155398e+00  1.330248e-07  5.182001e-03  6.893348e-10  1.044284e+08  1.535423e+03
   454  2.284425e+00  2.279850e+00  4.173546e+00  1.239932e-07  5.075979e-03  6.293869e-10  1.131989e+08  1.606884e+03
   455  2.293626e+00  2.289050e+00  4.191575e+00  1.155472e-07  4.971299e-03  5.744197e-10  1.227455e+08  1.682010e+03
   456  2.302831e+00  2.298253e+00  4.209483e+00  1.076549e-07  4.867752e-03  5.240374e-10  1.331380e+08  1.761011e+03
   457  2.312040e+00  2.307460e+00  4.227266e+00  1.002767e-07  4.765533e-03  4.778718e-10  1.444589e+08  1.844113e+03
   458  2.321254e+00  2.316672e+00  4.244922e+00  9.337563e-08  4.664832e-03  4.355816e-10  1.568009e+08  1.931561e+03
   459  2.330471e+00  2.325887e+00  4.262445e+00  8.692276e-08  4.565620e-03  3.968563e-10  1.702616e+08  2.023609e+03
   460  2.339691e+00  2.335106e+00  4.279832e+00  8.090216e-08  4.467248e-03  3.614100e-10  1.849353e+08  2.120524e+03
   461  2.348914e+00  2.344327e+00  4.297077e+00  7.526237e-08  4.371071e-03  3.289772e-10  2.009686e+08  2.222595e+03
   462  2.358140e+00  2.353552e+00  4.314179e+00  7.001242e-08  4.275118e-03  2.993113e-10  2.184494e+08  2.330138e+03
   463  2.367370e+00  2.362779e+00  4.331132e+00  6.509005e-08  4.181680e-03  2.721857e-10  2.375801e+08  2.443490e+03
   464  2.376602e+00  2.372010e+00  4.347934e+00  6.050626e-08  4.088731e-03  2.473938e-10  2.584672e+08  2.563001e+03
   465  2.385835e+00  2.381243e+00  4.364577e+00  5.622552e-08  3.997200e-03  2.247446e-10  2.813122e+08  2.689048e+03
   466  2.395073e+00  2.390479e+00  4.381063e+00  5.222773e-08  3.907114e-03  2.040597e-10  3.063168e+08  2.822050e+03
   467  2.404312e+00  2.399717e+00  4.397382e+00  4.849510e-08  3.818456e-03  1.851764e-10  3.337016e+08  2.962446e+03
   468  2.413552e+00  2.408957e+00  4.413531e+00  4.501735e-08  3.730733e-03  1.679477e-10  3.636830e+08  3.110686e+03
   469  2.422796e+00  2.418198e+00  4.429508e+00  4.176937e-08  3.644635e-03  1.522341e-10  3.965656e+08  3.267287e+03
   470  2.432040e+00  2.427443e+00  4.445308e+00  3.874398e-08  3.559473e-03  1.379082e-10  4.326163e+08  3.432798e+03
   471  2.441285e+00  2.436687e+00  4.460922e+00  3.592271e-08  3.475667e-03  1.248554e-10  4.721847e+08  3.607777e+03
   472  2.450531e+00  2.445933e+00  4.476353e+00  3.329533e-08  3.392882e-03  1.129671e-10  5.156230e+08  3.792863e+03
   473  2.459778e+00  2.455179e+00  4.491590e+00  3.084280e-08  3.311791e-03  1.021449e-10  5.633973e+08  3.988733e+03
   474  2.469026e+00  2.464427e+00  4.506634e+00  2.856599e-08  3.231053e-03  9.229821e-11  6.158554e+08  4.196108e+03
   475  2.478273e+00  2.473674e+00  4.521475e+00  2.643625e-08  3.152632e-03  8.334375e-11  6.736954e+08  4.415773e+03
   476  2.487521e+00  2.482922e+00  4.536111e+00  2.445886e-08  3.074789e-03  7.520584e-11  7.373201e+08  4.648550e+03
   477  2.496768e+00  2.492169e+00  4.550538e+00  2.261707e-08  2.998336e-03  6.781359e-11  8.074645e+08  4.895363e+03
   478  2.506014e+00  2.501416e+00  4.564753e+00  2.090718e-08  2.922547e-03  6.110221e-11  8.847566e+08  5.157210e+03
   479  2.515258e+00  2.510661e+00  4.578744e+00  1.931100e-08  2.848810e-03  5.501337e-11  9.702049e+08  5.435120e+03
   480  2.524502e+00  2.519905e+00  4.592517e+00  1.783300e-08  2.775322e-03  4.949233e-11  1.064434e+09  5.730260e+03
   481  2.533746e+00  2.529149e+00  4.606062e+00  1.645415e-08  2.703788e-03  4.448852e-11  1.168795e+09  6.043928e+03
   482  2.542984e+00  2.538389e+00  4.619369e+00  1.517557e-08  2.633047e-03  3.995797e-11  1.284180e+09  6.377369e+03
   483  2.552221e+00  2.547627e+00  4.632443e+00  1.398880e-08  2.563352e-03  3.585820e-11  1.411938e+09  6.732076e+03
   484  2.561454e+00  2.556862e+00  4.645273e+00  1.288442e-08  2.495305e-03  3.215056e-11  1.553722e+09  7.109663e+03
   485  2.570683e+00  2.566093e+00  4.657858e+00  1.186317e-08  2.427697e-03  2.880019e-11  1.710811e+09  7.511827e+03
   486  2.579908e+00  2.575320e+00  4.670191e+00  1.091279e-08  2.361888e-03  2.577480e-11  1.885534e+09  7.940459e+03
   487  2.589127e+00  2.584542e+00  4.682273e+00  1.003646e-08  2.296103e-03  2.304476e-11  2.079331e+09  8.397639e+03
   488  2.598342e+00  2.593759e+00  4.694093e+00  9.218907e-09  2.232728e-03  2.058331e-11  2.295634e+09  8.885578e+03
   489  2.607547e+00  2.602969e+00  4.705648e+00  8.464298e-09  2.169869e-03  1.836642e-11  2.536251e+09  9.406563e+03
   490  2.616745e+00  2.612170e+00  4.716936e+00  7.766168e-09  2.108022e-03  1.637125e-11  2.804501e+09  9.963279e+03
   491  2.625935e+00  2.621364e+00  4.727955e+00  7.120049e-09  2.047306e-03  1.457692e-11  3.104028e+09  1.055870e+04
   492  2.635115e+00  2.630549e+00  4.738698e+00  6.522988e-09  1.987546e-03  1.296474e-11  3.438704e+09  1.119596e+04
   493  2.644285e+00  2.639724e+00  4.749160e+00  5.968912e-09  1.929635e-03  1.151782e-11  3.813882e+09  1.187840e+04
   494  2.653440e+00  2.648886e+00  4.759340e+00  5.459970e-09  1.871911e-03  1.022058e-11  4.233184e+09  1.260972e+04
   495  2.662581e+00  2.658035e+00  4.769233e+00  4.988526e-09  1.815908e-03  9.058702e-12  4.704147e+09  1.339400e+04
   496  2.671705e+00  2.667167e+00  4.778833e+00  4.553846e-09  1.761004e-03  8.019340e-12  5.232889e+09  1.423554e+04
   497  2.680816e+00  2.676284e+00  4.788149e+00  4.155461e-09  1.706226e-03  7.090154e-12  5.825894e+09  1.513964e+04
   498  2.689905e+00  2.685384e+00  4.797166e+00  3.786155e-09  1.653514e-03  6.260462e-12  6.495276e+09  1.611165e+04
   499  2.698970e+00  2.694461e+00  4.805881e+00  3.445871e-09  1.602216e-03  5.521029e-12  7.250041e+09  1.715668e+04
